Loudness_sma3,alphaRatio_sma3,hammarbergIndex_sma3,slope0-500_sma3,slope500-1500_sma3,spectralFlux_sma3,mfcc1_sma3,mfcc2_sma3,mfcc3_sma3,mfcc4_sma3,F0semitoneFrom27.5Hz_sma3nz,jitterLocal_sma3nz,shimmerLocaldB_sma3nz,HNRdBACF_sma3nz,logRelF0-H1-H2_sma3nz,logRelF0-H1-A3_sma3nz,F1frequency_sma3nz,F1bandwidth_sma3nz,F1amplitudeLogRelF0_sma3nz,F2frequency_sma3nz,F2bandwidth_sma3nz,F2amplitudeLogRelF0_sma3nz,F3frequency_sma3nz,F3bandwidth_sma3nz,F3amplitudeLogRelF0_sma3nz
0.0010339657,0.0,0.0,0.13269739,0.022185652,0.0,0.0,0.0,0.0,0.0,0.0,0.0,0.0,0.0,0.0,0.0,0.0,0.0,-201.0,0.0,0.0,-201.0,0.0,0.0,-201.0
0.0010339657,0.0,0.0,0.13269739,0.022185652,0.0,0.0,0.0,0.0,0.0,0.0,0.0,0.0,0.0,0.0,0.0,0.0,0.0,-201.0,0.0,0.0,-201.0,0.0,0.0,-201.0
0.0010339657,0.0,0.0,0.13269739,0.022185652,0.0,0.0,0.0,0.0,0.0,0.0,0.0,0.0,0.0,0.0,0.0,0.0,0.0,-201.0,0.0,0.0,-201.0,0.0,0.0,-201.0
0.0010339657,0.0,0.0,0.13269739,0.022185652,0.0,0.0,0.0,0.0,0.0,0.0,0.0,0.0,0.0,0.0,0.0,0.0,0.0,-201.0,0.0,0.0,-201.0,0.0,0.0,-201.0
0.0010339657,0.0,0.0,0.13269739,0.022185652,0.0,0.0,0.0,0.0,0.0,0.0,0.0,0.0,0.0,0.0,0.0,0.0,0.0,-201.0,0.0,0.0,-201.0,0.0,0.0,-201.0
0.0010339657,0.0,0.0,0.13269739,0.022185652,0.0,0.0,0.0,0.0,0.0,0.0,0.0,0.0,0.0,0.0,0.0,0.0,0.0,-201.0,0.0,0.0,-201.0,0.0,0.0,-201.0
0.0010339657,0.0,0.0,0.13269739,0.022185652,0.0,0.0,0.0,0.0,0.0,0.0,0.0,0.0,0.0,0.0,0.0,0.0,0.0,-201.0,0.0,0.0,-201.0,0.0,0.0,-201.0
0.0010339657,0.0,0.0,0.13269739,0.022185652,0.0,0.0,0.0,0.0,0.0,0.0,0.0,0.0,0.0,0.0,0.0,0.0,0.0,-201.0,0.0,0.0,-201.0,0.0,0.0,-201.0
0.0010339657,0.0,0.0,0.13269739,0.022185652,0.0,0.0,0.0,0.0,0.0,0.0,0.0,0.0,0.0,0.0,0.0,0.0,0.0,-201.0,0.0,0.0,-201.0,0.0,0.0,-201.0
0.0010339657,0.0,0.0,0.13269739,0.022185652,0.0,0.0,0.0,0.0,0.0,0.0,0.0,0.0,0.0,0.0,0.0,0.0,0.0,-201.0,0.0,0.0,-201.0,0.0,0.0,-201.0
0.0010339657,0.0,0.0,0.13269739,0.022185652,0.0,0.0,0.0,0.0,0.0,0.0,0.0,0.0,0.0,0.0,0.0,0.0,0.0,-201.0,0.0,0.0,-201.0,0.0,0.0,-201.0
0.0010339657,0.0,0.0,0.13269739,0.022185652,0.0,0.0,0.0,0.0,0.0,0.0,0.0,0.0,0.0,0.0,0.0,0.0,0.0,-201.0,0.0,0.0,-201.0,0.0,0.0,-201.0
0.0010339657,0.0,0.0,0.13269739,0.022185652,0.0,0.0,0.0,0.0,0.0,0.0,0.0,0.0,0.0,0.0,0.0,0.0,0.0,-201.0,0.0,0.0,-201.0,0.0,0.0,-201.0
0.0010339657,0.0,0.0,0.13269739,0.022185652,0.0,0.0,0.0,0.0,0.0,0.0,0.0,0.0,0.0,0.0,0.0,0.0,0.0,-201.0,0.0,0.0,-201.0,0.0,0.0,-201.0
0.0010903907,1.9609069,-1.7257314e-07,0.11908535,0.019909859,4.75388e-06,-1.8079515,1.1464312,-0.14776321,0.07855017,0.0,0.0,0.0,0.0,0.0,0.0,0.0,0.0,-201.0,0.0,0.0,-201.0,0.0,0.0,-201.0
0.0020645503,3.1717865,0.2910741,0.099423654,0.016527299,3.3981905e-05,-2.4720554,-1.0355452,0.28122076,-0.83706695,0.0,0.0,0.0,0.0,0.0,0.0,500.10657,826.29297,-201.0,1440.748,834.19214,-201.0,2385.9917,777.4794,-201.0
0.0034403335,4.8670354,0.049669027,0.07767231,0.010229631,6.0791877e-05,-4.9144444,-1.8962394,0.5312537,-2.1000788,0.0,0.0,0.0,0.0,0.0,0.0,511.47696,767.1101,-201.0,1455.9224,765.0866,-201.0,2403.5923,730.4487,-201.0
0.0046813875,4.341083,-0.11479151,0.07179994,0.0074284854,8.359764e-05,-4.338506,-3.5903137,2.0460484,-2.2346098,0.0,0.0,0.0,0.0,0.0,0.0,495.44458,827.2617,-201.0,1425.1553,716.66376,-201.0,2423.2507,654.4279,-201.0
0.0050945464,4.661243,-0.30825466,0.07522572,0.0040108752,8.302205e-05,-5.3740616,-2.0537252,1.5057975,-2.774966,0.0,0.0,0.0,0.0,0.0,0.0,476.20602,925.8011,-201.0,1406.3472,700.83325,-201.0,2426.533,710.7391,-201.0
0.0052105538,4.187643,-0.34296736,0.07523025,0.0036793535,8.578304e-05,-4.9439583,-0.8135278,1.494854,-2.1337595,0.0,0.0,0.0,0.0,0.0,0.0,465.02536,960.8166,-201.0,1401.4962,656.14355,-201.0,2442.4573,756.8007,-201.0
0.0057951133,4.5527234,0.69753474,0.08277831,0.006912498,9.84724e-05,-5.63476,-3.271205,-1.1815273,-3.118843,0.0,0.0,0.0,0.0,0.0,0.0,414.73807,975.4558,-201.0,1416.2523,668.1794,-201.0,2452.7046,858.21924,-201.0
0.006420909,3.8149834,0.7193441,0.07780358,0.008509182,0.00011425657,-3.7519958,-4.350721,-2.4228983,-0.37691846,0.0,0.0,0.0,0.0,0.0,0.0,417.64767,979.8908,-201.0,1420.0397,707.7973,-201.0,2403.9219,917.7858,-201.0
0.0077930302,2.861971,1.4631201,0.090900354,0.00737562,0.00018056622,-2.0038304,-4.9663205,-1.6271044,-2.5917892,0.0,0.0,0.0,0.0,0.0,0.0,714.4803,909.87286,-201.0,1722.3003,933.12476,-201.0,2694.4333,755.2666,-201.0
0.009187822,1.4411201,1.3032176,0.104533754,0.0010174572,0.00023265455,-1.4371172,-4.14064,-1.4100813,-5.9734674,0.0,0.0,0.0,0.0,0.0,0.0,1061.9034,858.50116,-201.0,1924.5922,1102.4513,-201.0,2932.702,638.95734,-201.0
0.010715783,1.0365505,2.109867,0.109513015,-0.0029860586,0.00027819973,-2.1922085,-4.1070113,0.80158377,-10.130952,0.0,0.0,0.0,0.0,0.0,0.0,1337.7119,683.4814,-201.0,2222.4219,1024.3002,-201.0,3301.9114,452.39157,-201.0
0.011897691,1.336495,3.0517902,0.09936717,-0.0035128677,0.0002812286,-1.7697512,-5.740416,0.48470917,-9.676273,0.0,0.0,0.0,0.0,0.0,0.0,939.1474,1006.16486,-201.0,1877.5186,939.23663,-201.0,2954.3535,684.7723,-201.0
0.012330454,0.83742887,5.309461,0.09345587,-0.001877614,0.0003129699,0.771239,-4.7019486,0.2391464,-7.9412894,0.0,0.0,0.0,0.0,0.0,0.0,940.8294,1231.1881,-201.0,1783.6416,1091.4209,-201.0,2978.5671,780.0776,-201.0
0.013112281,1.6499796,6.1540217,0.09656263,-0.004085191,0.00035743532,1.311745,-4.90938,-0.7685053,-5.991631,0.0,0.0,0.0,0.0,0.0,0.0,636.95386,1372.5072,-201.0,1499.7421,1035.5707,-201.0,2718.4338,895.14606,-201.0
0.0134350145,2.3186064,3.3364441,0.10203126,-0.0016179028,0.00041233716,1.4455609,-5.696975,0.2914977,-5.1909184,0.0,0.0,0.0,0.0,0.0,0.0,1050.1906,1174.1703,-201.0,1757.7233,1318.7506,-201.0,3012.0986,755.93726,-201.0
0.014692743,4.304228,-1.9005346,0.089681536,-0.0024439993,0.0004337216,0.7415695,-8.633803,2.9393044,-3.842077,0.0,0.0,0.0,0.0,0.0,0.0,951.8055,993.6795,-201.0,1802.659,1035.2506,-201.0,2964.1663,613.5101,-201.0
0.01572665,4.9692254,-6.2906127,0.09242537,-0.0028258495,0.0004753815,0.31241342,-9.137336,7.2979865,-4.6693954,0.0,0.0,0.0,0.0,0.0,0.0,919.7632,1048.766,-201.0,1799.9181,971.2563,-201.0,2965.6062,685.7524,-201.0
0.016623568,5.778792,-6.4992175,0.110380806,-0.004341494,0.00046991976,-1.4311934,-8.883721,9.009011,-4.630995,0.0,0.0,0.0,0.0,0.0,0.0,561.4357,1111.5991,-201.0,1557.502,500.33145,-201.0,2734.088,848.6555,-201.0
0.017272811,5.0188036,-4.015694,0.12607116,-0.005810658,0.0005025033,-2.67688,-6.285787,12.461865,-6.3894143,0.0,0.0,0.0,0.0,0.0,0.0,649.3093,859.9333,-201.0,1754.9941,489.84497,-201.0,2801.3196,958.0888,-201.0
0.018676192,5.1245375,-3.663142,0.12852849,-0.001620503,0.0006103941,-2.1476874,-7.686329,13.297619,-6.9365125,0.0,0.0,0.0,0.0,0.0,0.0,630.5507,892.9053,-201.0,1751.0405,525.3577,-201.0,2813.5793,910.8044,-201.0
0.020100376,4.5434856,-4.6553655,0.11569744,-0.0025301247,0.00072046806,0.32703128,-8.52325,9.701327,-6.5292563,0.0,0.0,0.0,0.0,0.0,0.0,857.7502,821.77997,-201.0,1930.5938,644.9046,-201.0,3025.2551,710.3149,-201.0
0.021874545,4.738223,-7.7180333,0.10189108,-0.0033720077,0.00076733856,1.4758095,-8.983691,7.1834884,-5.4514174,0.0,0.0,0.0,0.0,0.0,0.0,537.6538,1113.7974,-201.0,1615.4551,544.3004,-201.0,2750.9646,960.20184,-201.0
0.02280221,4.6879,-8.354439,0.10577619,-0.011650487,0.0007512493,0.78563136,-6.8648973,3.2593088,-7.37484,0.0,0.0,0.0,0.0,0.0,0.0,581.2437,1016.2942,-201.0,1666.7614,539.6817,-201.0,2660.287,1219.1147,-201.0
0.02463533,5.6406693,-8.744687,0.117585756,-0.013889681,0.00078697706,-1.0060872,-7.6392236,5.5306873,-10.514695,0.0,0.0,0.0,0.0,0.0,0.0,358.819,1010.54364,-201.0,1533.1473,430.43808,-201.0,2519.2598,1472.5599,-201.0
0.02623267,6.237654,-8.20285,0.1185301,-0.015995,0.00081132405,-0.82832766,-11.236336,5.666598,-11.781658,0.0,0.0,0.0,0.0,0.0,0.0,342.91064,1045.8312,-201.0,1545.8307,478.77026,-201.0,2607.5618,1303.9886,-201.0
0.026910184,4.6758637,-4.850994,0.10796523,-0.013024059,0.00092373934,1.6752458,-11.992668,5.707232,-8.376859,0.0,0.0,0.0,0.0,0.0,0.0,357.608,1028.1249,-201.0,1512.7672,532.1694,-201.0,2625.2424,1051.1073,-201.0
0.026356911,2.4049945,-0.9677995,0.09805095,-0.013837434,0.00090000563,3.0320618,-11.1803665,2.067568,-8.502081,0.0,0.0,0.0,0.0,0.0,0.0,282.24484,1155.2877,-201.0,1476.3682,649.15826,-201.0,2490.2356,1001.0417,-201.0
0.027098687,1.4442825,0.6878882,0.09823682,-0.014304665,0.0010669492,2.988375,-8.8578825,2.197633,-10.175889,0.0,0.0,0.0,0.0,0.0,0.0,306.11423,1005.8831,-201.0,1457.4252,532.7381,-201.0,2405.4663,892.7419,-201.0
0.029764086,1.9755062,0.044598777,0.11191136,-0.015740452,0.0012493967,1.3693784,-10.11556,3.1918604,-16.37691,0.0,0.0,0.0,0.0,0.0,0.0,269.92172,980.6053,-201.0,1470.7274,438.7843,-201.0,2455.7976,927.43896,-201.0
0.033961512,2.9515808,-1.4960586,0.11678479,-0.0138814235,0.0015420626,1.9098612,-11.889817,3.8016331,-14.856533,0.0,0.0,0.0,0.0,0.0,0.0,594.98755,1373.309,-201.0,1583.1128,488.48227,-201.0,2798.4473,918.69965,-201.0
0.037674744,2.8026264,-0.93893176,0.13372363,-0.010620065,0.0015959507,2.5669434,-13.580777,3.4033806,-15.143722,0.0,0.0,0.0,0.0,0.0,0.0,585.60095,1494.692,-201.0,1613.4972,621.0025,-201.0,2800.952,1345.8414,-201.0
0.039894797,2.3120823,-0.1372989,0.132991,-0.0067399987,0.001552868,4.126087,-14.694873,2.4097486,-12.985799,0.0,0.0,0.0,0.0,0.0,0.0,825.3245,2339.1455,-201.0,1636.5249,852.5179,-201.0,2917.877,1304.6647,-201.0
0.040826645,1.0714046,1.490414,0.14325218,-0.011660679,0.0016551074,4.1426396,-13.515659,2.1205013,-14.658816,0.0,0.0,0.0,0.0,0.0,0.0,492.49265,2015.5592,-201.0,1541.9703,792.1661,-201.0,2689.3218,1216.755,-201.0
0.04261169,-0.005323867,3.3927097,0.13124467,-0.014245204,0.0020871956,5.420475,-12.312084,1.0195838,-13.672248,0.0,0.0,0.0,0.0,0.0,0.0,736.7741,2645.8096,-201.0,1529.9237,849.7678,-201.0,2782.9094,870.1181,-201.0
0.04489998,-0.5556107,5.5614305,0.1349603,-0.013867948,0.0023704139,5.3343678,-12.2147875,-0.65457964,-12.011577,0.0,0.0,0.0,0.0,0.0,0.0,842.3582,1783.5947,-201.0,1753.6127,998.20074,-201.0,2891.1965,868.2121,-201.0
0.048134465,-0.9064444,7.1116447,0.11767671,-0.012847401,0.0025432038,6.326702,-12.735374,1.6492101,-12.2181425,0.0,0.0,0.0,0.0,0.0,0.0,1265.3561,1600.1445,-201.0,2005.9796,1391.2803,-201.0,2991.9297,945.5236,-201.0
0.049982738,-2.0190477,8.638283,0.13836654,-0.012680858,0.0029236665,6.629162,-12.870978,-0.68071157,-13.603195,0.0,0.0,0.0,0.0,0.0,0.0,1280.2362,908.5004,-201.0,2202.7043,1417.3071,-201.0,3102.8684,930.06635,-201.0
0.05309886,-1.8610663,6.185688,0.14097597,-0.014315121,0.0034208253,8.269375,-14.018993,0.9329478,-13.092084,0.0,0.0,0.0,0.0,0.0,0.0,1200.4586,940.487,-201.0,2079.22,1219.5983,-201.0,3009.3962,830.5161,-201.0
0.058811307,-2.3471587,4.709893,0.15625148,-0.015603043,0.004329951,8.4823475,-16.670473,-2.8420174,-16.559198,0.0,0.0,0.0,0.0,0.0,0.0,1107.9955,971.8098,-201.0,1990.2726,873.1276,-201.0,3072.4358,697.21967,-201.0
0.06486918,-3.8564785,4.872178,0.14575493,-0.022163153,0.0060191336,8.884727,-16.42907,-4.7029343,-18.535257,0.0,0.0,0.0,0.0,0.0,0.0,1114.0436,1002.86475,-201.0,1941.2548,814.0847,-201.0,3115.9167,546.476,-201.0
0.07070788,-6.8189416,8.169795,0.14323324,-0.028618013,0.0062900516,9.06635,-16.710852,-10.345445,-27.155197,0.0,0.0,0.0,0.0,0.0,0.0,1104.7635,1056.4457,-201.0,1961.1903,745.00073,-201.0,3199.8455,474.75058,-201.0
0.07715013,-9.210373,11.587753,0.13817005,-0.03281252,0.0073671895,9.863021,-15.387446,-10.812965,-29.812538,0.0,0.0,0.0,0.0,0.0,0.0,1119.9415,1181.8502,-201.0,1913.502,793.41815,-201.0,3141.7195,621.0217,-201.0
0.080791734,-9.744179,12.965743,0.1421103,-0.033643965,0.0058638104,10.287227,-17.02253,-9.832873,-31.56588,0.0,0.0,0.0,0.0,0.0,0.0,1152.4205,1221.4775,-201.0,1903.9551,950.0534,-201.0,3082.659,848.83276,-201.0
0.08518916,-9.987597,14.009819,0.13937728,-0.033132657,0.0058566057,9.546989,-16.592299,-6.5045943,-30.784546,0.0,0.0,0.0,0.0,0.0,0.0,1240.244,1153.7384,-201.0,1924.5117,1410.1879,-201.0,2918.586,997.3372,-201.0
0.089218535,-9.3957615,14.086619,0.13663475,-0.033724464,0.0059144455,9.648052,-17.97711,-8.517696,-31.710403,0.0,0.0,0.0,0.0,0.0,0.0,1184.6935,1094.755,-201.0,1917.7988,1393.4541,-201.0,2866.8406,838.24414,-201.0
0.09636339,-8.740566,14.381821,0.13415486,-0.033184472,0.00790445,9.344771,-18.911829,-13.790189,-37.4612,0.0,0.0,0.0,0.0,0.0,0.0,1077.7343,1039.2759,-201.0,1899.669,1242.9144,-201.0,2816.0671,701.5672,-201.0
0.10108366,-7.9126935,13.115628,0.1242671,-0.035972368,0.00886931,9.50719,-19.583038,-18.995356,-40.1073,0.0,0.0,0.0,0.0,0.0,0.0,948.7246,1032.9677,-201.0,1884.8414,730.25494,-201.0,2969.9265,573.7922,-201.0
0.10046079,-6.960913,10.594444,0.11802586,-0.034357455,0.008127361,8.55884,-17.636381,-21.59198,-39.314144,0.0,0.0,0.0,0.0,0.0,0.0,921.2774,915.2933,-201.0,1932.8478,574.1386,-201.0,3053.5657,597.54376,-201.0
0.09721143,-5.826475,7.802218,0.09947666,-0.032720238,0.0065522077,8.670105,-17.261726,-20.540686,-29.981405,0.0,0.0,0.0,0.0,0.0,0.0,926.18976,941.7198,-201.0,1945.3248,542.3857,-201.0,3127.8967,650.6663,-201.0
0.096106015,-5.4098053,8.582812,0.10118572,-0.029448956,0.006116793,8.801753,-15.992902,-19.683657,-24.657549,0.0,0.0,0.0,0.0,0.0,0.0,952.82404,1055.731,-201.0,1945.2155,663.0632,-201.0,3142.9473,742.1221,-201.0
0.095597446,-5.545095,11.025666,0.10852197,-0.02707447,0.005638381,9.798469,-16.797493,-17.73538,-23.862762,0.0,0.0,0.0,0.0,0.0,0.0,992.8649,1158.2775,-201.0,1973.3112,798.2551,-201.0,3218.422,722.50507,-201.0
0.09845408,-5.5100937,12.391852,0.13243026,-0.025189852,0.0054801037,10.525731,-17.114262,-15.422265,-26.021585,0.0,0.0,0.0,0.0,0.0,0.0,1033.3467,1262.5658,-201.0,1964.1405,1001.8875,-201.0,3146.0598,753.1158,-201.0
0.10124802,-5.029236,12.2803955,0.13965188,-0.024163732,0.005210264,9.899651,-18.959576,-15.666122,-27.818748,0.0,0.0,0.0,0.0,0.0,0.0,1111.1864,1220.52,-201.0,2026.9667,1078.0044,-201.0,3146.7188,641.06305,-201.0
0.10759885,-4.0845337,11.011416,0.12948368,-0.021623487,0.0059090797,9.383729,-20.484732,-16.499857,-24.308065,0.0,0.0,0.0,0.0,0.0,0.0,1134.0182,1196.4303,-201.0,2005.0387,1136.7623,-201.0,3082.4092,756.1689,-201.0
0.112748,-3.342921,9.136253,0.11027189,-0.023066273,0.006607096,8.422059,-21.81527,-16.760412,-21.9356,0.0,0.0,0.0,0.0,0.0,0.0,1151.3749,1097.4764,-201.0,2010.0187,1029.1342,-201.0,3134.28,744.0289,-201.0
0.116934575,-2.73468,7.293388,0.10719747,-0.02207542,0.0069114976,7.541412,-22.677668,-14.084689,-21.093908,0.0,0.0,0.0,0.0,0.0,0.0,1114.2085,1086.7449,-201.0,1904.2661,994.3137,-201.0,3007.9834,834.2482,-201.0
0.116671704,-3.1092174,6.017725,0.11556485,-0.024396481,0.006768249,6.6492715,-21.015757,-10.534557,-25.131735,0.0,0.0,0.0,0.0,0.0,0.0,1163.4923,1056.4683,-201.0,2067.938,961.63116,-201.0,2958.1394,1097.4012,-201.0
0.109206855,-4.0325875,7.840776,0.113329686,-0.022286633,0.0070071355,6.052139,-18.237803,-12.499141,-28.864029,0.0,0.0,0.0,0.0,0.0,0.0,1203.6062,1004.48755,-201.0,2240.7969,861.4598,-201.0,3060.929,1206.8359,-201.0
0.10192359,-4.9639783,9.105582,0.12014264,-0.023310022,0.0066054105,7.2014527,-16.710016,-14.522519,-30.218292,0.0,0.0,0.0,0.0,0.0,0.0,1212.3496,998.2005,-201.0,2367.2703,866.1157,-201.0,3188.0576,1297.832,-201.0
0.09962922,-4.379606,8.459182,0.11850872,-0.024838934,0.006496126,7.869793,-16.36023,-14.303177,-25.44365,0.0,0.0,0.0,0.0,0.0,0.0,1145.4578,1054.7462,-201.0,2183.517,873.83026,-201.0,3187.7227,1027.461,-201.0
0.10707047,-3.069082,5.433262,0.11842389,-0.02391944,0.006109014,7.880772,-18.316704,-11.540203,-21.794807,0.0,0.0,0.0,0.0,0.0,0.0,1081.6401,1082.5527,-201.0,2013.1572,930.2785,-201.0,3084.0183,955.803,-201.0
0.111705124,-2.4190118,3.9329994,0.10435122,-0.023727119,0.006746506,7.124232,-18.690996,-10.310271,-19.426865,0.0,0.0,0.0,0.0,0.0,0.0,1137.5658,1222.4229,-201.0,1908.9121,1079.7074,-201.0,3029.61,905.1091,-201.0
0.112620585,-3.1309757,5.939667,0.0998784,-0.024907775,0.006788133,6.037523,-18.37655,-11.51962,-23.651201,0.0,0.0,0.0,0.0,0.0,0.0,832.55963,1223.638,-201.0,1731.8481,1010.70557,-201.0,2853.9163,801.3516,-201.0
0.11171099,-3.6170673,6.0854278,0.109848164,-0.028923668,0.007628955,5.8192,-17.436598,-10.4088335,-27.336624,0.0,0.0,0.0,0.0,0.0,0.0,851.7635,1451.3424,-201.0,1712.039,991.15656,-201.0,2876.449,676.6646,-201.0
0.112359226,-2.8343823,3.792471,0.109342545,-0.030887365,0.0075827506,5.8483067,-16.529974,-8.759107,-26.83744,0.0,0.0,0.0,0.0,0.0,0.0,730.552,1407.6305,-201.0,1691.1265,730.3991,-201.0,2857.6077,635.83636,-201.0
0.11870197,-1.2867407,-0.27649617,0.09996214,-0.030265665,0.007874851,6.206461,-16.697601,-4.605591,-24.697296,0.0,0.0,0.0,0.0,0.0,0.0,958.82227,1756.2584,-201.0,1798.1722,680.8162,-201.0,3035.9128,724.5948,-201.0
0.11843439,-0.99112993,-0.6948221,0.090468615,-0.030457182,0.0076454654,4.7386146,-16.511152,-5.0896473,-25.884575,0.0,0.0,0.0,0.0,0.0,0.0,980.23,2059.1973,-201.0,1748.1771,671.1707,-201.0,3058.7383,724.6604,-201.0
0.1185961,-1.3981746,2.202771,0.089057185,-0.028408067,0.008562903,3.7014885,-14.911542,-4.7787805,-26.565155,0.0,0.0,0.0,0.0,0.0,0.0,746.3489,1981.9106,-201.0,1642.3492,653.5798,-201.0,2967.786,776.24677,-201.0
0.1187042,-1.1483444,4.245445,0.09644941,-0.023260124,0.009524305,2.5071974,-15.425972,-5.1555157,-26.777082,0.0,0.0,0.0,0.0,0.0,0.0,583.07623,1501.2638,-201.0,1576.9738,594.3853,-201.0,2820.8098,712.1821,-201.0
0.12194777,-0.3224547,5.7806764,0.09610181,-0.016307367,0.009052669,2.1555998,-17.352724,-3.6437643,-23.948084,0.0,0.0,0.0,0.0,0.0,0.0,688.4903,848.4068,-201.0,1856.0874,717.8265,-201.0,2905.1316,893.5295,-201.0
0.12632112,1.3033959,2.9298894,0.09694612,-0.011183213,0.0091619855,1.8408407,-18.926779,-1.3840984,-21.980406,0.0,0.0,0.0,0.0,0.0,0.0,665.2647,852.8232,-201.0,1842.3271,755.5501,-201.0,2831.9211,925.499,-201.0
0.12559658,1.6260552,2.188737,0.09604934,-0.010864601,0.0091551645,1.8974762,-18.255934,-1.9707953,-18.655466,0.0,0.0,0.0,0.0,0.0,0.0,1079.6636,872.59247,-201.0,2288.8364,1032.1693,-201.0,2947.3533,2234.3005,-201.0
0.12966126,2.6220877,-0.104263425,0.09180383,-0.011912726,0.009941094,0.98502225,-15.399551,-0.1674614,-17.78665,0.0,0.0,0.0,0.0,0.0,0.0,1072.024,800.53876,-201.0,2249.9587,1025.3916,-201.0,2939.088,2051.7717,-201.0
0.13404812,3.0722828,0.14734142,0.09559766,-0.014606473,0.010197741,0.26705867,-16.127775,1.2377812,-16.847168,0.0,0.0,0.0,0.0,0.0,0.0,1481.2013,600.6389,-201.0,2608.3396,1123.189,-201.0,3228.263,2214.286,-201.0
0.1404368,4.176562,-1.42124,0.10033125,-0.016046835,0.011650309,0.6009299,-17.07549,3.7046673,-15.552096,0.0,0.0,0.0,0.0,0.0,0.0,1401.1927,624.53186,-201.0,2363.2844,1114.9996,-201.0,3434.9854,882.56934,-201.0
0.14016981,3.383772,-0.23765795,0.10280746,-0.017143548,0.012748697,1.9339509,-18.807589,0.41324267,-12.896718,0.0,0.0,0.0,0.0,0.0,0.0,1380.496,742.89874,-201.0,2271.4915,1100.675,-201.0,3441.8083,738.76996,-201.0
0.13919383,1.6487913,1.8207387,0.09777909,-0.019782932,0.013617791,3.1527278,-15.888305,-1.9364184,-15.527247,0.0,0.0,0.0,0.0,0.0,0.0,1021.70874,839.01056,-201.0,1919.355,870.11865,-201.0,3164.9062,427.00967,-201.0
0.14326985,0.20259993,3.391496,0.08856129,-0.025293559,0.013895574,2.4807737,-14.832619,-1.051998,-23.076044,0.0,0.0,0.0,0.0,0.0,0.0,678.65656,815.6599,-201.0,1719.6768,507.75244,-201.0,2862.9023,431.17004,-201.0
0.15213695,0.5017984,1.6819015,0.096521676,-0.028776059,0.012957337,2.2949393,-13.536819,4.1542134,-25.384827,0.0,0.0,0.0,0.0,0.0,0.0,243.49849,930.81964,-201.0,1485.684,250.3166,-201.0,2566.4885,657.81744,-201.0
0.15840942,0.760962,0.9066537,0.10023103,-0.028022273,0.013279137,1.2895104,-13.948667,3.4285061,-24.954956,0.0,0.0,0.0,0.0,0.0,0.0,199.97144,1015.6751,-201.0,1477.9728,282.1566,-201.0,2562.6255,694.44806,-201.0
0.15250368,0.73436356,0.3377856,0.11073833,-0.026698584,0.0126446,1.0923983,-11.273938,0.53061277,-23.524527,0.0,0.0,0.0,0.0,0.0,0.0,605.6685,989.88995,-201.0,1732.9883,646.6032,-201.0,2846.7024,656.83295,-201.0
0.14737569,0.42857108,1.1764021,0.09936891,-0.02755382,0.013811052,1.0585738,-9.139829,0.50486594,-23.642385,0.0,0.0,0.0,0.0,0.0,0.0,670.3948,971.92426,-201.0,1759.3639,677.06714,-201.0,2865.9714,656.0675,-201.0
0.14147803,0.8961372,-0.6459077,0.08238078,-0.026741827,0.013334397,1.4220114,-7.5557485,1.5865184,-22.03537,0.0,0.0,0.0,0.0,0.0,0.0,707.5157,970.904,-201.0,1812.8262,684.2749,-201.0,2965.1848,1169.058,-201.0
0.14557041,2.0201256,-1.8705412,0.067531504,-0.020811852,0.013218018,1.4141487,-10.635507,1.9879416,-18.5487,0.0,0.0,0.0,0.0,0.0,0.0,288.2081,1050.494,-201.0,1570.5436,440.33218,-201.0,2618.1594,1480.4418,-201.0
0.15406273,2.8802636,-2.6778662,0.06640915,-0.014641347,0.01336614,2.0764434,-14.234059,1.4950185,-15.619679,0.0,0.0,0.0,0.0,0.0,0.0,268.69748,1103.3801,-201.0,1571.5013,537.60675,-201.0,2657.0154,1503.4673,-201.0
0.17150097,3.7569325,-2.2488415,0.08461058,-0.0099087125,0.01431222,2.3025181,-20.198233,-0.17770131,-15.331921,0.0,0.0,0.0,0.0,0.0,0.0,491.2545,1155.608,-201.0,1622.4274,688.29517,-201.0,2648.117,986.6533,-201.0
0.17489912,2.3873699,1.6591067,0.09693426,-0.011325345,0.016550014,4.8104444,-20.228354,-2.4706683,-14.852783,0.0,0.0,0.0,0.0,0.0,0.0,503.27335,1218.11,-201.0,1557.9926,836.44586,-201.0,2646.008,792.2635,-201.0
0.16993333,0.45117688,5.166224,0.102351286,-0.011004339,0.015909052,6.2674184,-16.643646,-8.59428,-14.009487,0.0,0.0,0.0,0.0,0.0,0.0,841.42267,1244.4725,-201.0,1754.2311,945.5861,-201.0,2891.543,703.16205,-201.0
0.16495979,-0.4696907,4.8957467,0.10410288,-0.014870726,0.016715715,7.3587623,-12.942318,-8.47914,-12.350638,0.0,0.0,0.0,0.0,0.0,0.0,889.1758,1467.164,-201.0,1726.165,951.80646,-201.0,2949.7136,761.366,-201.0
0.17576383,0.29460534,1.221893,0.11984845,-0.013826374,0.014507695,5.2091947,-14.479283,-8.185055,-13.467063,0.0,0.0,0.0,0.0,0.0,0.0,819.5679,1534.752,-201.0,1791.9619,867.72144,-201.0,2946.257,1200.9408,-201.0
0.19055152,1.6697434,-1.6353468,0.11981919,-0.018829836,0.015471335,3.4405308,-17.104216,-4.278336,-17.572582,0.0,0.0,0.0,0.0,0.0,0.0,933.9545,1335.4594,-201.0,1865.976,1343.8499,-201.0,2831.707,1257.9064,-201.0
0.1942246,1.6144495,-0.7503932,0.12133315,-0.020815529,0.013872734,2.8101108,-16.722078,-3.562369,-22.456545,0.0,0.0,0.0,0.0,0.0,0.0,964.0124,1360.1578,-201.0,1890.1996,1303.7167,-201.0,2910.2932,1094.0841,-201.0
0.18774219,0.16970126,1.715118,0.10271249,-0.021638319,0.01640596,3.9480941,-11.578795,-4.6229796,-21.858927,0.0,0.0,0.0,0.0,0.0,0.0,1288.1967,1244.8339,-201.0,2048.5413,1304.5815,-201.0,3184.3699,461.97757,-201.0
0.18502052,-0.94157916,4.0324802,0.11536443,-0.022541195,0.017656455,3.6243212,-9.685378,-8.055931,-22.00088,0.0,0.0,0.0,0.0,0.0,0.0,1211.8612,1314.4545,-201.0,2037.1324,909.71844,-201.0,3266.1523,378.10037,-201.0
0.1903361,-1.067622,4.486952,0.102021605,-0.022444548,0.018406058,3.7876446,-9.859912,-8.553811,-17.17048,0.0,0.0,0.0,0.0,0.0,0.0,1277.2528,958.76605,-201.0,2194.9714,1079.474,-201.0,3317.1614,492.59888,-201.0
0.203071,0.22263066,2.6755104,0.10136039,-0.026277935,0.01733802,2.7632945,-12.6748705,-8.577821,-16.455343,0.0,0.0,0.0,0.0,0.0,0.0,1254.8698,982.59784,-201.0,2147.5242,1078.623,-201.0,3294.1357,644.5047,-201.0
0.20885734,1.0441272,0.8304033,0.10284164,-0.026344324,0.015255486,3.7459152,-13.804688,-6.607403,-13.004205,0.0,0.0,0.0,0.0,0.0,0.0,1193.5383,1239.4854,-201.0,1979.7828,1001.6871,-201.0,3266.639,679.9527,-201.0
0.2122593,1.201262,1.7398219,0.10777003,-0.026949214,0.017205626,3.4880059,-13.5671835,-8.095038,-12.611916,0.0,0.0,0.0,0.0,0.0,0.0,776.2574,1319.2399,-201.0,1700.7928,801.28326,-201.0,2961.7053,795.1509,-201.0
0.20752406,0.32591662,5.5218453,0.10193628,-0.026170524,0.016817726,4.220938,-12.699662,-9.131325,-11.819366,0.0,0.0,0.0,0.0,0.0,0.0,563.9179,1247.0137,-201.0,1548.414,781.323,-201.0,2746.8613,817.14966,-201.0
0.2048307,-0.9408483,7.809656,0.08281932,-0.026468806,0.020468289,3.1679008,-11.539657,-8.382241,-16.182514,0.0,0.0,0.0,0.0,0.0,0.0,250.47981,1012.45856,-201.0,1423.9789,607.5181,-201.0,2472.077,817.3306,-201.0
0.20767756,-2.0903766,7.8739433,0.08101664,-0.028964246,0.021463752,4.209925,-10.545781,-3.0828736,-19.859589,0.0,0.0,0.0,0.0,0.0,0.0,299.7097,946.0501,-201.0,1456.8058,506.66397,-201.0,2499.8958,786.8896,-201.0
0.21358848,-2.0703216,5.2518125,0.07166185,-0.031680193,0.022897327,4.2197022,-10.889732,2.4296913,-22.382807,0.0,0.0,0.0,0.0,0.0,0.0,300.14017,909.4416,-201.0,1494.2396,379.93362,-201.0,2536.132,791.5464,-201.0
0.22248195,-1.0752468,3.5653763,0.07881781,-0.02789176,0.022553332,3.6676064,-12.394568,3.509324,-22.57698,0.0,0.0,0.0,0.0,0.0,0.0,317.982,848.79443,-201.0,1512.068,305.46768,-140.9927,2553.3076,873.0764,-134.55293
0.21969362,0.24493551,2.734289,0.06946553,-0.018948525,0.02256419,1.732864,-14.929169,3.405728,-19.521574,56.960938,0.018688438,2.0835147,1.8707166,-19.050564,-19.050564,283.35202,844.10767,0.0,1496.7848,301.57626,-80.83819,2548.5002,838.28827,-68.13782
0.22942674,0.9510338,2.4553578,0.0840284,-0.015289933,0.023402045,0.72146416,-15.103766,3.6130207,-16.778988,56.987427,0.03169988,1.8155586,1.798041,-19.680412,-19.680412,236.61089,939.0555,0.0,1484.539,355.191,-21.279001,2564.0393,849.59375,-1.5985894
0.23082054,1.7753983,1.6129156,0.07717607,-0.01515467,0.023780605,1.2856827,-15.372699,5.6065574,-10.815497,57.02715,0.037992105,1.6229099,1.599474,-20.357292,-16.010904,652.8301,893.64404,0.0,1750.1349,1527.8037,-14.589339,2645.8171,840.1939,-5.695089
0.23620309,1.7410203,1.1631066,0.09299282,-0.024498446,0.024620213,1.3951278,-12.227905,6.5585785,-15.06898,57.050198,0.035460826,1.5692278,0.8308026,-20.206244,-15.859856,690.4134,853.2749,-22.259083,1769.316,1473.9908,-14.044167,2672.4397,827.3162,-5.300965
0.2291221,1.5467094,0.9491914,0.0989529,-0.023826385,0.023441464,0.26483393,-12.15656,4.8783264,-19.43382,57.048595,0.037788626,1.7708836,-0.1566646,-16.474287,-12.127899,706.0119,778.4113,0.0,1780.792,1393.8707,-9.982212,2659.7112,903.866,-4.970966
0.22802617,0.59965295,1.2277366,0.09823539,-0.026092248,0.022946948,0.44163215,-7.6313305,2.7825794,-23.421976,57.039818,0.04274158,1.9980938,-0.6555472,-14.036451,-14.036451,319.9919,870.65814,0.0,1566.2333,278.19333,-76.67917,2585.1733,1294.334,-67.32154
0.23749094,0.99153066,0.3363968,0.10265762,-0.02001842,0.024144659,1.0402774,-11.124771,-0.8704157,-20.435328,0.0,0.0,0.0,0.0,0.0,0.0,617.22125,1327.7721,-201.0,1584.9424,486.7863,-137.37886,2656.5166,1341.5546,-134.13078
0.24253589,0.97723293,0.6523313,0.08866733,-0.01971016,0.025847444,3.3673046,-11.297317,-1.2037803,-15.354099,0.0,0.0,0.0,0.0,0.0,0.0,1009.4014,1301.7456,-137.27586,1894.869,821.56665,-135.0661,3017.8262,1181.2292,-137.05841
0.24404402,0.6137838,1.1333517,0.09865809,-0.019392839,0.027496496,3.180104,-13.16525,-2.6772788,-13.1645,57.000988,0.0,1.5021708,-3.053584,-9.936292,-5.964168,1345.2018,1263.4225,-76.11709,2107.4158,1143.5613,-69.4929,3266.6511,834.8984,-72.14097
0.23764856,0.3071498,1.8890209,0.09767,-0.020983264,0.026054615,3.0726054,-11.921703,-4.2008095,-10.679128,57.008472,0.031062208,1.8423404,-2.1129148,-7.7628684,-5.6843524,1396.6123,753.52924,-12.295848,2344.0803,1197.0996,-4.5329795,3460.1628,658.8721,-6.6114945
0.24304883,0.4336921,2.548989,0.11327823,-0.021387018,0.028019495,1.9291692,-10.946731,-3.1737442,-11.3470955,57.022762,0.023947863,2.1520936,-1.1509283,-5.479679,-5.393473,1004.45526,827.322,-13.529964,2008.3617,941.44586,-6.286267,3037.1833,757.6924,-6.44589
0.25164026,1.7482351,1.7280318,0.0954153,-0.018540736,0.032861724,2.2592313,-12.173467,1.3703676,-10.240185,57.03214,0.013634995,1.9672346,-1.2337537,-0.4032863,-2.5799258,650.755,912.9536,0.0,1764.2135,663.0781,-7.89413,2818.6516,707.85077,-6.4528775
0.25704482,1.5854193,3.02826,0.08270551,-0.016407516,0.037370253,1.265565,-11.931503,2.7071445,-13.266788,57.034008,0.011851375,1.543548,-2.112806,1.577658,-1.9773825,657.58,862.153,0.0,1821.1836,475.10214,-10.480434,2873.6233,741.4549,-7.6607814
0.2634851,1.9509083,3.0886023,0.061636582,-0.013777765,0.035751425,0.12256225,-14.449176,2.398535,-13.969913,57.029736,0.009365598,1.1958519,-1.8757428,-2.225352,-3.9724884,1036.4126,672.88446,-12.975111,2159.4387,511.46744,-8.797409,3233.5667,663.5855,-7.7122436
0.2675778,1.5545675,5.8019238,0.07211984,-0.012837485,0.03369916,-0.94478136,-15.839497,-0.91581744,-14.83672,57.03413,0.01076448,1.6236762,-0.1950159,-8.081225,-8.22129,1003.42804,633.9658,-12.975111,2111.465,488.94522,-11.424994,3171.4504,647.16656,-6.091028
0.27708232,1.851625,5.423472,0.07661133,-0.010677212,0.032426473,-0.44344828,-17.454035,0.27400222,-11.490869,57.045963,0.012171082,1.34889,1.7337118,-14.260883,-10.781754,1010.4246,683.711,0.0,2094.1982,745.8657,-7.1827197,3062.9563,736.03955,-5.467947
0.2859863,2.1248693,3.728233,0.08561804,-0.013857079,0.038739726,0.2540923,-16.07704,0.7965898,-10.3060255,57.067097,0.025811307,1.6527777,2.4206827,-15.669343,-13.2890215,880.3372,1354.424,-17.16451,1810.1113,782.4499,-11.755085,2857.0286,798.7241,-3.8034496
0.29188016,2.0605388,1.2984973,0.08860699,-0.019032575,0.03788508,-0.736471,-15.225537,1.755402,-12.487065,57.07642,0.025419896,1.030411,2.0435789,-15.380195,-8.534557,1299.2965,1110.0831,0.0,2211.4014,888.2217,-6.6952534,3284.4456,876.3064,-8.402837
0.28985766,1.4509373,0.778454,0.09230659,-0.025696127,0.036019932,-1.2518781,-12.755115,3.8243878,-17.24578,57.073364,0.02328875,1.416361,1.5099901,-14.530869,-9.356456,893.9716,1212.7704,-16.521496,1903.6945,572.01776,-11.126821,3052.5999,827.64606,-6.6751175
0.29068157,0.82918644,1.9074596,0.09282213,-0.025601236,0.030572725,-0.63437456,-12.220174,5.882875,-18.251396,57.05656,0.015124599,1.0311694,1.1048232,-13.35419,-8.888874,644.1713,726.7685,0.0,1865.9716,478.988,-9.361751,2958.222,798.471,-5.37763
0.29793885,0.5967117,2.0174553,0.0932338,-0.026319206,0.029520772,0.5138331,-12.84552,7.0489144,-21.107452,57.047802,0.024719624,1.4807714,-0.023313442,-11.64037,-11.64037,208.64568,998.5217,0.0,1490.5132,342.20337,-11.924339,2552.718,747.103,-0.28396872
0.307829,1.1323389,1.131399,0.09074205,-0.024993049,0.030087179,0.8623467,-13.042327,7.544599,-19.324896,57.0489,0.024649909,1.575973,-3.1382058,-9.790131,-9.790131,180.6143,1059.3273,0.0,1500.0332,359.0746,-10.138745,2593.3386,779.4827,-0.34861445
0.31741175,1.9690708,0.08791485,0.085892595,-0.025148662,0.03440554,-0.41407564,-12.927243,7.692017,-17.076706,54.674927,0.022357663,2.0016315,-5.1409016,-7.294205,-8.50042,537.54193,924.7378,0.0,1711.4886,1200.6686,-4.254064,2631.3318,891.59503,-1.4371663
0.31188336,3.2613914,2.0364056,0.08032913,-0.022992989,0.041676562,0.23184164,-13.0629835,6.7145824,-8.108864,52.312134,0.011813324,1.8707161,-5.7899036,-4.118009,-7.921078,914.4229,796.14435,-7.8612814,1970.3539,1422.2915,-0.7676616,2885.737,835.8415,-1.8300534
0.3159012,4.784073,2.839937,0.06800845,-0.020264504,0.04645822,-0.18924026,-13.425168,7.1359115,-4.9357257,49.95573,0.011813324,1.8707161,-4.4941673,-2.0439255,-7.75606,1318.9863,562.85724,-7.51275,2267.001,1581.8295,1.7388033,3149.2566,716.0577,-1.8006154
0.30900002,4.793528,2.9289083,0.07802802,-0.020671364,0.048030507,-0.5303012,-13.729275,5.2835517,-8.984603,49.983215,0.011813324,1.8707161,-3.8579283,-2.5086753,-8.266655,965.3435,670.1384,-7.8535557,2037.6964,693.6921,-1.4365274,3087.7673,560.8287,-0.71202946
0.31105903,3.6095905,1.0760556,0.09953972,-0.021281183,0.04414618,-1.8031679,-12.3546295,3.5594492,-15.373509,49.98965,0.11149802,1.803266,-3.407985,-5.2615037,-10.046291,1015.8859,671.7329,0.0,2050.3616,960.6004,0.06608359,2992.0222,686.54047,0.7269351
0.30714586,1.7956482,1.0843383,0.11924242,-0.023375379,0.041227456,-0.7964118,-13.382587,0.54863304,-20.57437,51.007263,0.12906949,1.6257893,-3.7867203,-2.5498204,-8.7017145,1015.20575,764.2381,-1.7772688,1998.4281,1049.9479,-0.9370125,2943.3376,779.51044,1.5847977
0.31734058,1.6430842,1.4742154,0.11076551,-0.022909502,0.042420354,0.095696844,-14.730298,1.4559578,-20.01403,52.01822,0.14664099,1.4483126,-3.8286018,1.8011289,-6.194088,991.91455,786.37836,-1.7772688,1987.014,1089.275,-0.0715121,2936.949,750.6765,1.8728718
0.3258995,2.604682,2.1825058,0.10261047,-0.019864595,0.04148287,0.4748217,-17.258318,2.7749522,-19.950964,53.008686,0.04925699,1.2862611,-3.8006952,7.7904334,-1.6748353,594.3513,867.5336,0.0,1689.3927,617.30194,-2.359944,2763.9785,591.2125,0.2084182
0.3332985,4.0116334,1.3115572,0.09304526,-0.016795328,0.04101317,-1.1004733,-16.589056,4.3723464,-17.327711,52.97028,0.033986203,1.2342364,-3.2343273,7.8552537,-0.69246274,218.68233,971.44116,0.0,1420.734,409.4336,-1.3264487,2506.256,649.99396,-0.633986
0.32812127,3.8358364,0.58080226,0.09693525,-0.015049763,0.036996912,-1.2997729,-15.762757,1.3359404,-17.94288,52.93451,0.017636733,1.168069,-3.7632797,6.964638,-0.73436403,470.0027,1303.7461,0.0,1509.8002,549.5809,-2.843403,2605.8262,732.5225,-0.5789063
0.32946512,3.2441254,-1.2095257,0.08320684,-0.01960815,0.03531343,-0.9935095,-14.056987,1.1106231,-17.979197,54.30902,0.04387024,1.560482,-3.915804,-2.663819,-7.2691064,490.18558,1330.2471,0.0,1555.1339,608.1093,-7.581368,2620.931,966.95636,1.2178715
0.33227083,2.1801183,-0.7707536,0.09284801,-0.021036176,0.03636648,-0.4356996,-15.197507,-1.7218738,-22.23796,55.688934,0.039512094,1.8809143,-3.045314,-11.4056015,-13.652267,552.3261,1284.7639,0.0,1589.5449,637.3599,-11.918777,2658.859,983.5275,3.2636235
0.34053874,2.764119,-1.1874188,0.09279975,-0.021107236,0.038845662,-1.0304335,-14.953855,1.007062,-23.71168,57.067917,0.03623264,2.2154894,-1.861813,-18.819818,-18.819818,359.0411,872.83624,0.0,1541.5214,483.5692,-14.077034,2597.9927,942.81006,4.7427864
0.35458526,4.0911946,-2.2806206,0.09428638,-0.019825626,0.04448961,-2.4773796,-14.5630865,2.9038546,-24.550993,57.059906,0.011585783,1.9253131,-1.6936203,-17.846506,-17.846506,341.48447,813.20135,0.0,1507.2314,331.25684,-12.447707,2602.4956,740.4263,5.3988
0.37700543,5.49436,-3.6682937,0.086984836,-0.020025121,0.044905886,-2.9250815,-14.281344,4.8194575,-19.940311,57.038513,0.018941183,1.7621769,-2.332614,-17.075096,-13.569237,686.0417,651.923,0.0,1858.0074,493.54147,-5.567856,2903.6016,976.58594,2.243777
0.39336845,5.5559564,-3.806797,0.084882945,-0.022086458,0.04540785,-1.9959518,-16.15213,4.1154933,-17.52104,57.01671,0.025085209,1.6368049,-2.700492,-17.389517,-10.644817,1020.54266,596.20184,-11.808844,2131.033,820.2168,0.5104914,3188.0576,944.21826,-0.8008022
0.41187128,4.9850316,-3.6489437,0.08207887,-0.019567056,0.04725313,-0.11262282,-18.12073,4.0323634,-16.299263,57.01063,0.025603889,1.5815042,-2.4763956,-17.373148,-8.093511,1427.964,642.37805,-11.911845,2174.4792,1375.269,0.0442667,3339.803,1023.4715,-3.8183339
0.41500363,4.260403,-3.8008835,0.0766845,-0.020916035,0.051150877,-0.25560594,-17.735228,2.379651,-20.669909,57.03116,0.026493931,1.2801552,-2.573579,-14.4644575,-8.690679,1044.5885,818.53076,-12.305186,1810.6149,1151.562,-4.6636224,2996.78,828.95245,-2.1714501
0.41472784,3.2602708,-3.475253,0.08644237,-0.022784023,0.05576095,-0.2166676,-14.178478,1.4214121,-21.845713,57.055664,0.038368847,1.0993037,-4.0033627,-7.975048,-5.73383,696.4515,965.6951,0.0,1552.5073,855.01215,-7.809862,2769.043,940.1289,-2.076032
0.40171203,2.036197,-0.63956213,0.09101372,-0.022718498,0.057826255,-1.9315099,-12.428262,-2.0857613,-22.84165,57.066845,0.033455983,1.1251776,-6.476606,0.57734805,-1.6073246,663.13965,858.993,0.0,1831.1432,678.9123,-6.8717904,2874.8293,1031.9655,-2.1291058
0.39602843,1.6416006,-0.13191815,0.10153677,-0.022596,0.057485953,-1.9197279,-11.014801,-2.079487,-19.52418,58.720257,0.026761154,1.3420407,-6.6965885,6.8403225,1.2104918,1034.6259,765.3859,0.102449656,2126.7761,903.4532,-2.2766674,3155.1746,913.70465,-0.35179934
0.39843103,3.3361866,-0.5555099,0.093826324,-0.015542115,0.059705734,-2.9136057,-12.808795,-3.4515076,-16.48582,60.325424,0.046883304,1.3574809,-6.215423,9.462369,1.8199656,1026.0985,780.65607,0.0,2066.2273,1028.147,-1.7471378,3021.2039,936.3291,2.4320686
0.39664066,4.825828,-1.23111,0.08835415,-0.01100074,0.059177145,-2.108476,-12.67831,-3.4590504,-11.088134,60.311035,0.08347378,1.31432,-4.2873044,2.7186677,0.0,674.0944,970.7605,0.0,1729.607,932.8518,0.0,2673.6064,969.76935,5.805012
0.39320767,5.484009,-0.9644828,0.080224164,-0.0056511797,0.06092453,-2.5474832,-13.902692,-3.5744016,-10.137658,58.650257,0.12006425,1.271159,-3.8877182,-4.3756866,-5.14818,668.17944,955.0384,0.0,1746.874,880.7886,1.1061325,2704.1514,970.49054,2.1640267
0.39699125,5.099919,-1.4774284,0.08629889,-0.011218763,0.06849662,-1.8720585,-13.761205,-0.30269018,-12.063438,57.037384,0.16747157,0.98639566,-3.2113085,-9.991371,-4.234722,1029.3844,881.7518,-3.9946308,1899.0973,1148.2753,2.2742884,2962.595,846.7637,0.12598066
0.4152349,5.38759,-3.344787,0.09071126,-0.014863103,0.06450384,-2.3245173,-13.773429,2.040202,-16.449316,54.704605,0.21309341,0.9910113,-2.7060802,-8.627303,-4.3029346,1367.8478,669.6142,-4.75291,2155.3225,1238.8148,2.259198,3318.223,501.16678,-2.6942484
0.4277476,4.9908195,-3.9306278,0.08829075,-0.017554585,0.0688222,-1.0615776,-12.673736,6.31897,-16.008188,52.356033,0.17311531,1.3850007,-2.4225397,-6.378697,-7.756136,1366.7855,648.5159,-5.667715,2147.0896,1418.4987,-2.1185968,3248.485,600.47723,-1.5875388
0.4265909,4.2851663,-2.2505853,0.093741424,-0.0140927555,0.061210316,-1.4684882,-12.2529335,6.712412,-17.235762,50.016445,0.11567041,1.4652886,-3.317294,-4.5530953,-9.802159,1368.4946,486.12967,-6.845938,2359.1868,1164.2633,-4.028068,3374.3743,640.68384,-1.5968748
0.42651606,2.616026,-0.6391971,0.10120865,-0.016966643,0.070408724,-0.69193286,-12.796443,6.4364357,-18.090576,50.015224,0.030875064,1.4817553,-7.7891693,-2.7780259,-4.7499967,1368.7303,483.35205,-6.391775,2466.6887,959.59,-2.3917084,3493.5781,1213.9574,-4.419804
0.4401249,1.9392592,0.55353516,0.11412564,-0.017801082,0.073045395,-0.2289604,-14.494414,2.500895,-18.841314,52.355152,0.1147128,1.1669399,-7.94807,-4.7445855,-2.9350836,1329.8262,560.0402,-5.9696302,2353.2676,960.785,3.1715243,3395.9402,1244.695,-2.4207413
0.46651164,2.288618,-0.6887118,0.118921794,-0.019750515,0.076450296,0.47050643,-17.15532,1.1877513,-17.564104,54.68242,0.08947369,1.2591985,-6.285602,-7.023903,-0.8705478,1310.127,1252.3888,0.0,2036.8031,984.53705,3.36425,3200.2395,1315.9243,-1.4439265
0.48923254,3.8376014,-2.013553,0.115095355,-0.016996646,0.07369377,0.5022438,-18.300095,1.8642296,-14.375344,57.015797,0.10068759,1.6301975,-1.0783266,-9.586455,-1.8023214,1335.7686,1310.2053,-1.5644662,1994.9603,1377.2822,5.3572927,2992.9597,1008.90186,0.7296118
0.49820063,5.237491,-3.5467913,0.10628625,-0.016512034,0.069216214,0.13570572,-18.762121,3.7689698,-12.171502,57.02693,0.02827063,1.9951121,0.15222378,-9.377855,-0.06191643,1379.0214,1284.8009,-3.1680622,2094.0374,1383.5586,3.053341,3097.3782,1030.8165,-3.1061459
0.48093972,5.154856,-3.6777484,0.078435235,-0.016236678,0.06724865,0.32732442,-17.380344,3.955468,-11.600212,57.04597,0.030164806,2.4937205,1.8102471,-9.497625,-0.08258716,1391.1139,739.6746,-6.039617,2247.8918,1544.8247,3.4580078,3175.5325,913.6118,-5.95703
0.4694611,3.8534048,-3.2113638,0.058115084,-0.017248318,0.0748887,0.652204,-15.562449,1.567752,-12.153529,57.06042,0.024979547,2.1219819,3.3537776,-9.425292,-1.8801197,1443.71,762.0207,-8.481653,2271.287,1635.5063,0.9436385,3223.888,1094.3193,-6.6015334
0.49099913,2.091171,-1.3510871,0.06347742,-0.018530885,0.10039214,0.64086896,-16.52683,-2.8013341,-15.777214,57.05839,0.026060933,2.032313,3.4461107,-8.326598,-2.7641,1363.1381,944.1724,-9.534853,2064.1284,1426.6533,-3.3441112,3079.0237,959.72516,-6.815656
0.5337422,1.2098378,0.4917598,0.07452915,-0.018161641,0.118697174,-0.19692536,-17.41286,-3.119545,-15.20848,57.04874,0.027800776,1.7047125,1.5215096,-5.5986867,-0.92203265,1388.5288,818.2993,0.0,2301.9072,1246.5802,-6.2359433,3098.6672,1978.251,-8.821645
0.5817891,0.5808729,2.3171988,0.09011207,-0.017125905,0.12550144,0.28120542,-20.501429,-3.6294239,-17.870527,57.01567,0.02492006,1.54958,-1.1883205,-2.1258895,1.4733626,1227.6149,981.1792,-9.646064,2069.6223,824.9721,-9.3501625,2957.1243,1681.0182,-11.371835
0.5882515,-0.5298204,4.3318844,0.08289238,-0.019239372,0.121675335,1.5588063,-19.42431,-4.775999,-20.467865,56.996937,0.020536887,1.3492972,-2.4310372,0.6060441,2.4573307,1331.354,1088.4757,0.0,2143.5076,931.8008,-10.66457,3147.6707,1636.6488,-13.029229
0.5762317,-2.9632242,8.484114,0.09499612,-0.01995666,0.11409002,5.0463257,-16.957283,-13.769649,-25.281815,56.986355,0.03936302,1.601133,-2.2353933,1.5370766,0.90241593,1244.1411,1321.7567,-11.689844,1981.361,865.1123,-12.936558,3229.0442,450.24622,-12.81527
0.58321506,-4.2741184,10.182879,0.111077756,-0.024247358,0.117690824,5.4048696,-15.704079,-17.09396,-30.035666,57.000828,0.06272755,2.5662253,-2.907923,0.5459636,-0.2905995,1201.1759,1294.3175,0.0,2035.2421,824.67755,-13.929799,3234.5586,466.19003,-13.093236
0.5818767,-5.4048905,11.563418,0.112046905,-0.025551423,0.10816402,5.744364,-14.808391,-19.681524,-29.360703,57.01331,0.064094156,2.4255722,-4.1884484,0.61733025,0.04342143,1188.4371,1241.8063,0.0,2097.2063,1302.47,-12.775848,3014.0037,629.82806,-12.20194
0.60499907,-5.260802,10.469603,0.099984564,-0.02735184,0.10214865,3.5990975,-15.82743,-17.349707,-31.523989,57.022533,0.051085636,2.0915337,-5.86793,3.2755785,6.411203,1276.7855,1349.6058,-3.7187858,2056.6814,1550.9515,-10.685679,2913.5564,857.5339,-13.821304
0.63414663,-2.9095743,10.348395,0.08087204,-0.02124008,0.15401989,3.2480602,-18.931961,-19.503256,-27.242132,57.03595,0.030114084,1.4564248,-4.862251,9.29358,13.582069,1294.8478,1269.7794,-3.7187858,2099.5725,1516.7188,-9.787317,3068.2578,727.3732,-14.075807
0.7023613,1.1168805,10.115424,0.082440116,-0.0083988635,0.18813783,3.4509284,-23.050833,-22.386087,-21.974976,57.048138,0.026974013,1.6381348,-2.9803283,16.791761,20.531448,1184.5428,1148.8905,0.0,2063.7468,897.04364,-11.84922,3266.2637,509.2649,-15.588908
0.79447836,5.882435,12.54601,0.08206683,0.0055131973,0.30231833,1.7874278,-32.392822,-29.339727,-13.430806,57.0649,0.046586126,3.1824808,-0.6345369,23.604425,22.46388,1086.3507,1004.5127,0.0,2086.0657,774.7763,-15.950554,3277.97,548.75934,-14.810008
0.84678775,8.497231,16.321005,0.09356141,0.01010073,0.26607594,2.259215,-33.978893,-31.064413,-8.920558,57.074097,0.06324629,3.5701027,0.5606097,26.053963,22.944338,1168.8898,1024.664,0.0,2236.946,917.7009,-17.017868,3301.343,819.58514,-14.398034
0.86467415,9.452615,18.099024,0.07705398,0.0070299306,0.24365254,2.8824975,-35.712032,-30.55454,-6.643099,57.07461,0.08623149,3.7358062,0.7122119,23.01336,22.099127,1220.3652,987.7697,8.633656,2301.1716,942.1518,-13.832221,3406.6785,791.85956,-13.407779
0.844927,8.92405,18.504654,0.066277884,0.00213456,0.14539443,5.7576995,-32.14641,-26.324888,-5.813441,57.065582,0.06706817,2.7263472,0.07283664,16.389585,21.031296,1210.2733,968.2349,0.0,2332.4734,1073.003,-7.4631977,3299.2556,958.7265,-12.594697
0.82741356,7.985019,16.565216,0.06583733,0.001008792,0.13233912,5.8643355,-31.993736,-24.643454,-7.479181,57.0612,0.06554117,2.109083,-1.2001554,10.615174,19.727907,1151.1014,931.3028,0.0,2230.6055,1096.9176,-3.2442544,3223.5266,1018.01025,-12.356987
0.81524324,7.9563003,13.761914,0.0775536,0.0014121057,0.13139325,5.061723,-32.557514,-23.331251,-8.575177,57.058105,0.057210933,1.996766,-2.2062666,7.3157363,17.60572,1123.4694,953.28204,0.0,2192.8071,1106.548,-2.0602818,3172.38,1123.1786,-12.3502655
0.8190399,7.859367,8.867597,0.086043805,0.0018044142,0.12936066,3.9859078,-31.892693,-21.618225,-6.44076,57.053112,0.07375836,2.3943462,-2.638273,8.195432,14.191827,1105.6826,942.3364,0.0,2121.1455,894.91943,-5.493589,3322.1152,905.81915,-11.489984
0.8598148,6.6612353,5.267304,0.079482414,-0.0015685745,0.15897591,2.0754085,-31.305979,-19.37208,-8.395658,54.7338,0.08342895,3.3378513,-1.6394777,4.5917945,8.85761,1102.3829,922.6567,0.0,2046.7897,805.3254,0.76219624,3323.1638,643.2678,-6.036716
0.909976,6.0844436,3.5517397,0.073434636,-0.0024720847,0.230525,1.0088114,-30.473404,-15.483148,-10.178852,52.41541,0.11890373,3.1732576,-0.7827435,1.9120412,4.562791,1175.2433,1009.4919,5.852937,1936.674,1039.9924,7.1948113,3249.1973,647.30884,-1.3750229
0.9404889,6.1624627,3.2332761,0.06985327,-0.0064400225,0.24034275,0.7828555,-32.750824,-11.870796,-13.349717,50.098633,0.09266115,2.2292254,-0.7130158,-2.0819652,2.218982,1200.2626,1079.58,4.204226,1861.517,1168.6616,15.773533,3125.1555,651.2062,1.1759762
0.9474063,7.552854,3.0687895,0.064894535,-0.0065083615,0.22579421,1.2181288,-33.85142,-8.794751,-10.9715805,50.10081,0.06790848,1.548664,-2.366616,0.12746382,3.0438898,1190.9381,1137.9463,1.8128285,1797.4507,1194.8767,14.159764,3010.832,655.41626,-2.040329
0.9162593,7.5293183,3.0684316,0.07382995,-0.009874315,0.18325908,1.4950248,-32.377605,-9.688724,-10.349128,52.411953,0.12829775,1.2264075,-2.2446187,-4.215939,2.2307508,1120.7186,1422.3009,-0.23680806,1771.4408,1069.0592,4.5223293,2958.9863,748.63885,-6.66937
0.8887057,7.64506,2.9916115,0.07629656,-0.008994404,0.16681194,0.78618413,-28.595655,-11.50887,-10.122182,54.729797,0.12652491,1.3675251,-1.5119171,-8.895036,-3.2898653,800.019,1412.9896,0.0,1637.7565,992.7614,-4.4997706,2678.374,868.2329,-5.9088826
0.8439445,7.6307616,2.9256046,0.078562416,-0.010234348,0.15243469,0.10353478,-25.896065,-15.107194,-8.246103,57.044525,0.12326219,1.2451721,-0.26837242,-12.136532,-5.337147,908.9956,1329.1172,0.0,1775.1884,1001.9244,-10.167875,2926.2354,720.465,-7.2510467
0.8359578,8.136876,3.1427298,0.06912059,-0.009943544,0.11858202,-0.5910004,-26.132692,-11.583088,-8.797383,57.051342,0.010350375,1.7168698,-0.9599777,-4.388103,-4.5381393,1005.93506,901.5405,-9.930375,1903.2607,2169.0835,-11.253551,2827.4688,784.3254,-6.539972
0.82785887,7.4532104,3.557307,0.06732636,-0.012093558,0.14705846,-0.7476712,-27.054068,-10.175029,-10.390919,57.053513,0.007840366,2.1231577,-1.9592056,0.8741062,0.7701152,1304.3314,936.4334,-9.930375,2007.2067,2172.7834,-8.671756,3079.7268,663.8283,-9.266431
0.8057993,6.1969047,3.981495,0.05998291,-0.010067841,0.15902428,1.4596215,-29.038918,-7.849505,-11.5959425,57.05274,0.0053303572,2.5294456,-3.251805,3.159359,2.476822,1210.7391,1078.6957,0.0,1883.7838,2181.2693,-8.649091,2947.048,850.7659,-8.530155
0.8098176,5.3097744,3.855746,0.06296103,-0.010447686,0.16962437,0.6259186,-31.09214,-10.033211,-13.045207,57.057434,0.0020014981,2.8084478,-3.0797374,-0.24280365,4.7102294,1074.336,1115.7845,0.0,1783.8617,911.87213,-4.429684,2951.3127,644.11725,-9.1399145
0.81453174,4.843591,3.6620486,0.06389951,-0.012878316,0.13979605,0.86903554,-31.469042,-8.515002,-13.07713,57.062695,0.0020014981,2.8084478,-2.3307254,-1.7395166,3.1674716,1181.2198,991.0784,0.0,1727.0264,1761.686,-3.5331104,2904.134,694.7723,-6.700582
0.8112714,4.429588,2.3639085,0.06313664,-0.01602721,0.15799472,-0.10112492,-31.200312,-10.45641,-13.9880705,57.069134,0.008852591,3.0419776,-1.5674496,-1.5224329,4.8110805,1182.2142,849.7327,-2.9384756,1796.122,1672.6869,-3.0639794,2982.972,567.6966,-7.793041
0.8011491,3.9206467,1.0545071,0.05415557,-0.016904093,0.13558376,0.96675366,-29.133387,-10.527507,-12.628606,57.068813,0.022669828,2.7368546,-2.1597853,0.9252487,3.8941529,1209.2482,824.8242,0.0,1862.3341,1668.0741,-4.389477,3161.5469,608.8742,-6.5603347
0.78425604,3.5292568,0.7284159,0.052199576,-0.015145098,0.13745014,1.2178818,-27.73374,-14.592456,-10.451098,57.06349,0.030697597,2.5029707,-2.7258558,4.702835,5.7565136,1108.0507,846.0054,0.0,2000.0264,766.6043,-7.4342732,3368.7434,415.81638,-8.487952
0.78853005,3.6305606,2.1276736,0.065116175,-0.010813996,0.11781528,-0.33252516,-27.312143,-16.777933,-10.746323,57.037678,0.031874273,2.0355575,-3.071613,7.011992,3.7053194,1126.7568,952.3618,0.0,1931.1078,954.3589,-7.9813957,3192.8557,537.85834,-7.065899
0.77884954,3.1892455,3.110545,0.071706556,-0.008909448,0.1368077,-1.438908,-26.565592,-17.358839,-13.143113,57.01068,0.030828333,2.198568,-3.23408,6.314022,2.946771,1131.8615,972.65643,0.0,1919.8716,1081.7134,-8.19384,2997.5645,574.17926,-7.2177634
0.75816876,2.7886446,3.9270954,0.062251177,-0.008053732,0.14511593,-1.1546545,-26.050537,-15.150871,-14.7280035,57.01404,0.028058643,2.030181,-3.609618,3.3521645,3.773673,1185.8177,1137.2323,0.0,1839.881,1318.6393,-5.7371764,2826.2285,830.1496,-8.567542
0.73252267,2.1626318,3.7089326,0.07545639,-0.005126675,0.13156848,-0.08676097,-25.136023,-11.761223,-15.540185,57.04117,0.03611183,2.0137424,-3.3092697,0.4589497,3.594553,1172.2739,1129.3019,-4.702874,1884.5874,1209.9147,-4.975804,2902.5588,888.7802,-8.12909
0.70730203,2.2074487,4.838583,0.07936797,-0.00058291684,0.11531963,-0.1919374,-25.810312,-11.850673,-14.748427,57.069218,0.031091198,1.8053441,-2.345196,-1.6647177,2.8168948,1182.0612,1179.3734,0.0,1890.2059,1148.7604,-2.3115582,3006.2656,981.58105,-6.8108535
0.73062736,2.7724762,3.9864872,0.09078252,0.0020178456,0.10827882,-1.7053095,-27.470787,-12.030948,-16.983337,57.070423,0.038662035,1.8754826,-0.940986,-3.2583973,0.9091554,1160.0961,1064.316,0.0,1985.5991,979.62256,-0.59716266,3133.879,821.5219,-4.7647157
0.77531743,3.894675,2.380171,0.07266764,-0.0008170409,0.11002025,-2.896494,-29.496414,-11.9058695,-16.67132,57.06604,0.028170891,1.9063658,0.65153533,-4.626643,0.5096521,1164.4469,1044.7006,0.0,1973.8301,988.1608,0.30630508,3096.4617,789.5822,-4.82999
0.82491535,4.477194,0.69588786,0.07334271,-0.004784687,0.11453263,-3.485029,-30.237343,-10.663104,-18.908964,57.060978,0.030387657,1.6375583,2.0048645,-5.6294093,1.5630249,1232.6556,1038.0304,0.0,1887.4404,1202.8834,-1.5630921,2996.6335,763.1524,-6.5724006
0.79936767,3.959956,-0.069254674,0.07236885,-0.0067135287,0.12578955,-3.120987,-29.121897,-10.080785,-18.461962,57.056473,0.0218945,1.2908567,2.6004791,-6.3411326,3.3451774,1205.8177,974.77167,-5.6703234,1846.9404,1149.01,-1.5072361,2900.9053,805.52313,-9.01042
0.74855185,3.1301768,0.07980975,0.07625343,-0.007049938,0.12089587,-2.4695349,-26.388092,-9.363602,-19.942528,57.05238,0.018181304,0.9470892,1.7855377,-6.4793973,4.1214733,1199.9535,911.054,0.0,1858.338,1063.6539,-2.090904,2967.693,667.8325,-10.508649
0.6877491,2.8073359,-0.6121363,0.06721384,-0.0072054807,0.11599781,-0.57225794,-23.321053,-7.5297465,-17.819998,57.034637,0.013686313,1.4675018,-0.38814726,-5.6114106,3.4067936,1108.022,831.7966,0.0,1929.0424,738.75836,-1.6973652,3113.1453,473.89053,-10.7155695
0.67306834,2.8507779,-0.3256102,0.06700755,-0.0077202595,0.10421155,-0.72138524,-21.789124,-4.7949634,-18.35465,57.0183,0.0111758895,1.6933943,-2.2422123,-4.1144905,0.93114424,1187.7482,813.08234,0.0,1973.4017,1012.61206,-4.416651,3172.705,531.1779,-9.462285
0.662667,2.6761153,0.83752424,0.060268592,-0.014679305,0.11431563,-0.9289352,-19.11049,-1.9080726,-19.817846,57.013042,0.010389079,1.9151212,-2.121211,-5.021377,-1.6801958,1289.0111,648.6396,-10.49806,2169.9583,970.1157,-4.789038,3291.0479,567.1735,-8.130219
0.6401221,2.009319,2.6442106,0.06685015,-0.01748084,0.12686197,-1.7774042,-17.095484,-3.0246592,-22.643532,57.02472,0.009833854,1.5731853,-0.08789579,-7.9737325,-6.4520326,996.1031,761.45703,-10.49806,2034.2256,970.28754,-7.122982,3059.9548,801.1797,-4.3771863
0.62660724,2.1544259,2.472038,0.07254685,-0.02049244,0.12164847,-1.7978088,-15.562938,-4.1820636,-22.825867,57.029743,0.012626227,1.2930663,2.0120733,-11.865201,-6.640531,1069.6748,774.54755,0.0,2120.3596,1133.8374,-3.946231,3059.0515,824.25244,-4.9034076
0.62827057,2.8323085,0.68172026,0.07266941,-0.020555725,0.124741904,-1.7328566,-16.32083,-4.220071,-18.436422,57.030712,0.015341826,1.1200423,2.4561832,-13.101668,-9.317917,936.41846,2034.3643,-12.066533,1772.3179,1103.7714,-6.980419,2805.7893,963.8811,-2.3447716
0.62288094,3.3683417,-1.1066848,0.070191234,-0.0228364,0.109666236,-1.7173179,-16.444052,-3.4814434,-13.410644,57.035328,0.018713487,1.1974546,0.964448,-11.162276,-3.841686,1362.685,1877.0327,0.0,2034.7711,1476.4489,-3.5133295,3148.1375,923.97296,-6.682016
0.61109596,3.446921,-1.1673294,0.081015535,-0.02286832,0.111112565,-2.4246318,-14.6405,-0.8430616,-12.75417,57.03879,0.018409071,1.5329161,-1.6890618,-6.039515,-3.2267888,1328.2565,1680.66,-5.9671907,2088.992,1144.5709,-5.176401,3214.861,678.18536,-4.561336
0.6000229,3.166981,-0.2653025,0.0721311,-0.023197902,0.09138916,-3.5599477,-14.36037,-1.1171125,-13.897381,57.03777,0.019657493,1.5376182,-3.6300728,-0.8969566,0.45257318,1437.914,481.75253,-4.696138,2341.7756,1397.9508,-3.0750687,3376.4036,560.214,-5.1487107
0.64446557,4.0874195,0.7756381,0.08118629,-0.020012988,0.116055965,-4.794414,-17.174515,-0.6938801,-16.117779,57.037975,0.024106326,1.250257,-3.759731,0.6425457,-1.5447631,1380.6182,538.6718,-3.0347767,2241.463,1751.9186,-2.9532099,3085.9993,553.92255,-1.4900136
0.6885292,5.0034685,-0.520413,0.05578203,-0.017322717,0.11786461,-4.3482785,-20.803951,-0.051121075,-17.273659,57.043934,0.038692236,0.9256907,-2.0698054,-2.019274,-1.883325,1330.3109,645.7918,-3.3863564,2235.78,1499.9855,-1.3670825,3139.8906,652.10284,-1.5030314
0.7113304,4.9189816,-0.5593315,0.050282076,-0.014876421,0.1464832,-3.5024004,-22.036684,2.2899303,-20.863949,57.05054,0.04895079,1.1605287,-0.4155189,-5.4186606,-2.2081892,1331.2306,636.3692,-4.734335,2288.1833,1414.5928,0.6843259,3146.0212,717.1401,-2.526146
0.6923031,4.345464,-1.9048895,0.03728238,-0.018992819,0.1408119,-2.6440196,-20.695265,5.692456,-23.864204,57.052734,0.047989275,1.1893559,0.011063199,-6.0845733,-1.8472495,1360.9673,480.2562,-6.0358443,2421.008,877.5628,0.048728943,3385.1648,570.81134,-4.1885943
0.68124884,4.0821586,-1.3074428,0.04305521,-0.02024532,0.13937707,-3.7253554,-21.054832,4.6979284,-23.921532,57.052063,0.040094357,1.5233015,-1.1703318,-1.6620513,-1.0806309,1380.2972,462.3018,-6.6065235,2210.9353,1640.3983,-2.7432787,3139.4578,708.5115,-5.5258927
0.6643247,3.7364655,-1.1223185,0.06838211,-0.022733768,0.12418145,-5.591301,-20.467463,0.3284677,-26.37445,54.694225,0.035786245,1.4100453,-2.8949935,0.95989484,0.022173742,1377.7897,488.08777,-4.508372,2239.9885,1658.6547,-4.555571,3215.2712,1298.2025,-4.3173323
0.65862554,2.6829078,1.085689,0.075393714,-0.020462662,0.12979102,-5.6026154,-20.910566,-4.0342155,-26.326616,52.34187,0.035014335,1.6437893,-4.5540175,2.5935996,0.5322083,1374.2369,560.1452,-1.9885215,2252.7046,1605.941,-11.228092,3182.3105,1503.2217,-2.1283238
0.6601637,1.4720869,2.4502926,0.084509104,-0.023558095,0.1382433,-3.7832563,-20.689512,-7.0288467,-28.129992,49.99748,0.035014335,1.6437893,-5.9634595,0.16955654,0.42259526,1385.5358,606.9006,0.5654931,2492.0974,1046.5724,-9.82616,3491.1907,1402.9733,0.3124544
0.679733,1.0134234,3.4204597,0.07411315,-0.023390599,0.13099287,-1.4393854,-21.71552,-8.653098,-25.55076,50.011745,0.14088815,1.2544007,-6.143158,-0.85145015,-0.043798286,1414.689,659.302,0.9460147,2525.4104,949.9214,-9.444166,3572.006,738.042,0.13836284
0.7107398,1.7304602,0.90573317,0.079417825,-0.021604775,0.13028282,-0.41533914,-21.86199,-7.9538007,-22.731981,50.026733,0.24676198,0.86501217,-5.185736,-2.451619,-0.30934647,1313.0272,826.3098,-0.350027,2310.983,894.3311,-1.2372904,3435.7961,655.76227,-1.0713229
0.7222412,2.6626632,-0.032339435,0.0795724,-0.019932503,0.12776928,-0.8683036,-21.945381,-7.66008,-19.628244,52.376728,0.27541912,0.72959465,-3.8772411,-2.754143,0.2892741,1241.3479,934.2392,-1.0427718,2130.671,969.83954,-0.7463489,3297.7527,772.21826,-2.6336093
0.71710396,3.2598743,0.32261252,0.081566125,-0.018317828,0.14119382,-0.66183805,-20.846039,-4.602068,-17.763613,54.71932,0.1668842,1.1560473,-2.50826,-4.326194,0.6043036,1206.8983,876.43555,0.0,2102.661,963.56244,1.3468698,3252.4043,869.50653,-3.9277089
0.69303733,2.2738516,2.4969168,0.10614576,-0.021545636,0.1299388,-0.70469785,-20.170874,-5.6470757,-18.965551,57.04671,0.058349315,1.5825001,-1.3688103,-5.9337373,1.0588117,1255.3365,749.6399,-4.1225376,2195.3494,1130.7285,2.1453192,3312.3254,926.1379,-4.8472295
0.6909485,1.9208142,1.6661253,0.110239655,-0.02362029,0.15051423,-1.051683,-20.465097,-5.0223556,-22.72995,57.014698,0.03223716,1.581513,0.04538983,-7.835865,1.851219,1276.0927,699.6423,0.0,2147.166,1113.4181,3.372205,3257.5586,941.4948,-6.314879
0.70043683,2.5386941,-1.7866129,0.11144369,-0.028041512,0.13591856,-1.509607,-20.905434,-3.9242182,-23.69177,56.984142,0.027805937,1.5613996,-0.07222053,-6.7181916,2.9026299,1231.5673,826.1982,-4.5498095,1890.1196,1165.1411,0.92848617,3018.5498,924.92706,-7.430166
0.7079641,3.5509245,-4.3301296,0.08018745,-0.029604271,0.13921899,-1.4960794,-21.491623,-2.7029889,-23.74134,56.984646,0.023732513,1.4583583,-1.2635344,-2.0254986,2.1798592,1208.7876,957.42523,0.0,1787.5728,982.2236,-2.0790055,2999.3445,829.21893,-6.6863666
0.6755455,2.9945118,-2.2952557,0.06229761,-0.025384985,0.13513762,-0.36124322,-20.988638,-3.2646701,-20.451817,55.656815,0.08723319,1.185853,-2.6093209,-0.24303596,-0.5474301,1261.015,996.1902,0.0,1704.9327,1447.0889,-5.330633,2869.5713,791.9861,-5.428242
0.6604865,2.3165934,-0.3847972,0.050515782,-0.02298977,0.13140912,0.085573934,-20.935844,-3.3629742,-19.732107,54.33118,0.11512515,0.75840205,-2.984211,-0.34672913,-1.8963542,1331.4752,872.86914,-8.652462,1971.0518,1419.5898,-5.845474,3074.8625,1060.5912,-5.4238033
0.65130645,1.2761331,2.2286847,0.059747487,-0.024695456,0.12512271,-0.9839888,-20.704699,-4.4676347,-23.090858,52.992313,0.1426593,0.4138789,-2.9317138,-2.9756744,-1.896968,1409.0651,669.379,-8.127319,2194.7107,1387.748,-7.100912,3233.2021,1048.872,-6.230352
0.66227746,0.46116638,2.175267,0.06700653,-0.029008707,0.105458505,-0.023986975,-19.209536,-3.2192442,-23.869665,54.365406,0.09491565,0.9148464,-2.7804394,-2.519577,-0.09915924,1368.2549,597.143,-7.1637077,2440.1758,818.59033,-6.5933976,3481.2332,941.7712,-7.0645485
0.66933274,-0.8980346,3.417757,0.07811954,-0.030889103,0.10798908,1.0985395,-17.980875,-4.1054473,-24.72419,55.73474,0.07443047,1.0590162,-2.3431098,-2.0207028,0.733792,1344.8943,676.44476,-6.088178,2423.1565,879.8763,-5.4805236,3375.4834,985.9016,-6.82197
0.6821039,-1.0045937,3.6688693,0.08003683,-0.02871824,0.1063723,1.4824696,-17.153175,-4.8876576,-21.838776,57.07958,0.054601192,1.8591448,-1.3485926,-2.465337,0.46921888,1326.1979,792.4549,-5.3026066,2379.0706,1082.18,-2.8372698,3307.011,1244.2201,-5.771826
0.68606836,-0.39417744,3.9070175,0.10258043,-0.027855745,0.09565995,0.16706288,-18.18756,-6.9967837,-21.69635,57.06278,0.039356284,1.9318625,-0.32916346,-4.0899053,-1.2861453,1333.6777,822.18475,-5.2775035,2406.3823,1156.4478,-1.1875982,3251.216,1615.7125,-3.9913578
0.6888512,1.0195012,2.9514048,0.08777376,-0.027152652,0.09506297,-0.44280005,-19.619719,-5.4627595,-19.991312,57.060642,0.03494088,2.478124,-0.473408,-5.445517,-4.1982193,1356.7682,851.02875,-6.5231056,2089.8044,1447.7401,-3.30019,3102.1072,1309.519,-2.3248866
0.6688703,2.0305376,1.17942,0.08211561,-0.028185317,0.095198475,0.18720867,-21.117437,-3.1533716,-17.831503,57.07016,0.033101376,2.478668,-1.1509537,-7.0766807,-6.392998,1303.568,868.0374,-7.4244986,1921.5524,1328.9146,-7.0722923,2956.9763,1057.8,-2.4928038
0.66357666,1.8185306,0.7831805,0.060449522,-0.030969054,0.11766837,0.3813157,-18.954199,-2.3589976,-17.521658,57.0717,0.026618717,2.427271,-1.6394955,-9.585594,-9.456428,936.9393,932.4074,0.0,1597.0931,1146.4838,-11.712518,2692.155,670.40436,-2.2560909
0.64324695,0.4174827,2.347162,0.0780466,-0.032264996,0.114584304,-0.7024147,-15.69942,-7.266304,-22.665009,57.06093,0.02688135,2.1623528,-2.0285354,-12.422402,-10.885071,870.81006,1525.8531,0.0,1663.0674,841.4783,-14.508335,2747.3665,763.38306,-3.623265
0.6744385,0.91374797,1.6686896,0.06669858,-0.032867704,0.13314183,-1.6588699,-13.952977,-6.572914,-24.52475,54.733658,0.023912184,1.7871937,-3.280857,-8.14328,-10.0674715,799.5496,1721.5697,0.0,1628.4653,725.23413,-11.784404,2729.6785,743.4118,-4.605724
0.69330734,1.9013504,0.71767086,0.06433908,-0.030266896,0.12672646,-2.434923,-15.881989,-6.1772003,-25.115133,52.389523,0.023499437,1.6888279,-4.961843,-2.08729,-6.987309,1243.5901,1620.1461,-14.458067,2064.1394,898.46436,-9.373154,3163.2764,766.9148,-6.666265
0.68976784,1.767694,1.5548162,0.05483308,-0.030942695,0.14628284,-1.1987787,-15.785321,-5.770925,-21.959488,52.369507,0.022567898,2.0803854,-4.14655,-2.6514661,-6.7671,1323.457,992.29767,-15.790021,2228.3162,911.76117,-4.1524477,3342.4802,430.97177,-7.289355
0.6460566,-0.5853678,5.2831454,0.05707862,-0.03258405,0.12753588,-0.20383322,-13.704743,-7.7256737,-23.615408,54.668823,0.03312648,1.7133664,-2.0718815,-9.553365,-10.33664,1110.3934,771.4267,-17.533535,2162.7996,780.3261,-7.9044456,3262.2175,453.32056,-4.5830193
0.6011066,-1.7381638,5.8455043,0.052537512,-0.033871587,0.11414518,1.5957083,-11.255755,-7.370564,-20.602669,56.9955,0.04048888,2.1396527,0.41327545,-15.800197,-11.307031,1120.0599,735.1773,0.0,2176.3438,698.36346,-6.5277576,3142.9856,2458.7756,-3.0569632
0.6037753,0.32945672,1.997748,0.058101606,-0.034047764,0.10809338,0.4940571,-12.39391,-2.00865,-22.232473,57.00055,0.03895696,2.1074412,0.7300267,-12.697628,-10.397014,713.67114,801.3521,-9.745444,1941.9551,443.52658,-7.7740884,2912.6428,2786.822,0.41027442
0.6114407,2.97804,-2.0739977,0.06100768,-0.027575126,0.098945595,-0.2482001,-12.655144,3.5825398,-21.334074,57.008633,0.024490451,2.3706806,-0.20958097,-7.1762104,-4.8755956,717.39923,771.32965,0.0,1933.7054,364.85498,-4.1556716,2919.7305,2766.5889,-1.4927267
0.61472756,4.8774905,-4.2455273,0.07926471,-0.023709068,0.108390294,-2.2478445,-14.805084,5.834787,-23.042933,57.020123,0.012757945,1.9707447,-1.904611,-2.4454992,-1.4908857,638.5749,888.25977,0.0,1533.048,594.1227,-4.933924,2704.9446,821.4921,-3.443039
0.5734283,4.3656273,-1.2737422,0.07123194,-0.017133312,0.111181796,-0.8314864,-14.378053,3.7598152,-15.828476,57.027554,0.01996792,1.410255,-2.9610431,-3.0062492,-0.94235677,1001.1619,806.1326,-6.8369646,1794.9215,784.40924,-2.8219965,2932.6277,598.55475,-4.961406
0.5484048,3.1063023,2.2159898,0.06626376,-0.01872212,0.11502383,0.1571259,-14.635602,-0.026763866,-10.958161,57.02183,0.028622365,1.3128909,-2.6904514,-8.463519,-4.5374928,1349.7283,740.816,-8.291974,2113.7302,1052.7032,0.38899198,3198.8787,570.34985,-3.754481
0.5610684,2.5177562,4.2141013,0.056220826,-0.02131772,0.1184026,1.0863551,-12.236739,0.9024019,-6.8327136,57.00121,0.036555063,1.3865811,-1.6482925,-15.053248,-12.081836,970.3765,792.6294,-9.716835,2060.971,694.05695,-1.8201851,3109.3574,591.325,1.5806847
0.61305976,4.1810126,1.4374028,0.06374004,-0.023752088,0.11024175,-0.3881023,-12.486089,3.985979,-6.74823,56.975204,0.03658631,1.4965891,-1.1177546,-17.863321,-16.001188,624.7745,854.89813,0.0,1769.6045,564.0711,-6.089283,2797.5212,815.0402,4.3127065
0.64571077,6.136929,-2.085124,0.072282284,-0.020469908,0.1125558,-1.4241651,-14.669296,5.8349075,-8.175664,56.986206,0.030385336,1.6352211,-1.8428717,-17.625925,-17.625925,242.96904,1035.9108,0.0,1437.1151,447.86877,-11.999554,2551.467,953.68744,5.626372
0.6424835,7.0327797,-4.444014,0.067166835,-0.017591015,0.10730115,-1.6805743,-16.682184,7.50762,-13.2469,57.004734,0.037334427,1.4118589,-4.088896,-15.29667,-15.29667,297.125,886.2961,0.0,1449.5834,358.37137,-10.902997,2555.4724,874.758,4.393673
0.5998201,5.762142,-3.5891879,0.07063549,-0.011858991,0.111494385,-2.2320359,-14.364421,5.6690254,-15.991222,57.028522,0.027319603,1.3307177,-5.530338,-12.892905,-12.892905,328.18216,842.17303,0.0,1460.2402,339.93274,-8.986066,2565.1648,777.49,3.9068387
0.571755,6.318521,-1.0972222,0.07720465,-0.009168268,0.11432513,-4.120193,-13.340365,7.0495477,-15.850319,57.02165,0.023537008,1.2209522,-5.205353,-10.82307,-10.82307,326.1096,809.06274,0.0,1426.4823,301.78323,-6.636196,2528.6416,693.84674,4.186874
0.5533572,6.576816,0.06633401,0.07941615,-0.0063507073,0.11322546,-4.732933,-11.70681,6.716301,-10.65263,57.009853,0.0077882702,1.1719967,-3.5898552,-9.7107115,-9.7107115,329.5518,894.05536,0.0,1419.3824,421.34372,-5.36447,2523.8252,774.98773,4.3462415
0.5773516,7.354812,-1.184612,0.06623731,-0.008413243,0.10303793,-5.0104647,-14.121028,6.284534,-9.168124,54.63971,0.11416844,0.8505611,-4.005135,-5.675982,-5.991834,690.3079,840.9375,0.0,1704.0873,861.0574,-3.8771088,2756.9314,699.6202,1.304071
0.6122592,6.2492447,-3.4155986,0.05769387,-0.013160943,0.104438774,-3.4812753,-14.86295,3.1463692,-9.167402,52.304977,0.22054863,0.5291254,-4.562348,-2.747214,-2.4216478,679.2509,905.8051,-5.652718,1753.475,945.259,-4.6370416,2813.5325,767.85645,-3.389247
0.62476504,4.612037,-2.6809537,0.053406704,-0.019057678,0.11147491,-2.5260084,-12.986923,0.2987145,-11.785001,49.97644,0.3269288,0.20768975,-4.336737,-1.3148627,-2.147713,1043.3573,868.4445,0.0,2046.1691,1278.4487,-3.87235,3076.8435,756.51117,-5.9878936
0.60687095,2.342119,-1.3206297,0.061300397,-0.02215322,0.11802319,0.32207298,-10.00037,0.19924478,-13.116281,50.0088,0.3269288,0.20768975,-2.5718374,-3.5932038,-6.5649257,628.69305,1071.9738,-7.4441175,1760.1664,944.3,-5.4171395,2746.5833,922.23193,-4.0365033
0.57260716,0.79168963,-0.47557893,0.06783682,-0.028122598,0.11259834,0.86622685,-5.571714,2.2991173,-15.933955,50.011356,0.24104321,0.6271513,-1.9902512,-3.7261322,-9.912437,1049.7084,797.36127,0.0,2059.9082,1102.6787,-1.3779353,2990.9255,798.476,0.15286367
0.58455914,1.5400602,-0.22457159,0.06833998,-0.02497395,0.110718854,0.5505299,-8.816634,6.129328,-15.353989,50.012833,0.14381458,0.8141351,-3.041526,-1.228375,-9.261485,957.2692,689.31085,-2.5213015,2004.209,988.38983,1.8717833,2936.28,888.6966,3.2810824
0.6162943,4.8205466,-0.29821333,0.057641994,-0.022114234,0.1280745,-0.7824734,-14.164822,12.680232,-11.33933,52.341305,0.19127047,1.3099407,-3.3959496,-5.2677097,-9.068706,1267.7242,463.3358,-2.5213015,2149.0476,1202.1072,12.008618,3115.8757,805.8496,9.185803
0.6323568,6.760145,-0.54440576,0.06064084,-0.014321585,0.14322649,-1.1409136,-17.108622,14.286853,-6.320602,54.6639,0.17466818,1.3308107,-3.0001667,-10.525138,-11.752968,898.8128,636.5854,0.0,1827.669,945.08527,13.598033,2822.4216,876.0828,17.02003
0.6222401,7.6486015,-1.4758292,0.066888265,-0.012396499,0.12620664,-1.6586804,-14.978564,13.074566,-2.3752265,56.988754,0.17454569,1.1673555,-1.0673491,-16.440058,-14.662667,641.0899,729.3203,0.0,1591.6641,680.3769,14.121718,2603.6746,795.28564,23.013361
0.5970564,6.5534196,-3.1667852,0.07234345,-0.007860585,0.10546193,-2.6191714,-11.168747,11.145073,-2.10864,56.994064,0.023089742,1.3979732,0.14272873,-14.90433,-14.90433,345.3289,921.4831,0.0,1425.7441,381.24088,7.583547,2522.8682,867.0152,22.487877
0.59675425,6.48213,-4.6163306,0.05557808,-0.0061282236,0.0913364,-2.4571679,-10.708592,12.627757,0.5947597,57.01172,0.025709085,1.431355,0.092352115,-13.600758,-12.615802,655.1481,880.83,0.0,1505.4805,768.5371,3.897091,2608.0881,872.6546,16.512892
0.6090204,6.10548,-5.20121,0.046391014,-0.009380663,0.09848518,-2.440429,-13.457854,13.0757265,-3.3765182,57.022446,0.021125931,2.0078945,-0.07035518,-13.027914,-11.550481,958.7723,1234.4987,-101.269455,1506.8994,892.5979,-65.98602,2690.4429,824.01,-58.285706
0.62025,6.8359017,-6.341993,0.052358598,-0.010690909,0.09385308,-1.7315822,-14.954547,12.844185,-4.5143056,0.0,0.0,0.0,0.0,0.0,0.0,990.8294,1247.6322,-134.51297,1543.7369,917.5136,-134.51297,2756.1028,751.5755,-131.04794
0.6508153,8.063648,-6.995524,0.05907106,-0.005367147,0.1226782,-4.156162,-16.265987,10.280667,-12.169713,0.0,0.0,0.0,0.0,0.0,0.0,677.3446,1186.3651,-201.0,1477.3829,541.55023,-201.0,2706.6565,741.98096,-201.0
0.94655174,6.1492977,-4.5755267,0.056484897,0.0001713781,0.3880972,-1.930059,-9.716746,12.894942,-7.3722534,0.0,0.0,0.0,0.0,0.0,0.0,378.69443,934.28876,-201.0,1482.3688,445.1232,-201.0,2602.8196,786.679,-201.0
1.235313,2.066754,2.8654273,0.013504692,0.0040341164,0.64526016,-1.3605477,-3.013621,12.628501,0.06841532,0.0,0.0,0.0,0.0,0.0,0.0,613.2654,794.4087,-201.0,1713.1073,541.3358,-201.0,2807.0793,685.88837,-201.0
1.4374123,-1.7082772,8.547876,-0.011928615,0.0026148066,0.8153029,2.7566307,2.3381054,12.775063,8.308926,0.0,0.0,0.0,0.0,0.0,0.0,692.9013,880.3671,-139.78323,1737.8043,771.2541,-141.29149,2739.7112,788.5555,-140.49065
1.2918172,-2.6599615,10.296855,-0.036908954,0.006635861,0.64963037,3.0643322,3.0894947,9.410218,10.149701,36.264168,0.0,0.0,2.998609,9.262694,16.30336,743.8387,867.32007,-77.97875,1760.4713,1072.5822,-83.95507,2662.1575,874.1451,-82.67253
1.143217,-3.033615,9.690346,-0.028793812,0.002015006,0.47105888,5.0360227,4.6618023,6.803283,4.7995715,36.260437,0.0,0.0,3.954941,9.419292,20.668776,633.35895,996.35565,-15.431298,1730.0814,1043.3969,-27.25654,2585.466,1074.87,-26.68078
1.1648782,-8.876592,15.10617,-0.00988464,-0.010137459,1.0511703,11.072467,10.959366,7.74526,0.5364806,35.969326,0.0,0.0,5.536251,8.791443,25.056414,733.0513,1077.694,-13.432275,1907.6364,898.2683,-30.652048,2786.866,989.64087,-28.982904
1.2943454,-14.678479,22.148897,0.01895603,-0.023740271,1.4211197,18.545034,14.627811,5.1546707,-6.953179,35.519215,0.0,0.0,6.4102764,7.3918214,28.001799,811.7684,1131.8971,-15.031728,2053.801,725.3543,-31.327082,3062.341,856.0635,-29.979986
1.4157106,-16.966936,26.740904,0.049574416,-0.035168428,1.7658443,24.585012,14.591456,1.7895851,-13.406605,34.97472,0.0,0.0,6.96215,5.6072145,29.271688,870.1784,1108.494,-13.895934,2034.5446,821.1906,-31.212202,3020.5222,889.78815,-29.927832
1.3824393,-13.29548,26.252594,0.051556464,-0.03176704,1.2236574,25.148722,12.038104,-4.174893,-16.723463,34.63824,0.0,0.0,7.067434,4.2029166,29.452438,912.77,1074.9668,-16.592726,2112.1118,830.396,-27.185946,3089.8848,805.30597,-29.357046
1.3197745,-10.435854,25.106033,0.056720063,-0.024225516,0.9095146,23.521414,12.028157,-6.932661,-15.859235,34.193256,0.0,1.173546,6.1118884,3.1583326,27.7662,709.7595,1255.9126,-14.696625,1828.7562,925.3992,-23.318823,2859.89,842.6992,-28.054193
1.3281641,-9.729081,23.299665,0.068300575,-0.011991974,0.6691599,22.551897,11.699086,-7.999954,-13.05762,33.68266,0.01570208,1.1158627,4.5805306,2.3201973,21.615355,511.89017,1336.08,0.0,1538.3099,891.1021,-20.075697,2622.7832,646.4031,-23.313562
1.3976444,-11.2059555,21.162325,0.07831638,-0.010414323,0.6790766,21.84416,9.808881,-5.308459,-9.708419,33.25084,0.01396247,0.6486904,1.573872,1.815708,16.558752,288.5337,1465.244,0.0,1205.2906,1035.3907,-20.158682,2314.0957,722.76483,-20.684538
1.3984333,-10.767812,19.103094,0.070988975,-0.009520943,0.84825444,19.771128,8.433307,-0.49299893,-5.636705,33.05803,0.011258353,0.66656375,0.05983877,1.5354161,12.115397,301.76926,1413.7184,-104.1524,1245.6846,991.82184,-80.68719,2333.176,660.0005,-78.80842
1.3999529,-8.099608,15.387112,0.047743514,-0.008841851,0.94430923,11.225949,12.83218,9.15831,-2.6742449,0.0,0.0,0.0,0.0,0.0,0.0,635.0013,1179.5082,-136.43494,1601.4877,790.6717,-140.74371,2634.6492,769.81146,-139.59296
1.4687282,-0.7956931,8.771209,0.021354869,-0.0021349655,0.97193384,-1.664637,17.057856,12.588645,0.7170365,0.0,0.0,0.0,0.0,0.0,0.0,707.49097,1113.8268,-201.0,1580.4247,446.87134,-201.0,2636.9968,574.9968,-201.0
1.5640588,7.8259754,-2.5708933,0.002864383,-0.00055830606,0.88135165,-14.607799,19.330017,13.05487,-1.6598326,0.0,0.0,0.0,0.0,0.0,0.0,824.7419,724.81836,-201.0,1621.2788,189.73662,-201.0,2627.7917,484.99283,-201.0
1.577675,13.206439,-9.189136,0.015480466,-0.004014559,0.78802985,-21.043743,17.487377,6.6002083,-7.8170567,0.0,0.0,0.0,0.0,0.0,0.0,812.89355,676.2367,-201.0,1676.7402,173.2359,-201.0,2744.3171,467.21365,-201.0
1.501244,14.122688,-11.437611,0.028786028,-0.009924869,0.70009035,-22.104477,17.096832,4.434569,-14.104632,0.0,0.0,0.0,0.0,0.0,0.0,1036.922,346.4707,-201.0,1971.3177,211.79552,-201.0,3077.2666,682.94183,-201.0
1.48067,13.708073,-11.301258,0.041237067,-0.016637385,0.6419444,-22.800749,15.499996,3.7378852,-18.820585,0.0,0.0,0.0,0.0,0.0,0.0,1214.162,312.89062,-201.0,2273.4866,280.70847,-134.39853,3437.5862,852.6489,-131.58023
1.5302448,14.980206,-12.530086,0.038503613,-0.01930588,0.6581128,-23.424406,14.232426,5.9087205,-21.816767,61.839943,0.0,1.0588219,-9.206941,-1.5258479,-8.454905,860.9904,399.69568,0.0,1886.2865,283.26114,-101.09779,3074.385,826.84906,-64.565285
1.536716,16.537996,-14.2591095,0.035071727,-0.019561617,0.7375596,-25.240433,12.310245,6.441232,-23.46527,61.840424,0.037544608,0.79435563,-10.263177,0.38947043,0.0,507.77332,553.6025,0.0,1582.4286,246.23152,0.0,2773.4753,814.3511,2.967508
1.4909081,17.135471,-12.911488,0.04282087,-0.020605387,0.7462452,-26.57817,11.191159,2.5508018,-25.698679,61.844303,0.037544608,0.88720036,-11.470061,2.430538,0.0,547.73773,472.75064,0.0,1619.1348,217.04048,0.0,2800.0393,821.2587,-66.45226
1.3820323,16.144197,-12.020996,0.042061236,-0.020049332,0.6740842,-26.318192,10.219101,1.3366061,-23.94465,0.0,0.0,0.0,0.0,0.0,0.0,615.16327,392.8789,-103.44445,1641.1305,207.6161,-111.338066,2823.2175,690.80585,-74.09418
1.3233149,16.248934,-11.95263,0.044232834,-0.01945365,0.5664019,-25.548439,12.400963,3.5084915,-21.609816,33.502335,0.0,0.0,-0.7240299,9.609619,13.577086,904.1801,354.65976,-77.40656,2026.024,366.95737,-83.68568,3129.3152,740.9987,-79.92488
1.2732867,12.878644,-9.629354,0.0534575,-0.017197337,0.54971796,-19.767475,16.674446,12.946607,-17.178337,33.362507,0.0,0.0,1.797267,10.6812525,15.750897,953.28564,444.82947,-21.451447,2009.4863,336.72052,-25.955069,3102.7292,662.21234,-21.548548
1.2422832,5.7895474,-0.59432507,0.08154641,-0.02236782,0.6575243,-10.5501375,20.278622,20.979645,-14.013518,33.148586,0.0,0.0,6.1092973,12.843262,16.142044,920.57007,616.06537,-21.531382,2080.2412,282.19354,-30.906363,3103.4688,623.9118,-22.019629
1.178866,-3.993309,8.945695,0.09795628,-0.030082902,0.66078186,2.0493524,20.108541,24.91378,-11.631639,32.891922,0.0,0.0,8.836756,15.143094,21.539728,691.4378,767.1765,-15.345111,1788.0055,239.79955,-35.581814,2783.429,481.52823,-27.764114
1.1083498,-11.075641,16.715847,0.08982998,-0.029318335,0.59375834,10.911492,19.042086,26.238703,-6.0180917,32.733032,0.0,0.6446903,10.12293,17.42814,23.992218,332.64597,1036.0522,-6.7197647,1525.7511,321.36185,-39.51137,2442.2478,557.6064,-30.71198
0.9946432,-16.149803,21.226103,0.06539857,-0.028483314,0.45936164,16.161695,21.449099,26.038385,-2.703231,32.595543,0.024136513,0.6590731,10.543664,19.453865,26.090866,348.63342,1111.7648,-7.185056,1627.6665,595.66675,-37.996685,2354.2236,1006.7143,-33.27592
0.9325685,-18.9247,24.418915,0.059044912,-0.025653288,0.375021,18.524776,22.508692,28.472082,2.168665,32.450882,0.018744374,0.68118644,10.376506,21.131914,25.207571,353.8021,1170.796,-7.423807,1682.1642,648.2648,-33.062828,2462.048,1218.8231,-32.63138
0.9132705,-19.819016,24.933908,0.06162205,-0.02478976,0.32348207,20.067987,21.325026,33.407513,6.2738686,32.180134,0.011752327,0.4377686,10.041171,19.8939,20.191713,350.1223,1257.4738,-7.9151225,1720.2562,637.02264,-31.028341,2580.3015,1197.5546,-28.106836
0.95095134,-18.857641,23.216875,0.05457307,-0.021754408,0.28186724,20.50783,17.52948,37.590816,13.428435,31.798124,0.009588644,0.43691358,9.582294,21.661425,19.139124,344.12183,1232.2909,-8.7993965,1651.3402,484.87784,-32.561016,2731.966,959.70215,-27.938522
0.9553725,-17.866907,21.883492,0.04404162,-0.020611046,0.26210368,20.261053,16.14725,39.579082,19.14167,31.297178,0.0103546325,0.3756652,8.678902,17.909082,17.911142,339.03418,1265.5542,-10.03509,1645.7881,450.78818,-35.610226,2736.534,884.8239,-27.946234
0.9064147,-18.325594,22.145926,0.034660738,-0.025093859,0.31869054,20.703234,17.185898,37.246067,20.089737,30.7996,0.012854223,0.30626634,7.696364,14.772221,15.735021,332.7207,1233.298,-11.382504,1625.1886,491.09375,-32.91218,2575.2478,1050.9735,-27.117525
0.864454,-17.318165,21.069395,0.026831592,-0.025706574,0.42117152,20.035604,15.551586,34.20627,19.063208,30.078993,0.015313019,0.11435179,6.1359143,6.5907707,9.799638,264.868,1407.877,-11.985053,1623.2926,553.5648,-30.255188,2569.696,1828.9385,-23.133781
0.81149364,-16.051664,20.307625,0.013947673,-0.022042895,0.5166359,18.405188,13.937749,29.430662,15.934962,29.460642,0.037771065,0.7717307,3.9376352,4.107486,0.76433533,692.15814,1779.5625,0.0,1621.3939,691.2371,-25.473001,2699.963,1799.6449,-17.546692
0.79008174,-14.025069,19.444584,0.020307083,-0.019145692,0.45765164,15.734412,11.79124,27.47351,13.240765,29.04036,0.047736347,1.1028311,2.5340695,2.8837166,-1.7935228,651.4194,1907.3036,-111.70336,1605.4274,707.1141,-84.006584,2791.0388,2214.1287,-78.32841
0.86885065,-9.126292,15.216586,0.013570971,-0.017148376,0.45534435,9.977259,9.080524,29.952913,4.6007614,0.0,0.0,0.0,0.0,0.0,0.0,719.8388,1790.7533,-141.46892,1548.5688,538.1249,-141.46892,2741.527,1383.3502,-138.81848
1.003871,-4.401172,11.550407,0.009480852,-0.016851017,0.3762957,2.859588,8.682257,31.500015,0.26691782,0.0,0.0,0.0,0.0,0.0,0.0,629.41235,1029.1771,-201.0,1775.521,464.82898,-201.0,2808.032,1374.9327,-201.0
1.3218399,3.6044748,4.131452,-0.0032021154,-0.009829086,0.6315769,-6.9941216,8.859378,32.204487,-6.2565403,0.0,0.0,0.0,0.0,0.0,0.0,912.2518,580.88885,-201.0,1872.2275,516.49677,-201.0,3055.7737,795.6945,-201.0
1.6087612,8.7318735,-0.9397523,0.009548453,-0.006948197,0.69280195,-13.905118,10.614764,29.085876,-8.283246,0.0,0.0,0.0,0.0,0.0,0.0,977.71454,503.70914,-138.74126,1738.2671,672.7258,-142.31404,3044.489,856.7739,-138.04497
1.7863864,11.287994,-3.0436668,0.019710742,-0.0070003853,0.87292594,-16.726004,11.17018,28.046036,-13.124965,34.050346,0.0,0.0,2.5744898,7.6960764,8.955865,670.62085,809.383,-73.31963,1397.0947,612.99695,-84.28177,2777.7986,795.5459,-77.46936
1.6600405,6.9326577,1.8333073,0.03490862,-0.013160626,0.81714314,-11.84214,12.451682,26.547556,-12.524316,34.145767,0.0,0.0,4.363348,9.16333,14.213353,448.55933,1065.8466,-6.587519,1298.8434,387.186,-26.941086,2516.5508,793.5381,-18.980028
1.4218903,-2.021114,11.632419,0.05452816,-0.017940773,0.86787254,-2.2421062,16.046194,24.379755,-6.5566487,34.2715,0.0,0.0,7.544516,10.864166,21.37941,369.03622,1093.3798,-2.7693892,1470.4379,309.43063,-25.73424,2534.9182,743.7656,-22.58127
1.3133191,-10.211222,19.14248,0.09015561,-0.023115538,0.94169027,8.95756,17.537397,19.33071,-3.9030712,34.413334,0.0,0.0,8.823294,9.784421,26.452913,494.67953,1198.2701,0.0,1674.4596,388.19205,-23.134398,2648.2517,732.2482,-24.934654
1.3938073,-14.54634,23.741335,0.12696896,-0.019302981,1.0409282,17.427176,15.427392,11.944261,-3.762513,34.466793,0.019676596,1.5561178,8.973103,6.5142646,24.606565,439.07156,1375.4067,-18.950678,1555.3278,712.9924,-15.072965,2588.5828,712.583,-21.792633
1.5411669,-13.747445,23.490492,0.15184118,-0.010209735,0.9826978,21.669838,9.695996,5.5996327,-6.180674,34.4867,0.01669356,1.2982101,8.391028,2.603597,24.387793,676.106,1300.1008,0.0,1751.766,935.95483,-12.219029,2772.6377,812.18066,-21.645868
1.6581844,-11.15129,20.475077,0.15390775,-0.0018417118,0.93603724,22.207018,3.3367383,-0.6302951,-6.096224,34.47137,0.014640263,0.9470628,7.4773135,-0.55302304,18.904612,721.47626,1244.1979,-1.0828543,1753.0099,998.0168,-9.453719,2831.6406,881.34717,-17.239103
1.6721066,-8.379743,18.744192,0.13667858,-0.001425021,0.8181069,21.598145,-1.3696254,-6.1362815,-8.122665,34.406376,0.007637357,0.5466054,6.540115,-2.008435,13.204968,754.68915,1182.1276,-1.0828543,1763.8329,985.9888,-6.5457287,2820.288,913.9675,-12.893378
1.668425,-5.5795765,15.347064,0.119083695,0.000830885,0.8491953,20.313509,-8.165755,-12.339662,-9.0317335,34.315464,0.00495123,0.6781613,5.7260566,-1.8391681,4.1402745,742.2564,1210.5498,0.0,1708.8223,947.5269,-1.9871362,2779.6973,793.1372,-5.0886006
1.667564,-2.5671332,13.120324,0.10611003,0.0057209306,0.7482395,17.302515,-13.019301,-13.769546,-7.889164,34.227116,0.0064231157,0.6907871,4.48843,-0.3302733,-0.8741049,505.23917,1343.9164,3.0562449,1461.3783,1033.9027,4.059526,2488.3044,774.7551,-0.9541698
1.7030158,1.5459995,7.5479984,0.09930698,0.015335262,0.74336296,11.9612055,-18.343668,-13.354352,-3.8995416,34.102955,0.0038682737,0.82749206,2.921834,1.4994812,-1.3457705,535.8655,1291.4525,0.0,1440.5131,1116.2443,4.1245866,2446.6047,699.1027,-0.9127323
1.779981,3.7303429,6.659963,0.08836353,0.018596714,0.6215529,7.4186616,-19.990952,-12.417106,-1.6439492,33.845066,0.0043323417,0.5401056,1.3290477,3.048549,-0.7787879,334.4917,1267.2983,-2.0098174,1215.4596,1201.225,4.542921,2195.7458,690.92285,-1.3757046
1.7590537,4.2929406,5.9280186,0.08630592,0.022693021,0.6758118,5.437823,-19.613205,-10.08176,-2.4245071,33.516678,0.002927046,0.49505842,-0.20631178,3.4940758,2.2514882,411.77783,1062.3772,-2.7377632,1266.4756,1208.7367,2.6919346,2227.0142,634.15247,-3.9613216
1.6826702,2.5290391,6.4637046,0.08856519,0.018015655,0.62944734,5.3723245,-17.304817,-8.426533,-3.4830062,33.067505,0.007544601,0.7336075,-1.2293869,3.5605965,2.0278609,436.75186,918.87384,-2.9721007,1330.0905,1119.9792,2.0873325,2258.845,604.11743,-3.2075417
1.4847149,0.59000546,7.2284474,0.0898782,0.015565652,0.68368965,6.289068,-15.194351,-9.25726,-3.758888,32.7305,0.009440855,0.93393654,-2.7228196,3.5562813,2.5633323,447.14157,873.3301,0.0,1345.5292,1040.9281,0.41568455,2271.5159,575.67053,-4.4532585
1.278175,0.23214303,7.5651608,0.08502915,0.011552542,0.59282464,7.426081,-15.979661,-12.369926,-1.3800564,32.507927,0.016846718,1.3812364,-3.9719236,3.025341,0.0699594,410.30777,928.4655,-5.479684,1343.5046,985.613,-3.36218,2269.6572,613.01373,-3.9492924
1.1186985,1.0574334,6.0673194,0.0674615,0.009477758,0.5079246,8.662645,-16.992716,-10.491082,3.2470207,32.88,0.020603517,1.3625504,-4.052973,-2.9095805,-2.7177227,406.3042,1084.9823,-10.269412,1319.3817,1072.6029,-8.177255,2241.0486,761.2744,-7.5516906
0.94767594,-0.08620087,5.0915194,0.05147898,-0.0021320444,0.4061407,9.529996,-12.046592,-3.4368885,1.4868051,33.367653,0.032658618,1.4155213,-3.4046056,-9.089032,-6.9401526,412.75412,1138.3077,-15.038627,1391.0189,1013.5891,-10.252586,2282.6619,910.74854,-8.098474
0.80556697,-1.7444105,6.2683654,0.028755799,-0.00928405,0.3198503,9.318983,-7.006785,5.1349807,1.6997967,33.83605,0.03937632,1.1830977,-3.6268387,-12.005164,-7.9683876,450.16006,1100.3551,-13.483116,1450.9515,892.2842,-6.9610786,2390.8499,975.17975,-5.514728
0.67729574,-1.8994751,5.918422,0.019789519,-0.0139304325,0.26116464,7.0396323,-3.2721107,7.6306777,0.8675534,31.072386,0.04591538,1.0748028,-4.64822,-5.6606236,1.4875971,467.52133,956.3659,-4.5092835,1508.0049,703.8658,-4.1321974,2442.1575,972.9409,-3.2473452
0.62637985,0.6638434,3.1692276,0.021696093,-0.008190579,0.18901199,2.482405,-4.3473344,6.9230027,4.5885377,27.869543,0.04591538,1.0748028,-6.0381775,-1.2093058,8.400644,440.6975,996.8389,-65.44631,1467.5712,659.555,-68.10888,2435.8157,1037.4196,-68.2972
0.6361744,3.083162,-1.0443836,0.03811558,-0.008998389,0.14501321,-4.055659,1.1664282,3.0440273,4.9854617,23.307556,0.04591538,1.0748028,-7.978739,0.0,0.0,381.8564,1100.6254,-59.034622,1445.3735,595.9235,-67.364944,2370.8943,1087.1927,-69.3992
0.69523,-0.32999644,3.327119,0.05840817,-0.009297223,0.2589998,-1.6874985,5.0832806,4.212212,5.8867455,19.535994,0.04591538,1.0748028,-10.41145,101.25484,31.4986,676.3107,988.8885,-61.687836,1736.3228,658.08777,-68.66735,2714.5254,915.1504,-71.29571
1.0550184,-6.00868,12.249482,0.057105243,-0.011808547,1.194156,10.038236,7.0855026,1.7926297,7.7169857,15.920807,0.04591538,1.0748028,-13.983917,101.25484,31.4986,664.15454,1153.5582,-61.687836,1681.3297,853.96576,-68.66736,2672.4504,945.7303,-71.29571
1.3111879,-15.486701,27.03759,0.035818573,-0.019115593,2.6505678,28.648432,6.6734886,5.276089,9.146882,14.732921,0.04591538,1.0748028,-10.891723,0.0,0.0,859.28546,1226.5375,-78.488785,1842.173,1123.601,-83.687874,2873.3489,1100.8136,-81.16543
1.409821,-21.463282,33.43774,-0.010053073,-0.022043005,3.7783623,34.61014,12.35524,9.325574,7.857739,15.7527895,0.04591538,1.0748028,-6.2152696,7.047988,26.75495,699.99286,1455.0411,-88.138855,1762.128,1136.6887,-94.71671,2804.0808,1025.5919,-90.02985
1.3188537,-24.489769,34.426876,-0.061723694,-0.024001502,3.8771362,27.680037,25.842726,15.896538,7.368113,17.001617,0.04591538,1.0748028,-0.102289476,7.2234325,27.516418,715.602,1493.106,-28.046438,1722.2772,1569.5004,-40.598156,2818.077,765.1579,-35.65846
1.262045,-24.044447,30.509169,-0.087135054,-0.024551952,2.96885,15.75801,37.13254,16.949593,7.0567613,17.047562,0.21401949,0.733568,-0.33016434,9.246217,28.207998,516.66864,1480.7933,-23.053566,1554.3053,1605.0454,-39.24164,2687.843,290.8967,-36.081085
1.3553358,-22.223902,28.712204,-0.09347427,-0.029815875,2.3131602,10.24366,43.102604,13.760125,5.9878774,16.076956,0.3821236,0.3923333,-5.9377217,10.252467,27.733276,344.4452,1499.9296,-19.820414,1316.2435,1817.4033,-37.03773,2415.4949,315.61984,-32.52878
1.296069,-22.969421,30.088568,-0.081996046,-0.034878094,2.011695,11.839923,41.095478,13.414561,5.098338,15.142928,0.5502277,0.051098574,-9.899696,8.183897,26.790413,313.97583,1463.8379,-15.377998,1316.1299,1445.4337,-35.012806,2429.2263,258.14026,-29.020834
1.2923254,-20.29335,26.924309,-0.07728074,-0.03176653,2.5782814,12.252906,36.11259,16.203796,3.5814266,14.359624,0.5502277,0.051098574,-11.249172,2.3796713,24.196762,339.11392,1311.8292,-12.119153,1356.3135,1213.3619,-30.833662,2329.7568,378.07797,-25.163717
1.1936227,-19.19638,25.643778,-0.0680896,-0.03592873,2.3221304,13.519446,31.637344,18.315468,4.4352345,14.361515,0.5502277,0.051098574,-8.173601,-1.1694947,21.13334,337.59482,1187.0615,-7.610413,1393.4443,922.77905,-27.02059,2303.6707,421.25174,-22.947245
1.1906356,-17.391752,23.25675,-0.059597533,-0.035664838,2.0842257,15.045611,28.251734,16.465668,9.104268,14.26244,0.43442467,0.3838373,-5.841476,-1.79324,17.377703,368.71802,985.5854,-7.614719,1461.0211,681.26685,-22.007187,2310.5955,446.62268,-20.678904
1.2586709,-17.648203,22.768845,-0.04198494,-0.03539416,1.5146723,19.441628,23.603727,11.815536,5.686642,14.140648,0.31862167,0.71657604,-4.339533,2.1316764,16.08625,375.6158,1012.41815,-7.6987457,1370.6442,763.52094,-18.041456,2313.4744,392.0188,-21.022305
1.3785936,-16.690268,22.443384,-0.04282275,-0.029620929,1.7463757,21.97471,17.792233,5.618093,1.1028534,14.055355,0.20281862,1.0493147,-2.9715214,5.0095196,16.953558,391.46143,1042.1514,-6.2922063,1314.329,840.0244,-14.134576,2332.8877,397.22034,-21.915674
1.4595054,-14.350273,21.389444,-0.03664044,-0.022849685,1.5373336,23.960108,12.044274,1.4408312,-6.033647,14.043389,0.1477868,0.77305764,-2.4536607,6.523834,17.672379,406.8163,1085.5415,-6.6984634,1280.2592,920.9777,-10.958348,2339.562,474.50638,-21.17962
1.5106336,-11.065768,21.518343,-0.03143957,-0.016866198,1.4159588,24.011415,6.0440784,-4.9612794,-5.174476,14.048485,0.080846086,0.47614822,-2.150636,4.3649273,17.34592,417.07043,1128.7028,-3.897061,1273.4607,947.4753,-7.804447,2343.758,585.9196,-19.088411
1.5594844,-8.969214,19.874775,-0.02956816,-0.0069993916,1.2397345,24.928991,3.917218,-6.573307,-1.5598259,14.1041975,0.01985982,0.1792388,-2.2195408,3.1982753,16.11365,411.08188,1215.2455,-3.386233,1250.0533,967.30005,-5.9400954,2335.8384,667.4362,-17.19243
1.5792364,-6.3556237,17.384851,-0.023008704,-0.002769496,1.3409815,25.05773,-0.04065633,-9.806221,0.3608972,14.125913,0.0,0.4346352,-2.0638964,2.7344348,15.477902,419.7599,1219.6227,-0.6472039,1253.5934,991.9841,-6.3158784,2315.6257,663.7443,-16.432428
1.5845519,-6.152645,17.101332,-0.031435817,0.002705923,1.2126745,25.899534,0.68790454,-8.226317,3.9766362,14.11892,0.004247804,0.7106839,-1.6186637,2.6890929,15.857875,413.29996,1184.011,-4.024359,1255.454,928.3787,-8.020156,2302.348,631.7519,-16.311148
1.5918394,-5.608637,16.837324,-0.036462933,0.0041168244,1.1496087,25.403097,0.4156549,-7.471351,5.202472,14.078729,0.0,1.0280235,-0.82801217,2.7639818,17.379278,409.13748,1117.2155,-6.8791504,1254.9701,858.1592,-10.241801,2293.2717,563.87036,-16.863947
1.578647,-6.1404037,15.675418,-0.030374778,0.005070413,1.1649069,23.755789,2.0100076,-1.9651847,3.9591272,14.03551,0.0146783255,0.973711,-0.015330672,2.5116832,19.96954,385.82346,1112.4171,-9.525098,1230.9081,796.5093,-12.67101,2276.5076,484.99826,-18.791122
1.4637494,-8.660423,16.108969,-0.034837406,0.00065294374,1.1748372,24.643494,5.1808105,1.310055,2.5880907,14.023995,0.0146783255,0.9193985,0.6631606,1.7688409,23.440208,375.52145,1139.7749,-9.800404,1221.0795,805.2823,-16.400766,2280.302,459.58713,-22.611307
1.2887133,-12.603088,18.085573,-0.029374972,-0.0109068155,1.0954949,26.826117,9.179008,1.0403951,0.763752,14.037593,0.0,1.0053341,1.3662868,0.74690104,26.440119,379.70883,1202.8944,-6.402937,1218.8253,929.5378,-21.69413,2273.9656,493.4192,-26.54468
1.0879406,-17.970785,24.392015,-0.03816859,-0.021838194,1.0192374,30.595156,15.699219,1.1728017,-0.9305523,14.062447,0.006103323,1.0961941,1.6484348,0.33310175,28.879097,372.13754,1378.4381,-10.611865,1178.2711,1124.0352,-24.683783,2261.7346,596.7137,-29.34627
0.9226506,-22.199152,29.495392,-0.038929064,-0.030101823,0.9206534,31.241371,21.243286,6.6608224,-2.6748722,14.058101,0.006103323,1.1870542,1.5623788,0.94408196,29.248453,394.03995,1434.0018,-6.1007867,1178.9258,1383.8002,-29.36377,2263.492,675.80493,-29.152044
0.8224485,-24.625895,32.834827,-0.030457705,-0.03395604,0.770593,30.992125,25.029112,15.1856,-3.7471282,14.03127,0.0,1.230945,1.2127858,2.2495253,25.867884,470.85645,1458.6512,-12.878967,1455.5751,1252.5988,-28.57644,2498.5369,784.9409,-24.802317
0.8599022,-23.752626,30.487024,-0.04119796,-0.03832389,0.58178705,26.151758,29.00393,24.060493,-4.130533,14.005302,0.0026982417,1.3655146,0.49620202,3.2311795,25.215576,499.00723,1275.4865,-5.16966,1664.9762,1542.4291,-32.815334,2513.48,635.69403,-23.546227
0.94751596,-20.150528,24.269272,-0.042397324,-0.045057043,0.5542618,19.38265,34.522953,29.800863,-8.174629,13.990058,0.0,1.3103906,-0.5401285,3.1047504,25.78482,502.15344,1137.1611,-5.1351185,1898.3965,2244.6833,-32.167957,2452.824,479.26993,-24.163223
1.1108457,-14.604825,17.166067,-0.04432833,-0.043356393,0.7007308,10.344255,41.86324,32.999443,-15.124027,13.989968,0.0052812486,1.6263647,-1.4893622,2.2178507,29.721506,426.46017,1002.76294,1.9457682,1890.3273,3375.6755,-33.817265,2151.2927,445.0565,-28.610174
1.2898183,-9.9731655,11.726472,-0.0389338,-0.0385665,0.87952286,2.8028975,51.403076,33.698154,-18.257673,14.007251,0.0052812486,1.9423386,-1.8883046,1.4022144,27.824701,416.09012,907.22455,-4.4328074,1995.1704,2980.073,-30.483755,2270.3718,1080.4921,-27.573809
1.3837548,-8.051384,10.949561,-0.035739433,-0.03154999,0.942461,-1.5910068,55.066174,28.837273,-15.440291,14.017991,0.0,1.8929486,-1.8685989,1.3001052,26.54506,403.07666,858.663,-11.393365,2053.9944,1988.694,-28.656229,2313.7979,1604.8802,-27.081892
1.4590596,-8.283291,10.929534,-0.04600981,-0.03235239,0.9172593,-2.4276946,55.319706,26.958658,-9.962886,14.038516,0.00559336,1.337891,-2.0088692,1.9553852,24.683249,390.22424,830.0245,-17.481163,2064.2178,656.5773,-27.03972,2358.867,1623.4669,-25.465384
1.4126787,-9.677027,12.504996,-0.048353076,-0.0325158,0.82571125,-0.96228105,51.19894,22.640625,-4.9670877,14.044475,0.0,0.56723994,-2.115268,2.933532,25.463984,388.59937,827.46265,-16.331553,2084.3389,366.462,-25.743845,2234.1863,1179.1456,-25.743845
1.432199,-9.155584,11.700732,-0.003555109,-0.02817583,0.8448904,-0.9935526,49.63069,22.25817,-3.5721557,14.048673,0.0036685742,0.58071023,-2.2482958,3.840018,25.833944,376.38052,837.7781,-12.871829,2046.3478,290.922,-25.312338,2224.8806,685.39813,-25.312338
1.3881979,-9.50553,12.088466,0.00028499588,-0.025835864,0.800669,-0.36255693,49.619656,20.48202,-2.3925736,14.050873,0.0036685742,0.5941806,-2.1919842,4.5076003,25.845633,376.73022,845.26495,-8.772885,2033.5874,245.46172,-25.676004,2301.881,621.38074,-24.75091
1.3967265,-9.447162,12.9194975,0.0027721263,-0.026505923,0.70586014,-0.38963997,49.503082,18.834318,-3.8381069,14.024216,0.0,0.683301,-1.7773714,4.8540387,27.074762,374.39957,857.02264,-5.2054577,1983.993,375.40158,-27.543839,2322.9624,351.5454,-25.69267
1.3920709,-10.249756,12.939476,-0.027961912,-0.03753634,0.66719157,1.7890824,49.848957,14.137268,-9.035033,13.995481,0.0072845565,1.0214354,-1.0115749,4.726043,28.010183,432.55746,1061.84,-2.232835,1567.3112,999.1805,-20.956846,2380.904,372.68506,-26.32814
1.3440037,-11.771846,14.189353,-0.006448552,-0.04470103,0.7691863,3.969535,48.991314,10.741528,-10.752613,13.967519,0.0072845565,1.3595699,-0.32152483,4.2275615,29.565386,454.56253,1160.5088,-0.5973494,1360.2269,1657.5609,-21.963621,2383.1648,150.98364,-27.590864
1.2561405,-13.865678,15.442833,0.009218603,-0.058477044,0.8635344,7.282187,49.20525,7.8472996,-14.614255,13.997197,0.0,1.2420343,0.038862865,3.9440994,28.630327,506.26547,1289.1328,0.9551732,1501.2928,1654.7701,-20.186539,2628.9878,276.3614,-26.706575
1.1953174,-16.189352,19.166468,0.0009385633,-0.061568677,0.9345636,10.345941,46.304977,9.362416,-13.225044,13.99913,0.007806206,0.64642113,-0.75398284,4.2516484,24.310137,365.76352,1919.3384,1.0054827,1456.7858,1375.3107,-17.050787,2594.4597,360.64963,-22.905043
1.1752254,-16.691633,20.97355,-0.01877239,-0.06351719,0.86369824,11.917382,44.60435,9.521106,-12.748908,13.998883,0.0,0.70319456,-2.4065933,3.7579877,20.788462,436.3972,1999.4962,0.33263683,1721.151,762.824,-11.297908,2916.005,416.17453,-20.175924
1.2290578,-17.696413,23.427725,-0.006549028,-0.058123752,1.0100765,15.507159,37.270725,8.682246,-9.73969,13.999591,0.011578791,0.7029814,-5.073194,1.4488654,15.820946,393.5026,1968.5194,2.0297678,1425.4886,993.03906,-9.885971,2618.0183,603.1309,-15.836219
1.3552417,-17.459356,24.5678,0.014718301,-0.049131036,1.253888,20.255026,28.873703,6.407856,-4.9456267,14.157436,0.011578791,0.7027683,-5.6905046,-1.4287797,12.821603,485.83694,1233.4102,4.714316,1720.4349,804.50885,-19.178833,2559.2175,755.751,-13.004158
1.4613004,-15.605502,21.856924,0.026528865,-0.045998257,1.632409,22.728277,19.45482,8.8982935,-2.5621068,14.233154,0.0,0.0501684,-4.6649833,-2.8069909,9.431056,395.76697,1060.7062,8.634734,1490.3478,891.0081,-23.75583,2210.2322,947.96875,-9.341905
1.5141109,-13.476529,18.334715,0.020698553,-0.043203205,1.7080822,22.71829,16.247227,15.84419,0.18451498,14.239072,0.0,0.43781433,-2.147904,-1.5083226,9.00309,383.4128,975.98065,9.940291,1509.4923,596.34784,-26.555353,2278.6953,887.16754,-8.3736315
1.4459906,-12.670663,14.851674,0.018486114,-0.047848884,1.6473964,21.125414,19.048897,20.892529,2.5186696,14.100449,0.05811603,0.82546026,-0.45425346,0.7533892,10.207632,387.1748,934.9816,10.517524,1577.7998,439.17505,-26.911995,2412.788,902.58185,-8.924739
1.4006592,-14.070996,15.423485,0.033173423,-0.049022455,1.428531,22.016882,23.48368,21.286146,3.561519,14.020062,0.0,1.0383564,0.4134604,2.2981946,11.952099,396.33716,1040.4653,9.901047,1710.5819,540.20905,-22.525812,2308.639,1321.0929,-10.076477
1.297243,-15.255185,16.429398,0.024343953,-0.049790308,1.2766334,23.102348,27.15999,20.529789,5.49744,13.960767,0.027755592,1.1951733,0.2200348,2.051003,13.664559,463.88876,1209.0581,5.2235045,1843.1024,622.98395,-18.465382,2437.3333,1473.4105,-11.509433
1.2357172,-15.904611,16.660486,0.010063988,-0.053079143,1.0541869,22.962349,28.77305,24.207415,1.7807455,13.908386,0.027755592,1.3519901,-0.58479387,0.44252157,15.475269,473.9232,1254.8265,0.36668667,1782.641,1142.5161,-21.363676,2282.4902,1243.3723,-13.634461
1.1739882,-15.964745,17.199623,-0.003527182,-0.05406776,0.9149398,21.193197,31.713446,27.710455,-2.482025,13.923717,0.0,1.2756125,-1.4280987,-0.58638334,17.103773,491.64682,1284.1279,-3.918628,1544.2623,1868.8412,-28.158045,2291.486,671.5085,-15.808057
1.1255137,-15.7256155,16.425756,-0.010361519,-0.05401458,0.9571707,18.294275,34.421032,28.777617,-5.221395,13.954201,0.0035390798,0.86766833,-2.0070837,0.41361728,18.201925,532.02606,1202.0787,-4.8173556,1597.3307,1713.9752,-29.33457,2513.8933,378.68652,-17.145136
1.1071104,-15.169839,17.007128,-0.02151669,-0.055105895,0.90369433,14.298558,38.246464,28.618113,-8.365375,14.008157,0.0,0.5153618,-2.3756845,3.012333,17.88948,582.0496,1222.9243,-4.4133286,1760.9469,1075.8055,-25.22392,2901.372,324.45288,-16.66622
1.2073116,-11.852493,13.139707,-0.03738344,-0.054247025,0.93496084,8.990197,42.53091,27.58721,-11.261472,14.012813,0.005238377,0.7047112,-2.7288225,5.4050117,18.687834,563.0252,1093.3715,-4.6794877,2025.9927,126.33666,-22.03393,3096.546,977.5551,-17.226484
1.3962945,-8.862756,9.904246,-0.04213098,-0.057749733,0.8027188,3.2584782,48.381794,25.879744,-18.080408,14.023209,0.005238377,0.8940606,-2.7081516,6.0579267,21.11572,479.8707,1002.5449,-3.806887,2007.7135,1066.112,-23.39409,2666.81,1009.50006,-19.66155
1.5247797,-5.697352,6.331455,-0.03276007,-0.056960836,0.8624223,-1.5370129,52.220078,20.809324,-18.789343,14.023278,0.0,0.70728046,-2.4370706,5.5547166,24.198267,420.02173,898.1987,-4.696863,2008.3595,1112.6559,-24.375814,2436.6963,1168.6898,-22.908815
1.5411323,-5.7202144,7.2614303,-0.023460994,-0.06250677,0.82226413,-2.929849,55.45004,20.150663,-16.93838,14.023395,0.0018737167,0.38678852,-1.8680955,4.957895,24.018919,425.7307,938.43945,-3.982541,2076.4949,2401.7288,-23.08063,2289.6985,505.07816,-22.830864
1.52318,-5.7303567,7.730101,-0.019597225,-0.066645704,0.8545799,-1.8976035,56.000248,20.295465,-16.418303,14.033307,0.0,0.17952234,-1.3422518,4.8744736,21.507715,421.323,943.15894,-4.0657496,2053.7488,2076.0408,-21.662231,2346.71,377.04056,-20.27494
1.4993801,-6.5292954,9.466087,-0.022314621,-0.0755567,0.8422547,-1.3438039,57.976643,25.778982,-19.648085,14.041412,0.0035157145,0.67058754,-1.0591846,4.8572087,19.178501,428.89786,974.26514,-3.2599783,2091.965,3507.959,-18.74972,2214.195,296.55264,-17.612196
1.467085,-6.806217,9.855747,-0.02926206,-0.07630969,0.8426597,-1.1421561,55.239025,29.614258,-20.347437,14.03727,0.0035157145,1.1616527,-1.0303189,3.6407397,17.953407,417.77048,908.7248,-3.5542328,1978.1592,2353.3806,-17.066072,2383.273,677.8991,-15.92855
1.4304452,-7.0143833,11.615705,-0.021961547,-0.07744306,0.83409834,-1.5341991,52.634735,35.35335,-20.799713,14.023895,0.0,1.0516943,-0.9191866,0.8555619,17.692688,401.7235,884.6756,-3.137532,1920.716,1720.0319,-17.882568,2425.2532,1014.9712,-15.552719
1.3983774,-7.942884,12.168835,-0.020724058,-0.072684914,0.72105384,0.9833782,45.506298,36.655315,-16.139786,14.026599,0.0026996227,1.1752338,-0.702914,-2.8045692,16.121363,382.99777,826.95966,-1.9118643,1774.5966,188.6161,-20.871344,2532.807,1083.4276,-14.601935
1.3023721,-10.300711,15.817032,-0.019058336,-0.07087359,0.7928017,4.8543415,41.05444,36.03477,-15.228359,14.008178,0.0026996227,1.2987733,-0.2551603,-6.0521126,14.903075,389.93863,854.257,0.40580592,1759.2637,137.61606,-22.809427,2394.4758,1171.6644,-14.566251
1.1991104,-13.346668,18.340109,-0.014891807,-0.066448696,1.0095134,10.287742,35.50621,33.08048,-9.072051,13.999862,0.0,2.104997,-0.5321142,-7.846811,13.973767,407.09573,1021.54816,2.3637993,1647.3197,1044.9056,-18.324425,2254.0085,964.6901,-14.448212
1.1219784,-16.064646,20.333199,-0.008774008,-0.06324026,1.209137,15.416156,33.88161,28.021097,-3.960344,14.022227,0.0040125833,2.2998831,-2.225861,-8.422245,12.518425,465.41458,1183.3652,2.4004,1755.2252,1231.5143,-12.111724,2385.72,1229.8655,-12.867038
1.0957791,-18.724495,21.255732,-0.0048433966,-0.05761665,1.1158446,20.051416,33.10416,21.717592,3.4637654,14.053899,0.0,2.4947693,-3.4426064,-8.329225,11.907806,540.60626,1363.6656,-65.62249,1820.1201,1398.0605,-72.22056,2461.5469,1189.685,-74.949646
1.265395,-16.178976,21.171917,-0.0070241303,-0.036348965,1.0264798,20.261103,26.01368,11.5691595,5.9666023,0.0,0.0,0.0,0.0,0.0,0.0,728.8387,1235.9242,-133.82172,2024.0228,757.98846,-136.28185,2891.9397,1275.0892,-136.97382
2.1381629,-9.795114,17.350592,-0.0013046401,-0.01643576,1.5931133,15.466571,14.404507,1.7229611,4.9961624,0.0,0.0,0.0,0.0,0.0,0.0,841.09784,1257.8915,-135.30699,2034.4816,957.1106,-138.12672,2988.4124,913.1455,-139.44382
2.8056183,-2.0480766,12.322917,0.014385842,0.0019812372,2.0213478,8.454073,2.6396224,-5.4777684,1.7265269,33.44156,0.0,0.0,-2.463913,12.547077,19.162594,861.9714,1193.4454,-72.07805,1639.9076,1622.2496,-73.40899,2838.6096,672.513,-78.44877
3.2602816,0.65495485,9.527442,0.014850941,0.0017686132,2.283412,5.928953,-0.6642478,-8.066598,0.888112,33.508648,0.0,0.0,-1.2092549,16.10135,20.529549,771.9263,1268.6162,-10.652452,1585.5963,1633.668,-12.011539,2754.9495,644.9216,-18.216143
2.7831495,-1.9549704,13.693771,0.011847156,0.0030587502,1.9842516,8.659889,1.0166211,-5.2449236,0.07293675,33.667965,0.0,0.0,0.46222946,15.01164,21.642248,810.7215,1138.4961,-13.854458,1636.5621,1558.8754,-14.038884,2729.4727,754.8887,-18.9264
2.4012878,-6.3378525,18.709818,0.007614333,0.0008384352,1.7340852,12.932445,4.71975,-1.6019478,0.24430501,33.74998,0.0,1.1452398,0.6953752,10.991867,17.889235,938.12476,1059.7936,-14.876743,2133.491,872.2686,-14.493217,3118.249,823.2142,-15.658035
1.9870267,-9.481834,20.485592,0.018872306,-0.004077039,1.5615274,15.5659895,7.794739,3.9834995,0.8472176,33.750446,0.03211212,1.277953,0.3842807,3.6762981,11.20548,721.68506,1255.3793,-13.95351,1932.6371,917.47754,-12.18325,2928.6199,962.27637,-9.820683
1.8784384,-9.837413,19.303421,0.01213993,-0.012130591,1.4537979,16.822199,6.7992063,5.293199,1.5206771,33.67219,0.039574254,1.1175798,0.12451619,2.3662655,4.3624873,520.761,1239.3859,0.0,1673.3081,810.67163,-9.211285,2711.3982,914.57324,-3.832362
1.945426,-6.9343834,12.262447,0.0036061981,-0.017648952,1.4622542,17.791477,1.3345257,6.5110626,4.0064197,31.196592,0.041909248,1.0166706,-1.3272952,2.1343231,1.5876428,297.06393,1232.6715,-0.6944597,1371.786,777.7944,-10.437463,2451.3152,745.1506,-1.180118
2.0358913,-4.7403207,6.983048,-0.014453132,-0.019760901,1.293686,17.830805,-3.3543665,7.833318,4.355906,24.701263,0.26128045,0.61163163,-2.1961691,2.1448016,1.0769415,417.33496,997.0681,-2.0716326,1415.3522,678.9816,-9.523949,2454.617,588.2912,-0.6980181
2.0512762,-2.6610284,1.6417094,-0.0032341804,-0.018712891,1.103892,17.003248,-6.7393813,12.708262,3.129863,18.200562,0.24548264,0.5978907,-2.6073253,1.9414989,2.0790267,431.8645,1014.0214,-4.7571907,1438.768,705.88055,-9.455505,2479.0015,640.1268,-1.8711773
2.0100935,-2.329893,2.0361254,-0.018565038,-0.019820452,1.041457,15.264053,-7.375529,17.251211,2.27471,14.090089,0.34097472,0.58414966,-1.8024184,2.2195537,3.4742606,442.92032,953.3391,-6.8001504,1455.7207,663.9766,-9.336353,2470.398,677.6184,-3.6817887
1.9545836,-2.060603,1.6710496,-0.029443583,-0.021682626,0.95250887,14.673991,-8.381281,20.949575,1.8130537,14.037969,0.0,0.6576503,-2.0830498,2.7201977,5.6971765,440.44067,872.61505,-6.7277017,1460.3905,569.5103,-11.777855,2444.758,669.87897,-6.0386987
1.900226,-2.085055,2.2971284,-0.048931807,-0.023930915,0.84881884,14.172299,-7.7798615,22.258652,2.5353482,13.984759,0.011483954,0.685221,-2.764653,2.4506903,6.834991,433.59683,828.90967,-4.6383095,1449.5825,492.11154,-13.957906,2410.154,620.384,-6.9632835
1.8812213,-1.9063574,3.4636285,-0.042207766,-0.026735889,0.85366267,15.562764,-8.218181,22.18685,3.6561706,13.946301,0.011483954,0.7127917,-3.3665044,1.3368646,6.633964,425.2493,885.8308,-2.0753934,1440.6803,506.63364,-13.581431,2404.2725,626.20465,-6.602373
1.8735971,-1.5111452,5.9253173,-0.028162545,-0.025787452,0.99309874,15.910634,-8.58624,22.494492,3.2705977,13.970065,0.0,0.6380613,-3.9399917,0.07275263,5.435333,417.80014,952.10034,-0.20112038,1427.9127,531.08813,-11.063679,2411.981,646.7824,-5.185064
1.8769321,-1.770084,5.819884,-0.021243587,-0.02802591,1.0180683,16.678482,-8.191575,22.630938,3.450142,13.995938,0.020809565,0.8832466,-4.25477,-0.58549166,5.313046,409.28677,1036.2964,0.33982357,1414.0436,583.9672,-7.6925282,2419.492,671.7314,-4.5661283
1.8599783,-2.0966651,5.097149,-0.019617243,-0.027390486,0.8631908,16.91467,-7.934629,23.153374,2.3868861,14.045924,0.020809565,1.1284318,-4.151664,-0.19426663,6.811832,401.94205,1054.496,-0.36458412,1399.5997,592.8981,-6.548321,2396.51,672.64386,-5.398721
1.852519,-2.911684,4.440992,-0.020027937,-0.031108469,0.8587524,17.854807,-7.7109847,19.845661,2.9320335,14.009358,0.0,1.5303612,-3.0222933,1.1087426,8.617657,401.42252,1036.9199,-1.1025051,1398.5996,624.9913,-9.459337,2373.377,675.5005,-6.8417687
1.6585585,-5.4109626,7.0276985,-0.021659883,-0.032974448,1.0150174,20.527117,-4.4657702,18.107012,7.2251916,13.958674,0.0,1.5303612,-2.6246197,5.188372,10.547792,402.85727,1002.33514,-0.3966566,1392.5924,646.5564,-12.009541,2343.6743,637.27246,-8.820313
1.3638511,-8.938642,9.878234,-0.009705245,-0.03239092,1.1438847,22.454536,0.69843006,14.646188,8.166792,13.747994,0.0,1.6630894,-2.8990326,4.8551126,10.563756,385.95532,1100.1599,1.3211302,1391.7482,778.7349,-12.670845,2318.6687,650.24225,-8.996356
1.1461645,-11.080321,11.262352,-0.011529718,-0.030226761,0.98510987,23.499502,5.5950875,12.013787,10.980571,13.531125,0.046507895,1.7958177,-3.4705956,2.8222973,11.086017,375.32925,1180.5953,2.5212574,1367.5773,851.4655,-11.450475,2296.7913,633.8964,-9.522162
1.1841279,-10.828866,9.987216,-0.0069644824,-0.027648062,0.8455283,23.021875,6.4069195,7.521589,10.987198,13.377811,0.046507895,1.928546,-3.5316937,-2.7595885,13.01444,370.91183,1206.4521,2.261576,1363.2587,878.8721,-12.283569,2300.5583,626.7083,-11.235883
1.3218824,-11.100955,12.371617,0.008537206,-0.032272313,0.84129864,22.772802,7.822525,4.6519313,10.545119,13.522317,0.047224272,1.7113155,-3.4986765,-4.4266853,16.50139,387.21188,1089.5509,0.65206367,1372.4637,790.71655,-13.955784,2319.7517,622.52094,-14.289889
1.3640804,-12.22778,16.84218,0.008843701,-0.035244796,0.963092,22.150003,10.641524,3.4116738,7.1203847,13.756612,0.04758246,1.4940848,-3.7186344,-4.698429,20.0515,397.4819,1018.0395,-1.1735225,1419.877,745.89136,-14.171544,2356.4148,720.5879,-17.580397
1.301663,-14.89822,23.282682,0.009373632,-0.037241265,1.1767524,19.289944,19.515196,5.76345,4.086319,13.959756,0.0,1.254448,-4.02778,-3.239329,21.280828,389.0787,1025.2207,-3.0933955,1439.4933,751.4668,-13.251956,2397.2627,734.8332,-18.990305
1.2254744,-14.286485,22.718637,-0.011352871,-0.037995115,1.2155496,13.366947,26.75561,3.8101997,0.40147433,14.009517,0.041291103,1.232042,-4.035114,-0.37447414,23.385109,346.2858,1305.7257,-1.8289498,1319.0083,1051.381,-12.684871,2345.1604,594.3347,-21.712255
1.1944882,-13.176728,19.695566,-0.01088966,-0.039017994,1.199654,8.541797,35.857258,1.9747759,-2.654215,14.033938,0.041291103,1.2096357,-3.9345157,2.730832,25.649323,369.75156,1476.7946,-2.448673,1181.4381,1505.9746,-12.450803,2305.5955,464.52133,-24.497444
1.2095929,-9.89821,13.852444,-0.011890251,-0.040219408,0.92969877,4.891484,39.036137,-1.1449306,-10.288194,14.061057,0.041291103,1.2096357,-3.8417244,4.60177,27.78994,383.60645,1467.5868,-3.1762447,1155.7714,1630.605,-13.342438,2330.7292,378.09677,-26.93743
1.2065994,-9.301139,10.435002,-0.020231133,-0.042285617,0.70424324,5.089852,43.305008,-1.2442627,-14.3001175,14.06594,0.041291103,1.2096357,-4.1790557,4.80723,27.070856,424.4596,1283.4355,-6.3639226,1204.5619,1484.9575,-14.7126465,2488.1204,449.52966,-26.433878
1.2244114,-8.677604,9.21802,-0.029709173,-0.040548697,0.5611654,3.3059845,44.302326,1.249081,-15.670848,14.056209,0.027785165,0.94321376,-4.8621345,3.995684,22.997538,586.89435,1148.3016,-8.481259,1669.8271,910.4086,-18.634348,2790.432,476.6981,-22.57341
1.2209868,-8.233884,9.411564,-0.030309366,-0.04386582,0.5813629,2.2029922,45.423172,0.5932942,-14.563815,14.048032,0.014279227,0.6767919,-5.5929475,3.173087,22.422806,500.16635,1402.3638,-6.038017,1573.0493,996.0787,-17.207754,2762.1436,514.6296,-22.037085
1.2664291,-7.3929,10.12193,-0.027745998,-0.04281592,0.6452146,0.04001252,46.72672,2.3019125,-15.7757845,14.034871,0.0007732872,0.41036996,-5.560007,2.707215,23.4787,548.6921,1506.6842,-2.7674606,1452.4523,1285.6425,-15.73173,2659.3035,604.00165,-22.89602
1.274417,-6.7693806,9.746022,-0.02955681,-0.041440118,0.6669623,-0.70188,47.566696,-0.3774725,-16.552847,14.018666,0.0007732872,0.41036996,-4.8079433,3.0973613,23.995619,529.40674,1525.5096,-3.1718447,1446.6078,1363.8256,-17.829004,2687.9211,590.5782,-23.059296
1.2831812,-8.462293,11.267356,-0.033902377,-0.039600685,0.6895017,1.2941045,47.15909,-2.883001,-15.859173,14.000049,0.000906981,0.88226914,-3.552511,3.8844254,24.886421,633.35614,1287.722,-3.3197556,1536.5804,1492.8877,-17.546906,2698.3994,537.4712,-23.606888
1.2551292,-10.208158,13.16853,-0.030786907,-0.038239356,0.6808045,4.4552617,45.529224,-8.626643,-12.666684,14.08477,0.00097382785,1.3541684,-3.8416042,3.6071596,24.654867,592.9505,1076.3226,-2.599129,1707.3954,1110.664,-17.471352,2914.0127,408.44815,-23.377762
1.2001877,-12.386784,16.899763,-0.019811926,-0.036573432,0.78307986,9.04471,41.61937,-15.072253,-11.902072,14.327568,0.0,1.32895,-4.5137115,1.2266415,26.631926,422.0043,1052.5721,3.7965019,1311.6428,1197.2604,-9.956956,2741.587,491.97372,-25.651037
1.1535505,-14.04135,21.854158,-0.010017878,-0.031919733,0.84594053,15.762299,37.364418,-16.194696,-12.733894,14.419742,0.0038047675,0.83183247,-5.196899,-1.9960312,24.850473,398.82828,1025.3925,5.826345,1268.5011,852.9705,-8.493989,2744.8523,515.1037,-24.319748
1.1279029,-14.890414,24.802114,0.0006013348,-0.02714227,0.89609176,20.872623,31.043869,-13.61174,-15.443012,14.379749,0.0,0.33471492,-3.99096,-3.960801,24.335684,378.81583,1092.943,5.8901496,1212.0216,826.6162,-5.768623,2579.1604,481.77994,-23.922598
1.1725789,-15.159023,28.008783,0.0107105775,-0.02878408,0.98170733,26.872904,27.47603,-11.574435,-18.168665,14.151908,0.0,0.36866602,-3.322178,-3.5762818,23.973183,374.33365,1098.2593,4.3032246,1186.5219,799.3282,-5.5472007,2493.5056,375.09818,-23.321371
1.2215835,-14.13176,28.54364,0.016056528,-0.031001383,1.0187103,28.4279,24.941286,-11.017509,-20.065924,14.113567,0.00828423,0.40261707,-3.300691,-1.7810369,24.495642,374.90543,1095.381,2.605486,1180.2147,787.08624,-6.617457,2503.2664,349.52866,-23.578588
1.2448634,-15.055951,31.09465,0.009587117,-0.03663229,1.0686452,30.108297,23.868011,-13.114853,-21.379694,14.133595,0.0,0.5898686,-3.706485,1.8213311,24.472239,385.458,1074.3737,1.7555594,1178.4956,792.405,-8.697572,2484.9788,369.46408,-23.489222
1.1953331,-15.172989,29.791138,-0.005715361,-0.04686628,1.211185,30.555552,23.943497,-11.616887,-20.239908,14.179616,0.020617908,0.6678169,-3.7834246,4.815636,24.740667,386.94434,1104.7362,2.1099246,1166.2509,828.2498,-8.923351,2460.2988,339.7142,-24.000154
1.1227336,-17.278254,28.84526,-0.013000675,-0.05455254,1.1448644,30.594824,23.752625,-12.887721,-20.249868,14.111804,0.047046024,0.74576515,-3.234645,4.2611027,23.854403,386.61002,1146.1403,3.1520555,1154.5782,879.9546,-6.9757905,2420.7314,365.24942,-23.411942
1.0973076,-17.531097,26.280638,-0.0027243227,-0.060469966,1.0772392,30.313498,24.276627,-13.226344,-21.16294,14.025875,0.07248387,1.0969329,-3.504174,1.4920883,22.563044,375.12515,1263.128,4.092581,1117.9369,967.2945,-4.416551,2376.453,403.08252,-22.127869
1.0992194,-19.619577,26.48126,0.007988314,-0.059663743,0.9095082,29.178665,23.864273,-10.462251,-23.941877,13.955869,0.096333474,1.5234529,-4.638796,-0.9577501,21.374773,359.58594,1380.0609,5.0831666,1086.9752,1062.0823,-2.8869388,2360.6267,428.5183,-20.367811
1.133047,-19.597664,26.052134,0.014523837,-0.06406962,0.82291985,29.32785,24.5258,-7.3685393,-29.470764,13.99799,0.0,1.7661334,-6.0782356,2.3919735,20.694244,341.8684,1455.5288,5.348297,1063.8422,1086.7526,-3.4476128,2353.8909,425.26025,-19.041435
1.153193,-19.331253,26.59008,0.010117535,-0.060621873,0.8020913,29.695593,24.375748,-6.44155,-31.38864,14.005553,0.011024824,1.582294,-6.434185,4.2718344,22.147324,351.2456,1368.479,3.7818336,1090.1178,1021.2754,-5.058884,2412.8728,387.29532,-19.258286
1.1520902,-17.49227,25.414284,0.023906777,-0.060298588,0.7491123,28.957962,26.572119,-7.348978,-35.369663,14.681873,0.011024824,1.3984545,-5.4704976,5.4610047,24.671862,363.44473,1217.6932,0.9103587,1124.4115,896.38916,-6.9520936,2421.2615,324.48215,-19.234957
1.1336712,-15.174614,24.023666,0.029710552,-0.04877608,0.8836406,26.714804,27.156067,-6.853098,-28.103666,15.385722,0.011024824,1.3984545,-6.319074,6.4014916,27.124634,373.9744,1131.333,-0.94160956,1156.1898,833.972,-7.233446,2453.6235,289.13065,-17.027939
1.0836742,-14.6761675,23.936996,0.013124876,-0.042748746,0.934041,24.78464,24.658651,-2.5867312,-21.411718,16.900837,0.011024824,1.3984545,-6.118652,8.46278,28.348917,389.38766,1097.2081,-6.4016724,1229.6954,888.3216,-10.388043,2463.0105,432.5828,-17.566566
1.1984886,-16.17604,25.629807,-0.02220474,-0.029335275,1.5233132,23.468039,21.038528,4.4791017,-6.532074,17.793924,0.011024824,1.3984545,-6.0408597,9.721214,28.126303,351.99646,1315.5314,-6.7286606,1252.6625,1087.7885,-13.036911,2430.984,638.7232,-19.464132
1.4347258,-16.967413,26.39483,-0.045138348,-0.021301745,1.497611,21.555548,15.817714,10.437892,1.0410978,17.016167,0.011024824,1.3984545,-4.807936,6.7454185,31.581015,634.07367,1379.6906,-12.985787,1593.1943,1127.5612,-22.735933,2686.973,776.0747,-28.563593
1.4080468,-18.655,29.039759,-0.05154201,-0.022096314,1.8729897,25.410698,16.321579,12.4670105,3.7417305,15.538611,0.011024824,1.3984545,-5.3686295,3.2873945,32.053856,626.95776,1489.6782,-15.3986845,1527.4492,1213.1198,-25.228195,2580.7556,804.8418,-35.544796
1.1743171,-18.449348,30.677076,-0.045578588,-0.030655935,1.4329437,29.946875,15.023236,6.4557457,-1.725869,13.974919,0.011024824,1.3984545,-5.8163505,63.27957,31.572403,684.1862,1336.2491,-22.816574,1541.5195,1164.1964,-28.481794,2600.7312,832.76074,-40.52626
0.8200949,-22.444445,35.97679,-0.075864546,-0.04214354,1.8580774,36.05599,18.895292,1.6296743,-1.6871542,14.01513,0.011024824,1.3984545,-5.4188304,65.81375,24.401604,565.51715,1350.997,-25.408073,1469.9951,1293.8732,-28.564728,2571.5554,999.5168,-37.303665
0.79034275,-24.359497,38.310837,-0.09531039,-0.046227258,1.6155134,33.35702,22.609863,2.6870687,-6.2453313,13.9767685,0.011024824,1.3984545,-5.2808475,67.710945,20.71616,564.3508,1438.9772,-27.999788,1408.2919,1294.4755,-28.775116,2675.618,873.3929,-33.147587
1.0124409,-22.819563,33.507137,-0.11715122,-0.0473443,1.866731,22.254827,27.486048,7.9565454,-6.2224526,13.960416,0.034807533,1.040644,-5.4778595,6.519984,18.435751,561.13434,1256.7587,-25.968996,1574.9845,980.33844,-30.545874,2686.542,729.886,-29.787682
1.2126075,-17.55848,24.792923,-0.117928155,-0.04782173,1.3908072,9.425523,33.058994,9.25056,-13.343257,13.960475,0.032348715,0.9061195,-5.4782944,4.0157685,18.919031,435.80466,1099.6674,-18.367132,1497.4515,1233.1705,-28.07311,2389.9724,390.56335,-28.862654
1.3968307,-12.291945,15.772117,-0.11571481,-0.04909787,1.2127662,0.55818254,37.67732,6.787716,-12.000331,13.990476,0.030655673,0.771595,-4.771212,2.7404964,16.745687,449.07324,819.55615,-13.292899,1771.9283,1246.3657,-27.912836,2296.3167,323.99927,-25.503794
1.391786,-11.182426,14.505009,-0.11433532,-0.05152181,0.66948867,0.24431752,39.00951,3.820014,-11.335734,14.6174965,0.0051799226,0.9948811,-4.331302,-1.1614504,12.926297,450.61447,836.0213,-9.747847,1755.1064,1306.2069,-23.772463,2271.5818,475.92496,-21.209051
1.3503437,-10.728935,15.070645,-0.09812841,-0.050711602,0.65542704,1.6616987,35.80602,5.0053525,-10.703896,15.191418,0.005945699,0.9948811,-5.6573815,-4.601794,11.619128,439.95108,829.38837,-8.841791,1718.1377,980.8802,-20.48432,2261.9167,538.8803,-16.442778
1.2416471,-10.941048,15.563191,-0.08434669,-0.049243093,0.68470734,4.6812325,28.668182,5.1883836,-10.983357,16.949892,0.005945699,0.9948811,-9.573688,-2.6294613,16.114141,432.82578,806.7878,-0.4925448,1631.2758,695.76294,-14.348538,2307.2341,644.66815,-12.026253
1.2932957,-10.760142,15.658368,-0.048831757,-0.049854536,0.9210685,6.4521103,26.945944,9.552837,-8.169957,17.050644,0.0783791,2.3501403,-12.334137,0.18714833,20.292639,421.17075,809.34283,-64.438934,1590.0767,604.1696,-74.967995,2337.6619,557.4682,-73.66741
1.6313715,-12.910904,18.608854,-0.019463178,-0.04186301,1.8442564,13.299241,22.444773,6.2066274,-1.5534936,17.369675,0.1508125,3.7053998,-12.889377,0.0,0.0,395.06143,932.60156,-68.26394,1468.8011,563.0472,-80.43047,2367.632,655.8243,-80.06432
1.7765794,-16.968971,24.926905,0.0013830661,-0.038102087,3.118904,20.174551,22.137735,9.36476,6.096009,16.40563,0.2232459,5.060659,-7.9480495,9.062523,28.627174,558.92,1181.9977,-81.97854,1697.5498,687.6657,-89.19256,2624.368,879.1966,-88.22284
1.6647478,-21.228952,30.194616,-0.030958137,-0.027396172,3.6731644,25.145437,19.301247,10.669163,14.559758,16.44921,0.2232459,5.060659,-3.4811046,8.238754,26.62223,529.9038,1409.752,-20.661201,1629.3701,966.4419,-35.356686,2599.8186,892.9636,-31.82488
1.307257,-22.911636,31.258997,-0.067725986,-0.029166816,3.464742,24.169436,20.025213,19.340273,18.273634,16.73162,0.18908376,3.469333,-0.6437208,7.428365,23.92338,652.65216,1612.7222,-24.765116,1853.3998,915.7082,-34.54855,2730.5483,1226.8735,-31.363832
1.2159734,-22.794355,29.927711,-0.09233423,-0.028866082,2.6933658,23.43247,19.730207,25.006632,19.984186,18.314684,0.15492159,1.8780074,-1.6951208,6.2314487,18.409334,577.88696,1542.4379,-22.13894,1745.5312,781.68823,-34.48822,2595.8655,1088.6292,-29.424887
1.1718622,-23.392021,30.166595,-0.091456644,-0.033424966,2.5912993,23.897148,19.907316,26.047691,16.270508,20.562853,0.17309481,0.24253415,-2.4105532,2.889038,12.976814,702.768,1522.6797,-24.964663,1918.7523,599.85815,-30.608618,2751.6824,1132.3469,-25.532806
1.2157549,-22.956635,29.351782,-0.083844654,-0.03767544,2.9390938,24.254133,22.367682,30.587847,15.520251,20.750093,0.20046483,0.28482428,-3.7133892,-0.01193444,7.167543,620.16583,1358.5996,-20.399614,1885.2482,433.27087,-30.796309,2757.4915,838.8894,-20.32849
1.1945353,-19.507315,24.74443,-0.083040774,-0.036190104,2.9421394,20.16148,23.970573,34.446194,13.213501,19.61814,0.22783484,0.32711443,-4.322066,-3.9142933,4.7211685,510.71445,1259.6676,-13.296969,1814.3369,340.16757,-32.79015,2688.9229,997.55444,-15.709251
1.1949483,-13.915601,17.149595,-0.057005882,-0.03300592,2.7198856,16.514853,24.713457,39.542725,9.5645,16.262503,0.20286947,0.41355208,-5.7359147,-2.4407907,5.910248,402.77158,1107.6093,-9.522382,1744.7904,179.36412,-36.13174,2645.9004,1070.2662,-11.506293
1.0704993,-10.96181,13.5038185,-0.04513428,-0.031698704,1.7426232,14.61778,24.38619,39.6528,4.5538077,14.5397005,0.20286947,0.41355208,-4.767548,-1.6775864,8.4782505,371.608,974.44183,-5.72609,1718.309,144.0753,-36.668182,2605.6218,1480.1167,-10.039971
0.9392441,-11.723568,13.214844,-0.034885596,-0.033551663,1.5618272,16.037416,28.10742,36.68185,4.696449,12.885417,0.20286947,0.41355208,-2.9917028,1.8733883,14.54337,461.3607,1105.076,-9.864676,1803.0244,179.2464,-34.67992,2718.6157,1331.3672,-12.138436
0.7833288,-14.432754,15.596782,-0.033179075,-0.037746146,1.3815585,19.096931,30.573275,30.034508,3.1906948,12.911422,0.2250654,1.5497451,-1.353786,3.2841148,19.614935,581.14325,1147.7079,-10.806625,1910.2207,264.7283,-32.497234,2798.7131,1265.336,-18.256512
0.67201096,-18.491884,19.628693,-0.03200684,-0.037826926,1.2138723,21.248034,34.426304,27.754776,2.6455104,12.952663,0.23616335,2.6859381,-0.3966235,4.9429374,23.693588,624.51154,1258.2269,-12.26741,2016.2266,282.7377,-31.807272,2987.7527,925.8015,-23.82857
0.611984,-21.063818,23.328245,-0.030023674,-0.03874502,0.71563727,22.567438,34.039642,26.481642,-4.890247,13.012497,0.0,3.2467582,-0.17700936,5.3681855,23.327578,640.6255,1166.166,-13.270282,2088.8018,209.44044,-31.439413,3074.0437,872.11383,-24.646347
0.60697293,-22.845383,26.725723,-0.04225843,-0.039989453,0.4158236,22.095041,35.504528,26.871702,-7.8616557,12.977071,0.00922822,2.671385,0.065706335,4.4711623,21.7037,547.71576,1233.5465,-9.273448,1858.0703,792.84686,-30.918646,2877.9304,696.0464,-23.549673
0.6415667,-21.796274,26.02324,-0.044392567,-0.042302478,0.38681397,19.719858,36.771305,27.643158,-10.669702,12.9674,0.0,1.4462997,-0.47495148,3.0542784,20.192698,505.35538,1155.0082,-9.21679,1877.3478,1495.5597,-28.121973,2536.4138,421.58472,-22.508383
0.7018151,-17.804039,21.86715,-0.035012532,-0.041069485,0.5303693,14.428857,36.018887,27.964514,-11.178998,12.993816,0.0060390583,1.2920327,-1.597798,2.0012014,19.82355,402.56076,1098.3383,-10.108493,1796.098,1476.8203,-25.175123,2274.6897,585.1594,-22.2853
0.8473282,-14.000572,17.603727,-0.045220796,-0.040266145,0.67579204,9.142518,37.064663,35.258247,-11.755471,13.020866,0.0060390583,1.1377656,-3.1004617,1.8648958,19.318571,369.57568,947.2212,-14.890625,1925.811,928.19525,-22.4298,2327.9075,602.1407,-21.554922
1.0185847,-8.760728,11.307124,-0.04404216,-0.037499458,0.7984634,2.245584,35.374264,36.33025,-9.387556,13.006034,0.0,1.5885721,-4.4278226,2.175109,19.719091,346.17337,907.6237,-20.670483,1731.6678,190.7517,-23.842787,2443.8264,627.5611,-21.050713
1.2109342,-5.5811734,8.782851,-0.061708968,-0.038010303,0.7516616,-3.4531,38.11989,37.854984,-5.0380163,12.992944,0.023050148,1.5439334,-4.9455113,2.8322155,22.190577,326.43326,918.8654,-21.865686,1630.0287,330.64362,-25.912996,2484.8572,354.90112,-21.890028
1.326848,-3.6657393,6.043419,-0.056952965,-0.037017208,0.6736018,-7.7925334,42.253292,33.47489,-1.905011,13.023743,0.0,1.4992948,-4.5355034,3.4220188,25.77524,322.1996,947.5109,-22.525148,1646.153,405.9839,-28.306967,2451.2898,343.973,-23.68278
1.3090101,-4.2891498,7.810409,-0.057861984,-0.039199237,0.6019301,-8.566638,47.70398,28.020483,-0.6998534,13.069054,0.0,1.4992948,-3.1741498,3.778539,28.797012,330.67078,895.5015,-21.66477,1705.3531,473.2565,-29.007889,2448.2898,320.94937,-25.551163
1.2225697,-6.2626214,9.340697,-0.05073425,-0.037884224,0.6455566,-6.505179,53.871746,23.046713,-0.8264575,13.081489,0.0,1.142147,-1.5527592,3.9563904,32.033825,344.46207,864.9593,-19.71935,1870.4166,580.44604,-30.406317,2337.504,532.7973,-28.67605
1.0580034,-7.4330983,10.642539,-0.03758188,-0.040081736,0.68826896,-3.4514635,54.97786,19.260366,-3.5141823,13.082238,0.007890961,1.9463364,-0.08396355,3.8210363,33.061687,358.17407,865.10223,-18.84514,1966.8365,739.57745,-31.412352,2300.7693,492.02982,-30.247644
0.8835079,-12.901418,15.738997,-0.044869382,-0.036871735,0.69315165,3.3270085,55.012405,18.97713,-4.245156,13.0831785,0.007890961,2.7505257,0.90691423,3.5952961,30.961716,373.18393,994.2368,-14.157967,1895.4003,1242.1216,-32.105175,2301.9053,474.61307,-28.784616
0.6870883,-18.37011,21.51371,-0.043000292,-0.04012919,0.57775193,10.653477,50.641987,17.966154,-4.271382,13.047074,0.0,2.863695,0.97378737,3.115631,25.537508,412.52628,1160.6589,-9.196538,1559.152,1906.6844,-29.317816,2367.3875,337.04272,-23.82972
0.5836564,-22.80368,28.403946,-0.057526022,-0.037211105,0.39348128,15.615678,44.50352,20.295813,0.4127798,13.003243,0.0020009633,1.8155264,-0.3524889,2.0686162,20.043394,417.58908,1239.5441,-3.2452285,1525.9131,1703.8429,-23.62393,2286.906,1008.97656,-18.550797
0.6349215,-20.80005,26.749811,-0.047250375,-0.039157994,0.31566826,15.268807,37.46574,24.728525,3.1376457,13.024624,0.0,1.3305092,-2.3404222,0.5332394,15.052323,397.52698,1194.3796,-1.3649727,1571.1162,1206.5416,-15.640045,2251.043,1217.4956,-13.4725065
0.77732784,-17.381594,24.291336,-0.023879364,-0.030929841,0.46358633,12.073148,30.497566,27.401114,5.684124,13.1050825,0.0075895987,1.8936605,-3.3605366,-0.8258455,11.73141,353.31876,1074.9315,-0.16074419,1742.7101,386.3733,-11.647668,2303.2173,1242.04,-9.696198
1.0785259,-14.471226,19.491806,-0.00040880233,-0.026962271,0.9555404,12.413437,25.116468,29.489912,10.769404,13.156531,0.0075895987,2.456812,-3.451108,-1.1055756,9.242442,348.6229,976.25714,-0.2685988,1587.7026,333.2739,-11.667526,2438.4465,626.5586,-6.41061
1.3546247,-11.964189,17.249935,0.00662717,-0.023704186,1.4629031,12.920013,17.181164,27.675467,8.545879,13.227296,0.007005025,1.7739949,-4.791473,-1.4401594,9.701514,366.18442,889.41364,0.28882703,1540.6632,293.81512,-13.246327,2457.4197,566.2016,-5.1587996
1.6141847,-10.572445,15.432793,-0.009250412,-0.02713032,1.4723233,14.760071,11.9735365,26.519415,9.455976,13.551904,0.0067127384,1.0911779,-7.074224,-1.1058494,14.848863,386.37778,821.19806,3.2380893,1516.7637,298.4269,-12.242574,2457.9788,564.0961,-5.662937
1.6034616,-9.460702,14.165339,-0.014886704,-0.030658126,1.2407712,14.744288,8.603942,22.248175,3.9790447,14.375842,0.0,0.40836105,-12.828766,1.700501,22.522364,398.57068,836.08746,7.668406,1555.1617,341.92947,-9.81268,2476.5461,656.00214,-7.2564435
1.6378809,-11.043735,15.809006,0.0015135519,-0.027047614,1.3007852,18.738457,9.8169985,13.261188,5.8002434,16.59651,0.0,0.40836105,-14.788696,5.584357,28.673065,374.41074,1059.3475,4.163783,1482.0621,615.3632,-13.448082,2426.9382,717.8039,-15.462232
1.6019908,-15.46256,22.659872,0.0013302477,-0.027744012,2.6301458,26.480484,12.058187,7.604622,5.5223336,18.62824,0.0,0.40836105,-12.843853,10.412372,30.673777,590.41455,1284.0433,-8.503969,1714.2538,908.1281,-21.520914,2710.802,1093.6001,-25.099543
1.6009121,-19.574892,29.205778,-0.005038868,-0.026650079,3.2847397,30.65332,13.924931,5.3401513,6.7012954,19.597929,0.0,0.40836105,-6.215416,8.327334,29.174608,720.14307,1467.4503,-20.510778,1806.7582,1083.2896,-30.775986,2859.2668,1125.5839,-35.107754
1.4126602,-22.80079,32.733868,-0.03683925,-0.03470215,3.6217496,32.388664,17.841705,9.258741,7.135554,18.527576,0.0,0.40836105,-1.4066881,7.6316676,28.31253,879.2622,1402.559,-26.944696,2063.6165,1014.759,-33.051815,3061.089,1243.2871,-37.378315
1.1956078,-24.652664,33.017365,-0.060064867,-0.037049424,3.1791036,29.87551,19.54735,12.901835,9.846153,17.266726,0.0,0.40836105,-1.4423376,5.751894,25.904398,791.38654,1280.2123,-25.782084,1980.493,821.0386,-30.68512,2915.2656,930.18085,-34.628525
1.0796552,-25.81167,32.405502,-0.0800908,-0.03438988,2.80538,30.81801,18.932062,17.355827,16.17922,17.012636,0.0,0.27323338,-2.8789625,-57.811203,-43.879032,784.21625,1199.6844,-24.826925,1967.8964,691.45197,-28.363794,2845.3496,871.897,-27.35267
1.0771168,-26.53676,31.885122,-0.08956495,-0.032553103,2.1715837,31.3752,17.4117,22.54165,17.937056,16.114084,0.25825617,0.1381057,-4.9407635,-58.124584,-49.068142,773.1307,1204.3647,-23.285002,1929.3154,594.78937,-26.719307,2844.043,753.4023,-21.927176
1.2009028,-21.493597,24.970627,-0.08104254,-0.034153473,2.2573385,28.08203,16.720144,27.369623,16.572426,15.370178,0.25825617,0.0029780597,-5.8111043,-60.747936,-55.602966,667.89557,1237.4628,-16.149399,1863.1245,531.4832,-26.616425,2784.4944,708.9792,-17.407194
1.2154828,-18.183111,21.190954,-0.07917409,-0.041142467,2.5002108,22.921669,17.463448,29.63737,12.103767,14.232552,0.25825617,0.0029780597,-6.4856944,-0.25305477,3.2532434,547.5326,1176.663,-7.9334908,1813.8871,437.27982,-26.516703,2756.4062,746.8372,-13.51381
1.3165063,-13.604594,16.245361,-0.0659884,-0.04468086,2.6083853,17.087145,19.1985,33.101246,12.539494,14.295016,0.25825617,0.0029780597,-5.9257126,-3.7556057,-1.7165905,422.0972,1040.973,3.583814,1711.9746,297.34885,-24.744806,2656.3557,831.05005,-6.1627083
1.3476257,-11.627658,14.084652,-0.0439534,-0.043413136,2.0685613,14.964784,17.042688,33.178196,11.153912,20.622696,0.25825617,0.0029780597,-3.1113584,-0.73955154,4.3109446,394.43323,941.2515,8.20148,1659.0941,254.56529,-25.501822,2622.5613,991.07245,-5.2467003
1.3752002,-8.464301,9.193728,-0.019755617,-0.04686482,1.6259732,15.281161,17.007587,31.711187,6.613029,26.924032,0.50550413,0.711611,0.30016962,5.282266,11.291817,409.3938,955.1938,10.74603,1696.708,258.1316,-24.227524,2644.9343,1035.4692,-4.5742197
1.3130921,-7.9817963,7.866693,-0.0061784214,-0.05153806,1.4337324,17.141424,17.122192,28.345709,0.33271965,33.236546,0.4316875,1.0263263,3.0207317,10.486503,16.640175,458.00235,1108.1478,6.26226,1800.7191,344.66586,-22.33467,2740.3108,995.07025,-6.5734253
1.2468559,-9.220567,8.825054,0.010093196,-0.056410342,1.0293176,18.312338,20.422857,26.622612,-4.756748,33.263165,0.39141324,1.2957891,3.4337852,11.373263,14.016463,530.84845,1235.203,1.2335014,1886.6171,352.65128,-19.309393,2793.1648,853.112,-4.9178824
1.1884098,-10.9138365,11.736981,0.025331857,-0.055098843,0.9186141,18.911959,23.436926,26.121714,-5.296528,33.246822,0.0645664,0.6498764,3.511165,12.063071,14.266808,607.25104,1282.3221,-5.4626346,1931.7675,358.10794,-20.022825,2817.3027,785.2725,-7.6663704
1.1069775,-11.644898,12.316821,0.029615983,-0.053844918,0.88348794,19.121786,25.402023,26.621008,-4.0717864,33.189426,0.0726712,0.62070495,3.5318336,12.137329,15.082909,667.54376,1207.1769,-14.2973175,1937.8595,338.11594,-24.18991,2797.3643,732.69977,-10.956769
1.0386146,-12.509083,12.451358,0.015607994,-0.054065567,0.84896344,20.082642,27.89984,27.448145,1.3838271,32.976284,0.027976783,1.0992732,3.1581366,10.738706,18.17258,701.67944,1175.477,-16.088556,1965.3077,366.84842,-26.625092,2827.216,699.09283,-16.411612
1.0694442,-13.639282,13.318856,0.011451018,-0.051650304,0.7382553,20.192764,29.254213,27.841187,3.6180973,26.265244,0.24812736,1.6313688,1.2778934,3.896932,17.484344,686.5844,1189.2369,-12.646787,1967.8724,355.58276,-23.873068,2843.1016,733.0296,-16.41908
1.1211697,-14.5033655,14.675183,0.0044008694,-0.043819707,0.76660687,18.864702,28.312195,26.764288,5.8277397,19.63937,0.24351479,1.8511772,-0.36315182,-2.6273477,17.819807,577.16846,1161.8998,-2.6948488,1874.1979,502.72656,-22.164488,2629.4885,774.6872,-16.703798
1.1464607,-14.024259,17.636862,0.0051839496,-0.036258426,0.8346793,15.626269,26.431686,21.121058,0.58090526,13.270424,0.36359712,1.6084986,-1.2645257,-7.9714103,13.851275,480.60864,1077.0558,0.8423662,1760.1066,627.20026,-21.504168,2547.6985,768.59106,-11.956622
1.0321074,-16.755587,22.747732,-0.01601673,-0.03462148,0.85040474,17.578379,26.93097,15.210935,-4.9480214,13.487053,0.0,1.2912687,-1.0597507,-8.058176,11.418423,558.7427,1104.1978,-8.517193,1919.1718,760.0877,-17.102661,2671.7898,668.3886,-9.435847
0.92695,-17.6201,25.024008,-0.016597107,-0.039053123,0.6870894,19.09395,25.664742,15.231603,-6.3161254,13.607701,0.027108261,1.0635022,-1.2233304,-8.157305,7.7843018,576.4368,1128.3888,-8.346999,1959.6776,786.8323,-17.365993,2760.2224,942.0059,-6.0458846
0.88200635,-17.836956,21.823305,-0.025292551,-0.042705506,0.6229399,23.730597,23.796333,20.35774,-1.2328243,13.543813,0.0,1.3450166,-1.7549348,-7.864039,7.0007854,620.7058,1265.6757,-7.8407044,2062.5012,727.5779,-14.823395,2826.3162,1026.1962,-5.432471
0.97409075,-13.59978,15.258115,-0.011964291,-0.049560595,0.6854312,22.575342,21.939402,28.269981,3.5306613,13.38771,0.030987162,1.2177978,-1.7243825,-7.0222816,8.089112,499.11816,1221.9302,1.3319412,1889.4434,638.1554,-20.14419,2689.6438,1177.3389,-6.6523185
1.003385,-11.890598,12.154015,-0.013575114,-0.055183157,0.77909017,23.385002,23.86171,30.645899,2.6908524,13.244316,0.030987162,1.0905787,-1.4695028,-5.7765446,10.214153,596.9847,1217.7494,0.36760688,1954.6813,457.24033,-19.1457,2827.7322,887.1683,-8.452973
0.98052996,-11.05888,10.405454,-0.004884034,-0.06131878,0.82782984,22.241959,26.101776,31.523636,-2.0362458,13.112514,0.0,0.5518878,-1.5170059,-4.8527384,12.198448,615.1699,1169.7509,0.6419746,1972.1547,357.57663,-19.654577,2868.6396,868.09424,-9.642989
0.9298155,-12.280647,11.3542795,-0.00752293,-0.061847497,0.7861541,21.662645,28.664816,31.06482,-5.153745,12.995148,0.031915814,0.64969677,-2.4637043,-4.5487227,15.180196,676.36786,1132.5541,-0.05736947,2011.2943,287.0842,-17.73474,2918.491,803.2077,-11.8241
0.9282634,-12.794216,11.848985,-0.0036586851,-0.062588684,0.7680311,19.74592,30.084173,29.174545,-6.317904,12.918182,0.0,0.5538718,-4.372931,-4.4731784,17.91471,618.21027,1185.8385,1.1585435,2011.6263,267.04007,-16.641981,2994.661,894.19025,-14.200908
0.98581237,-14.227057,16.160118,-0.016306669,-0.05957034,0.7054146,14.9670725,37.46147,26.118586,-5.289593,12.88378,0.0017302718,0.4570548,-5.436841,-4.5122304,19.60998,560.7305,1111.5691,-66.52081,2008.1371,235.07782,-77.61209,2780.8828,1788.9135,-77.61047
1.1604654,-11.608529,15.170765,-0.016425235,-0.056234945,0.7329545,7.836325,42.66069,20.45798,-8.160464,0.0,0.0,0.0,0.0,0.0,0.0,464.03345,1008.9948,-133.11647,1964.8102,237.5404,-139.61809,2650.1296,2032.0903,-139.61647
1.3254622,-8.694428,13.41869,-0.025013888,-0.052086722,0.7494158,0.6225198,49.125805,16.496496,-10.349486,0.0,0.0,0.0,0.0,0.0,0.0,413.0764,837.66,-201.0,1935.939,145.24007,-201.0,2398.747,1716.2759,-201.0
1.5017928,-4.3561826,7.9501796,-0.008773547,-0.037695717,0.85334444,-2.8129454,40.849308,6.096761,-12.374997,0.0,0.0,0.0,0.0,0.0,0.0,386.17236,854.21466,-201.0,1806.7711,287.8558,-201.0,2441.751,636.3233,-201.0
2.2124338,-0.8456578,7.3403587,-0.00063493877,-0.0169112,1.6795117,-1.0051225,21.65566,-2.6583297,-8.143745,0.0,0.0,0.0,0.0,0.0,0.0,558.00385,954.97754,-201.0,1862.0508,477.69052,-201.0,2649.5442,274.03714,-201.0
2.7142951,1.5922871,6.8411794,0.02241596,-0.0009022169,2.084299,1.5018257,3.335225,-12.81696,-6.681307,0.0,0.0,0.0,0.0,0.0,0.0,764.7542,1089.5638,-201.0,1934.1285,754.8238,-201.0,2988.3894,349.4645,-201.0
2.9257667,1.6967121,7.966966,0.0066876006,0.0014094934,2.3152592,3.6755798,-2.688927,-10.146126,-3.514985,0.0,0.0,0.0,0.0,0.0,0.0,824.26825,1085.0522,-201.0,1895.4272,994.91064,-201.0,2940.303,530.5212,-201.0
2.7944481,0.52670485,7.2618995,0.012933359,-0.0016751668,2.0071623,3.3455555,-3.7242327,-10.59736,-3.1724727,0.0,0.0,0.0,0.0,0.0,0.0,660.70135,979.2924,-201.0,1734.5343,1013.1053,-201.0,2675.1013,857.4583,-201.0
2.6534598,-0.12889723,7.508644,0.017188316,-0.0035612679,1.8481632,6.1572094,-5.9204216,-11.181503,-3.4795027,0.0,0.0,0.0,0.0,0.0,0.0,615.1009,950.7663,-201.0,1669.581,976.4688,-201.0,2584.825,999.6035,-201.0
2.4544973,-1.7881073,8.897038,0.023334375,-0.008285602,1.9856795,9.193698,-4.7563624,-6.5391946,-3.6654425,0.0,0.0,0.0,0.0,0.0,0.0,578.6969,1162.6346,-138.46239,1638.7958,1082.9537,-141.8698,2558.6453,1045.524,-138.11603
1.905887,-4.6016254,10.516101,0.00037924945,-0.011332672,1.5361352,12.229149,0.26065364,1.6643769,0.56909657,34.314846,0.0,0.0,0.027485669,-2.29817,1.3927402,518.6922,1507.9491,-107.19359,1541.6576,1188.1836,-84.72258,2508.9316,840.9888,-75.45781
1.5941683,-7.201635,11.703643,-0.025704136,-0.0146940015,1.3076912,13.480285,5.346621,12.409007,5.184986,33.913548,0.0,0.0,-0.156982,-3.1671817,3.16216,359.28317,1559.1222,0.0,1393.1699,1224.5286,-23.166273,2274.3364,873.7945,-12.74355
1.5776391,-6.42382,10.195922,-0.023809789,-0.018555818,0.87717295,13.7839575,2.2848117,12.125214,7.383784,33.35133,0.073186085,1.1041865,0.35369262,-2.5971124,6.213754,356.65906,1347.8325,-3.7960505,1414.0361,893.48755,-20.628273,2342.4949,795.2764,-11.811381
1.6234127,-6.329471,10.67001,-0.010584728,-0.02466146,0.8730564,15.826416,1.2107593,9.845443,4.7939186,32.86656,0.049121723,0.826637,1.4806722,-2.2498496,7.232472,411.66446,1129.0729,-3.2605865,1495.714,772.3776,-13.269428,2434.2588,829.56744,-10.493058
1.6807436,-5.903115,9.365054,-0.005315531,-0.026633566,0.9879071,17.719912,-2.009908,8.185527,4.6821113,32.68506,0.035588127,0.912174,1.9788741,-0.8907874,7.4277205,427.23843,1106.3309,-1.8127692,1521.5312,803.1714,-10.218039,2481.1423,852.37616,-9.70293
1.75394,-5.5880795,10.488689,0.003135483,-0.02267564,0.9673597,19.99211,-6.791801,7.1573358,2.0717037,32.424843,0.020622328,0.57290095,0.88666534,1.2365985,6.413286,432.0712,1121.11,0.0,1540.8604,835.98413,-6.8221383,2510.7756,869.1924,-9.13453
1.7778168,-4.6988635,9.414733,-0.008036865,-0.022027003,0.95205325,20.745314,-9.935941,10.828277,1.329416,32.13383,0.02301802,0.73779416,-0.44764984,3.0193098,4.9989524,444.4912,1038.2959,-4.7238193,1521.5292,797.66986,-5.095594,2480.3694,820.9478,-7.6831927
1.7321991,-2.8084214,8.251292,-0.0021028428,-0.022291945,0.9084589,18.697025,-12.408374,11.137359,-0.26479074,31.847878,0.011485192,0.45681155,-0.8677354,5.004424,3.0807579,430.24057,972.4673,-3.4593887,1472.264,679.1281,-2.766592,2431.2441,736.0312,-5.0084763
1.6480999,-2.0939403,5.4317284,-0.016346212,-0.023685506,0.8606882,17.052225,-10.197216,14.43823,2.7477767,31.716265,0.008634896,0.6762548,-0.23708834,4.7069073,1.8923775,426.5027,955.46356,-2.5397594,1428.5719,639.04987,-3.5804784,2381.9832,696.0356,-2.900467
1.610486,-1.1453593,3.5310252,-0.00987037,-0.022557974,0.7300632,15.764621,-10.384009,15.570564,5.260555,31.65006,0.00804739,0.73122597,0.25584415,4.2598405,1.7665548,411.23917,1013.0906,-0.07356962,1386.9434,638.2679,-5.551386,2345.051,661.29913,-1.8401245
1.6118339,-0.16042328,3.2015846,-0.0044846362,-0.017003,0.61569893,14.69864,-11.05309,16.922487,5.7831306,31.608711,0.007558586,1.3941483,-0.20182319,3.6477091,2.6500943,411.0013,1059.2423,0.19655228,1354.2264,672.9814,-8.68323,2337.7764,637.0391,-2.453542
1.6997458,-0.7311618,3.8561084,0.0063570067,-0.02337493,0.68664885,15.160182,-9.937012,15.665485,4.297755,31.59244,0.004290597,1.5157732,-0.5769574,3.27237,3.2215152,408.43384,1001.6829,-66.798416,1357.4166,633.2288,-72.93345,2337.577,581.7441,-68.9461
1.6321015,-1.2612374,4.9774003,0.020352172,-0.028591657,0.8215783,15.870972,-8.941199,11.470445,1.447178,0.0,0.0,0.0,0.0,0.0,0.0,406.7631,945.3797,-134.04005,1365.6241,604.70624,-137.19514,2353.304,546.2287,-135.43431
1.3702692,-5.525848,10.31158,0.0010159338,-0.03163463,0.9896536,20.012262,-2.9766262,10.049033,2.6193666,0.0,0.0,0.0,0.0,0.0,0.0,364.9043,1343.2792,-201.0,1298.152,934.47723,-201.0,2375.4563,762.66486,-201.0
1.0412276,-7.518624,15.408931,-0.011579212,-0.024997706,0.85887283,22.618212,-0.825309,5.581947,5.123047,0.0,0.0,0.0,0.0,0.0,0.0,376.67258,1540.2489,-131.85378,1309.4462,1150.4241,-134.71227,2445.0613,895.6438,-137.13696
0.9087863,-8.717359,16.498861,-0.031835884,-0.017060962,0.7387027,23.510538,1.6292158,4.9734674,10.865041,32.034576,0.0,2.1690357,1.6513535,-6.011256,9.681222,378.24545,1621.208,-64.75435,1278.1854,1240.9506,-71.11643,2401.6816,923.4373,-72.91068
1.0622255,-6.7139916,13.689472,-0.013445591,-0.015605874,0.64788145,21.00782,-1.0477328,2.208461,12.115494,32.031345,0.0,1.4590436,1.7111664,-6.422506,8.956779,363.0903,1340.7787,3.3684778,1326.9243,960.2037,-8.584262,2362.6624,730.21606,-9.16587
1.3156441,-6.678257,12.6260805,3.6648784e-05,-0.017111802,0.88330716,19.442842,-1.431293,3.1449654,9.744318,32.012074,0.061335467,1.4912295,1.3240279,-7.1530757,8.10711,338.3835,1195.2184,0.0,1298.1215,791.9974,-13.934949,2275.3054,608.96796,-10.370918
1.4449444,-7.3252964,13.582504,0.0047002784,-0.020257967,0.99071693,18.791197,-0.3929104,0.9829636,6.720597,31.99298,0.061335467,1.1523265,0.6809422,-7.271637,7.850952,331.5148,1139.6005,-102.916016,1319.0625,736.51874,-77.53078,2289.908,576.42755,-74.597206
1.3965737,-9.821605,15.615911,0.00061999937,-0.025536073,0.94389504,18.80875,6.69261,-0.5498154,2.4744775,0.0,0.0,0.0,0.0,0.0,0.0,380.422,1006.82135,-135.61067,1334.2357,734.6049,-140.06294,2287.905,500.57852,-138.34203
1.2777581,-10.315215,15.66299,-0.015265077,-0.025658807,0.764332,15.136256,15.7569475,-3.631242,2.667657,0.0,0.0,0.0,0.0,0.0,0.0,389.946,1040.1416,-201.0,1319.1481,815.6612,-201.0,2302.6843,498.74023,-201.0
1.2441001,-9.560836,15.008344,-0.019644672,-0.025066884,0.6855745,8.747986,25.898775,-3.2956066,-1.822926,0.0,0.0,0.0,0.0,0.0,0.0,397.3743,1143.1787,-134.01411,1286.8826,961.7067,-135.00252,2361.2852,340.40842,-141.00694
1.3260179,-4.299932,8.008094,-0.016587455,-0.022992315,0.69181204,0.81081885,32.37205,-5.4751396,-6.4417214,13.002915,0.0,0.0,-9.131466,1.836353,22.871862,347.06668,1423.3608,-68.16487,1219.716,1204.8682,-69.07404,2422.8835,272.24603,-81.35063
1.3727089,-1.6998194,3.6906488,-0.0014110884,-0.030673297,0.69812745,-3.0121262,37.344143,-4.971396,-12.357202,13.005572,0.0,0.0,-9.090997,2.6762457,18.529737,529.25903,1381.86,-2.3693807,1613.3965,1129.5277,-9.916319,2756.9717,398.6582,-17.135977
1.341303,-0.3336132,0.38695145,0.017457884,-0.043992903,0.6808183,-4.4507756,41.223454,-7.359813,-20.444399,13.031139,0.0,0.0,-8.477491,3.948704,14.81055,697.81805,1236.6467,-8.886767,2012.1224,964.1552,-17.125467,3002.679,638.67206,-13.421051
1.2695501,-2.4406223,3.3401165,0.0054353825,-0.05596445,0.60094243,-2.834903,43.80971,-5.7291017,-23.320593,13.010232,0.0,0.0,-8.021487,4.7805877,11.705049,917.56036,924.3392,-11.472348,2469.3127,707.6333,-23.740463,3276.8484,888.9993,-10.427289
1.2417351,-1.7827665,2.5977437,-0.0007117731,-0.05703232,0.51345354,-3.1774123,44.61323,-5.064791,-26.025108,12.906442,0.0,0.0,-7.5026574,4.8070917,13.634197,943.7099,953.49316,-11.743806,2442.0159,830.6074,-23.365393,3304.8438,792.9106,-12.141434
1.2374003,-1.7373861,3.2317798,-0.014112071,-0.054882616,0.47275293,-2.8703604,42.722805,-4.175406,-23.100006,12.908939,0.0,0.0,-6.9605484,2.8697863,15.3906355,932.94,1054.0967,-7.371067,2446.9968,796.07666,-23.230217,3292.4023,934.24023,-13.287732
1.196415,-3.4684105,5.006928,-0.011096953,-0.050961066,0.48247072,-0.088554226,41.400932,-4.1131234,-21.944284,12.995377,0.0,0.0,-6.226673,-0.812648,18.320215,956.6048,1133.8923,-3.8774767,2526.8574,670.1907,-21.67467,3267.075,1075.1918,-15.593019
1.1228871,-6.4023156,10.100342,0.0018294379,-0.05092806,0.5407935,5.4342074,36.034435,-7.078277,-23.042007,19.566137,0.0,0.0,-2.0431044,-0.80915433,22.81655,752.1984,1232.6031,-1.2828059,2109.2786,712.5584,-17.399837,3020.2273,1106.7183,-19.682137
1.0891956,-12.711311,18.71063,0.010621824,-0.051100463,0.7444245,15.257632,34.269634,-9.96743,-22.659874,25.999975,0.0,0.0,1.9691739,0.4098266,27.471754,560.5799,1350.1168,2.1330328,1635.6328,864.6121,-12.141288,2759.9026,877.30273,-24.085709
1.1246743,-15.186345,23.915854,0.025343703,-0.05180053,0.80589586,22.976547,28.636236,-13.548205,-26.25588,32.35951,0.0,0.81745946,5.5574555,2.3351018,33.07339,338.2438,1451.9093,3.513713,1081.1743,1057.2584,-8.655749,2473.2483,541.57086,-29.559677
1.1525027,-15.938099,28.42929,0.0101708155,-0.050679013,0.8022237,29.478205,27.081598,-13.625667,-27.758453,32.298702,0.017741267,0.8105378,5.7485414,0.46515465,36.207714,326.64664,1378.1138,3.1141384,1084.5679,930.2601,-9.781119,2390.9011,469.88208,-33.09358
1.1167722,-15.2962675,29.457071,0.0022416692,-0.050537597,0.66661686,32.028553,25.168732,-14.015897,-31.100807,32.23755,0.013884582,1.0089025,5.6867065,-1.1528015,37.27237,347.6211,1293.0311,2.1635764,1111.4364,896.2271,-12.942651,2412.7908,522.35785,-35.108795
1.0623661,-15.799426,32.064983,0.002310441,-0.050698403,0.5809879,33.343655,25.792686,-13.554741,-29.357964,32.207775,0.005326271,1.3168851,5.659262,-2.5596507,35.204807,372.86313,1183.8805,1.1001953,1136.6483,847.1536,-17.367764,2421.955,536.2166,-34.104614
0.9814996,-18.61731,30.818506,0.019920744,-0.050432384,0.5812244,33.328724,26.862455,-12.577966,-26.234436,32.22774,0.0069731376,1.5023643,5.626911,-3.9395103,33.358982,372.42148,1218.7496,0.36095777,1127.0927,881.62103,-20.341818,2418.2908,515.2745,-32.998028
0.93983954,-18.684494,29.693525,0.03934019,-0.04631378,0.57786554,31.62343,24.31579,-11.443787,-23.161592,32.28255,0.007910048,1.454161,5.692913,-5.1675534,32.199833,372.1826,1208.7507,0.016491413,1134.7393,899.4488,-22.048815,2372.51,472.05838,-32.183346
0.92845637,-19.66173,30.337671,0.030476073,-0.048125837,0.67234534,32.22221,25.289213,-15.190801,-22.009863,32.338806,0.010673042,1.1309656,5.992241,-5.967648,30.607414,374.95663,1254.7894,-0.08792003,1138.1185,941.65204,-23.734816,2364.4666,614.41315,-30.695335
0.96025413,-20.369127,33.147648,0.0138021065,-0.05266391,0.677056,31.866875,25.79837,-17.692192,-23.94053,32.348316,0.0075371303,1.082964,6.437458,-6.2968926,29.382505,378.04654,1252.7509,0.106379986,1135.9406,952.7563,-18.797636,2347.9856,658.57806,-29.276125
1.026065,-20.885208,34.09267,0.0038965894,-0.060747173,0.61137015,33.088573,28.285955,-20.649931,-27.04889,32.317554,0.007866843,0.9384963,6.836679,-6.527762,29.560778,379.61368,1307.6471,0.5361931,1127.2086,974.67084,-18.504087,2415.9597,663.12897,-29.024584
1.0650885,-21.32828,33.2169,0.009820293,-0.06654193,0.50332195,32.124786,27.874094,-16.577902,-30.772102,32.26653,0.00641961,0.9866047,6.7904496,-7.0808964,29.04479,375.94202,1330.3715,1.277132,1106.7042,985.8536,-10.014359,2466.0107,520.2835,-27.76766
1.0750982,-21.005096,33.3083,0.024010554,-0.06952232,0.47257176,31.779999,26.169891,-15.632313,-34.868935,32.212963,0.008235934,0.70379084,5.930837,-7.7700577,27.238245,345.0386,1459.1735,1.6544104,1092.0996,1037.8093,-7.2646294,2547.0369,533.4705,-25.019579
1.0817074,-20.424007,32.846527,0.020963682,-0.072709106,0.5136371,30.461466,26.730835,-12.877116,-36.831104,29.816566,0.0075511225,0.49229637,1.7805471,-8.539966,21.179197,344.20944,1365.9395,0.0,1089.7892,960.0069,-7.4455333,2561.7258,385.09146,-22.14299
1.0623761,-20.483725,32.076397,0.02162906,-0.072745435,0.56037,27.827461,27.97222,-15.779686,-36.783478,23.431852,0.22790222,0.4301404,-1.2495733,-4.3074155,20.130842,339.02518,1288.8892,1.5238869,1090.9135,884.5303,-9.084487,2559.6035,253.95227,-20.919207
0.98231846,-19.599401,28.270905,0.007892293,-0.073657714,0.74735594,26.630545,28.544832,-16.718332,-32.674305,17.05317,0.44788775,0.49959436,-2.990463,-0.05010255,21.590506,370.97586,1147.7609,1.5748811,1108.7511,815.939,-11.425292,2521.5203,118.79144,-22.650549
0.8242595,-19.237585,27.782782,-0.004200298,-0.07145877,0.749774,26.740662,25.960188,-14.97655,-28.27545,13.038173,0.6678733,0.56904835,-1.3227075,4.394995,26.307837,388.875,1194.2823,1.9446005,1118.0844,919.75934,-5.931167,2499.1445,214.13338,-23.61728
0.68869704,-17.518705,29.077604,-0.001975106,-0.06659725,0.66555876,28.974237,21.808365,-14.385377,-23.977667,13.0575905,0.44858944,0.6888184,-0.48053348,4.1018205,24.343056,414.0109,1333.1284,1.9604282,1148.9927,1105.9385,-6.20446,2532.5676,440.82788,-21.226576
0.63905483,-17.263319,31.654848,-0.00423025,-0.06382409,0.42245615,30.306345,20.11889,-12.851066,-18.671883,13.085742,0.22650336,1.1726835,-0.780091,3.6766555,18.662895,469.563,1482.923,-0.032669384,1184.226,1422.5156,-6.388279,2606.043,652.4598,-14.956706
0.67145425,-16.307005,30.542627,0.01003386,-0.05726349,0.33710277,28.0653,18.629045,-14.422414,-13.350464,14.042747,0.069035806,1.4339803,-1.9763314,3.207596,11.676346,484.63284,1512.6371,1.3143094,1227.9159,1578.4615,-6.713927,2588.058,802.8081,-7.9441414
0.74689406,-15.588164,24.646132,-0.0045676036,-0.053737473,0.34577274,24.767645,16.645178,-7.507937,-8.226159,21.254358,0.13085213,1.575507,-2.3019245,4.7553344,9.414589,495.79318,1345.5674,2.9396617,1321.037,1548.7084,-10.094264,2525.1267,781.25195,-4.6400056
0.91015273,-11.942199,17.176325,-0.0030299916,-0.04699248,0.38379154,20.52063,11.92419,0.106030144,-7.2441444,28.460672,0.19547068,1.3529388,-0.88780904,7.0042953,10.258171,460.74673,1107.4283,6.6648316,1420.5961,1234.3976,-14.267951,2423.5696,700.9217,-4.626317
1.1757947,-9.320182,11.549557,-0.0025948584,-0.046303038,0.5650731,18.453161,7.0589485,7.8891015,-5.785532,34.703793,0.19547068,1.3529388,1.6373805,9.966384,12.984353,435.64755,950.5716,6.593859,1483.7485,871.5232,-18.924574,2426.752,605.4974,-6.390495
1.4596974,-7.424024,9.697979,0.014784448,-0.04144849,0.7741661,17.384893,4.0140214,11.156823,-4.0249515,34.583546,0.46364713,1.2557861,2.8311517,11.294925,14.034617,407.1211,947.3828,5.8939185,1509.4423,638.1496,-19.717184,2450.6453,654.4057,-8.1406975
1.6543922,-7.557388,10.009716,0.056135092,-0.039321315,0.87974787,17.456676,2.4661758,12.7669325,1.0001465,34.249554,0.40083876,1.1809297,2.6630774,12.766075,13.126363,381.89517,973.8149,5.293095,1509.9615,491.11243,-20.722807,2469.3816,717.1958,-7.8332667
1.7021106,-8.143952,11.206951,0.062344257,-0.04009144,0.83629864,18.332443,4.769174,13.696031,4.6278,33.913166,0.33867097,1.0964532,2.5513995,13.976581,11.468175,380.24753,1060.7451,5.38661,1567.515,520.6326,-20.484472,2510.0476,844.47833,-6.081564
1.6910286,-6.738564,10.069655,0.06256961,-0.042390477,0.7970414,17.435099,5.3472667,15.575221,8.708267,28.238699,0.0083266925,1.1091293,0.26277938,10.452716,8.380908,370.30298,1168.128,9.815717,1592.9769,546.8703,-16.391973,2559.3137,869.29095,-0.06724485
1.6303583,-6.279953,9.219351,0.0285633,-0.04462399,0.77249986,17.063858,8.127799,16.002625,9.502537,22.59121,0.008967249,1.0995091,-2.7495348,6.6610146,10.483109,377.28012,1264.2836,14.787112,1647.9108,581.34937,-9.905543,2619.8057,903.17645,4.1525173
1.5776857,-5.292711,7.4617257,0.02055635,-0.04115886,0.7124693,16.459904,7.9793925,16.169392,8.35934,16.936049,0.008967249,1.0995091,-7.0251307,3.7399557,16.79836,505.2972,1373.4528,11.548955,1709.3193,598.8657,-7.092901,2674.744,842.0865,1.9867865
1.761589,-7.9682465,9.831725,0.02773664,-0.033594932,1.3832483,17.387728,11.349441,9.868152,9.105585,16.638083,0.008967249,1.0995091,-9.293565,6.0291877,28.351389,806.69073,1345.5385,-5.1829133,1916.502,638.81036,-13.700885,3055.0422,1216.465,-13.683425
1.792826,-13.811669,19.445885,0.00728745,-0.025817374,2.722274,21.193924,16.38872,5.709993,10.275876,16.509264,0.008967249,1.0995091,-7.704432,7.857609,31.55297,782.273,1459.7501,-16.60451,1759.249,891.8254,-26.569626,2928.3508,1284.0427,-26.423021
1.7078943,-20.502045,27.35277,-0.0005489706,-0.020907497,3.4424036,22.586164,24.654013,8.334416,15.121208,16.420206,0.008967249,1.0995091,-4.265564,8.912271,31.557709,652.98334,1424.4723,-21.605284,1627.6602,1311.007,-38.357677,2736.4197,1203.4019,-35.72072
1.3447007,-24.35322,31.5868,-0.041776568,-0.021836044,3.6524894,21.651926,31.989954,17.683405,17.46549,16.403446,0.2158999,0.79242533,-0.6015784,11.105762,28.997444,364.0249,1344.5839,-17.737663,1517.7285,1586.7695,-43.0968,2136.1917,682.11414,-36.455814
1.0643246,-28.198736,33.82462,-0.06307351,-0.027680838,3.0071113,21.025042,36.043423,22.545227,19.523912,17.87612,0.29121205,0.4718566,-1.2832175,10.1716175,30.847708,526.6434,1223.7589,-24.746721,1821.1686,1313.3691,-42.201256,2608.258,605.996,-42.35172
0.9356222,-29.581617,35.719025,-0.09111319,-0.031180784,2.8936856,23.56022,32.735348,23.920904,20.118261,20.014513,0.3665242,0.1512879,-1.8810053,11.902722,31.154192,620.0229,1228.1024,-29.578743,1989.897,870.60516,-41.71339,2809.907,747.4058,-43.63151
0.85272884,-31.957056,38.839214,-0.09072774,-0.030685728,2.9868584,29.8815,27.905142,21.440102,22.197104,22.088486,0.23490365,0.13780302,-2.5521119,10.790471,31.764465,787.12787,1360.7684,-34.99621,2072.581,674.77405,-42.122784,3062.0452,1263.8319,-44.04488
0.7838915,-31.357094,39.015064,-0.07469933,-0.029372146,2.9263496,30.441414,28.958902,19.73718,21.67839,20.528954,0.23490365,0.13780302,-3.1741135,7.859155,29.209436,792.2929,1375.486,-31.729147,2102.3271,759.1076,-42.09083,2920.6511,1354.8926,-39.25041
0.6565964,-31.314682,39.739193,-0.05508399,-0.027458712,2.5895822,29.171318,34.585358,15.118627,19.231554,18.174387,0.23490365,0.13780302,-4.8775325,1.6823354,26.258814,806.83594,1362.7748,-29.077316,2188.1526,790.64886,-38.14973,3096.6816,1369.1361,-35.74025
0.528482,-31.689981,40.45579,-0.064899266,-0.0316752,1.7106167,24.274515,41.739742,15.784478,13.148628,15.936698,0.23490366,0.13780302,-6.171982,-3.478594,22.314783,725.65216,1347.5023,-83.87958,2182.9646,620.81366,-91.13373,3279.5781,812.1301,-88.72424
0.5435745,-28.640228,36.25953,-0.07171071,-0.028070701,0.99250215,19.575476,40.81309,21.446884,10.241124,0.0,0.0,0.0,0.0,0.0,0.0,576.70184,1252.6893,-142.37758,2040.3214,713.03613,-145.3701,2953.303,645.88495,-144.114
0.6258535,-23.977121,31.05483,-0.08020071,-0.025025403,0.82568234,13.749726,38.405865,27.577713,5.1313605,0.0,0.0,0.0,0.0,0.0,0.0,467.87772,1137.0253,-201.0,1947.0156,512.1515,-201.0,2690.412,834.22705,-201.0
0.77526474,-16.624353,22.570686,-0.072831325,-0.02124161,0.60667115,7.174087,35.267773,32.820843,3.1551285,0.0,0.0,0.0,0.0,0.0,0.0,371.81918,966.1348,-201.0,1793.9452,443.48892,-201.0,2402.8167,946.87177,-201.0
0.97809786,-10.01422,15.38218,-0.06320887,-0.022124713,0.6824325,-0.4623146,37.927803,33.389282,-3.5272372,0.0,0.0,0.0,0.0,0.0,0.0,363.10278,878.0954,-201.0,1751.8239,377.32898,-201.0,2479.5452,1025.89,-201.0
1.2464193,-5.408476,9.423068,-0.06403426,-0.026024701,0.65332633,-6.8677845,42.534836,33.06241,-5.272988,0.0,0.0,0.0,0.0,0.0,0.0,351.62402,844.7076,-201.0,1668.8486,626.71295,-201.0,2467.5059,753.84204,-201.0
1.3546089,-3.1694195,7.5069757,-0.05359472,-0.029282147,0.755809,-10.816094,46.679325,31.546892,-8.102537,0.0,0.0,0.0,0.0,0.0,0.0,344.75085,829.7986,-201.0,1643.5477,834.1042,-201.0,2525.9226,782.1512,-201.0
1.3612814,-3.1440747,7.495791,-0.05556114,-0.03308778,0.74381155,-11.8098135,48.68864,33.41776,-7.0711436,0.0,0.0,0.0,0.0,0.0,0.0,339.6843,809.0871,-201.0,1598.9916,970.84424,-201.0,2593.9114,682.2663,-201.0
1.2920896,-2.4478493,6.402595,-0.051924225,-0.032332584,0.7257728,-12.218024,49.8705,35.59859,-9.228226,0.0,0.0,0.0,0.0,0.0,0.0,331.33765,782.5424,-201.0,1566.8223,1122.2756,-201.0,2696.786,696.9827,-201.0
1.3157717,-2.2871864,6.731813,-0.05936173,-0.03191149,0.7172678,-11.818595,49.326706,35.614094,-11.485458,0.0,0.0,0.0,0.0,0.0,0.0,338.23685,753.77026,-201.0,1558.2882,1194.8794,-201.0,2719.682,685.55096,-201.0
1.3309078,-1.4231821,5.9602313,-0.056787413,-0.026368069,0.7797913,-12.300052,46.323788,36.8046,-10.853768,0.0,0.0,0.0,0.0,0.0,0.0,698.929,861.7537,-201.0,1914.6222,1044.1521,-201.0,2959.4524,806.3488,-201.0
1.3275353,-1.7341567,6.878794,-0.053278252,-0.026078073,0.8002532,-12.349597,44.086395,38.87317,-9.511586,0.0,0.0,0.0,0.0,0.0,0.0,698.70416,866.4588,-201.0,1878.622,1051.4137,-201.0,2950.0774,752.3133,-201.0
1.3346628,-1.6981176,6.4481406,-0.051653396,-0.024869991,0.8058222,-12.579605,41.82365,41.875904,-6.976662,0.0,0.0,0.0,0.0,0.0,0.0,601.5164,1053.3014,-201.0,1844.0094,986.4468,-143.75179,2977.0867,888.4484,-138.40987
1.3340031,-1.9623995,7.701571,-0.051299687,-0.027476927,0.7955727,-11.443165,38.89591,39.49078,-6.1401443,22.343422,0.0,0.0,-2.6246483,24.129272,14.470044,235.54895,1067.1838,0.0,1488.5592,951.2837,-83.62271,2698.151,903.10944,-77.14054
1.2717743,-3.7768,9.353657,-0.030813955,-0.025076887,0.7515289,-6.522013,32.14008,36.25233,-3.2567308,22.411146,0.0,0.0,-1.9928802,22.57575,15.806668,241.82182,1115.4288,-15.563772,1551.712,570.7559,-21.699465,2606.0828,1011.5156,-15.075454
1.2176949,-7.6114163,12.414073,-0.002815865,-0.025878437,0.91011494,3.04863,25.400955,32.42157,1.413812,22.490112,0.0,0.0,-1.0417491,31.234426,18.132881,343.91293,971.872,-9.472729,1568.0367,373.19302,-16.166426,2500.1272,846.96625,-14.849353
1.1878844,-11.469968,15.30087,0.021762738,-0.024753101,0.82902765,13.465843,17.389406,29.550745,6.379576,26.3798,0.0,0.0,0.2078218,17.96834,16.150991,362.6981,917.7519,1.0595894,1554.4781,298.29648,-13.5325575,2429.2852,753.3733,-14.66732
1.2631345,-12.531403,16.701584,0.020556329,-0.029500226,0.96516687,19.980743,10.439679,24.633667,8.803887,30.167688,0.0,1.4374487,1.2433501,10.447713,13.079265,380.94836,919.59717,-1.8124771,1490.372,464.55542,-11.794026,2384.9895,686.5469,-14.135594
1.3993884,-11.807724,16.98768,0.008002695,-0.030158916,0.908401,21.91276,5.434627,17.263649,7.199276,33.926037,0.04811079,1.173817,2.461235,-3.0191994,10.340068,396.2334,954.0791,-3.3970928,1445.9955,626.58606,-10.642162,2340.2263,706.33856,-13.73716
1.5310143,-9.569229,14.289574,-0.0007483279,-0.030407561,1.0607585,21.885916,1.6868004,11.156381,2.3471177,33.75513,0.034883365,1.3887506,2.7510254,-3.0136156,9.649428,400.41537,981.376,-1.1622325,1387.2828,713.6512,-8.195191,2294.2236,659.1745,-10.811661
1.600112,-9.363046,13.418555,-0.019863991,-0.02467241,0.93615675,22.17991,0.49760148,9.637782,-1.5483193,33.629574,0.02692484,0.811383,2.0764477,-2.3189173,9.934279,401.80356,1005.55176,1.4304127,1349.5477,782.5771,-6.237971,2265.7185,607.3256,-8.503867
1.5388808,-7.5304694,11.574805,-0.021960175,-0.01988361,0.89007115,20.501757,-1.8875283,8.233264,-7.633156,33.51446,0.0072447676,0.8923485,0.63849515,-0.72472423,10.605595,368.79932,1108.3959,1.817187,1299.075,822.6936,-6.3900604,2255.6416,545.0274,-8.788407
1.4464331,-8.090933,11.45222,-0.03319538,-0.017886372,0.7662336,19.625841,0.005181074,7.032191,-8.292383,26.738,0.005293951,0.93264276,-2.7060432,-0.7762306,12.026696,367.04358,1134.5328,2.6277332,1278.6882,854.7344,-7.815987,2266.415,495.78308,-9.760981
1.3535972,-8.455319,12.293251,-0.014416712,-0.014175836,0.86433154,15.745186,7.089857,3.6252387,-5.6423297,19.993956,0.0025760639,0.88945,-4.484518,-1.5370313,15.882236,606.6734,1090.7666,-4.266248,1581.4912,717.52325,-10.957044,2671.871,353.3538,-13.655727
1.2551104,-10.408455,14.379672,-0.017679175,-0.012414597,0.8434203,11.90087,17.571596,9.381469,0.80836177,13.287398,0.0025760639,0.88945,-5.4145184,-4.093804,17.222153,586.6708,1121.5009,-2.6317186,1655.6914,682.4703,-14.21584,2717.6887,300.29086,-13.594257
1.0846698,-11.879373,16.496813,-0.009730595,-0.011162359,0.88577574,8.744082,24.619246,11.632629,5.5316987,13.384885,0.0025760639,0.88945,-4.7417464,-6.254219,18.103086,572.75806,1129.5446,-1.6980044,1717.3379,624.83563,-18.229918,2749.4539,342.4873,-15.007136
0.9398559,-14.395699,17.312132,-0.017449861,-0.017300291,0.8305475,11.513715,27.278692,14.681953,6.7818274,13.66811,0.0025760639,0.88945,-4.506666,-8.959401,14.25322,334.7267,1225.5654,7.1202874,1432.8685,1005.6574,-19.392296,2314.3008,439.36142,-12.269546
0.85355496,-18.145798,20.107712,-0.0057387934,-0.021194985,0.99012023,17.945269,27.241013,13.630483,4.267753,16.339727,0.0025760639,0.88945,-3.2839572,-0.37724176,13.774016,505.27063,1215.2135,2.2952433,1654.4584,877.3213,-14.736267,2680.5613,567.302,-9.245637
0.93362015,-20.810228,22.850073,-0.00053317257,-0.028925234,1.0605645,23.108198,29.052902,16.97186,-0.23941596,18.825712,0.1727015,0.76901764,-1.3555573,10.078589,12.894193,544.8665,1292.3657,3.5850716,1550.1816,1405.9706,-13.081037,2586.8132,530.77875,-5.7609024
1.0621713,-18.398468,21.309065,0.012432915,-0.033001807,1.2166787,23.426226,24.610567,16.953014,-4.689569,21.061644,0.17964329,1.0065458,0.12875707,21.493965,15.325721,534.40155,1244.3105,4.0908027,1536.9062,1185.5002,-12.1601515,2599.3752,551.6402,-4.9933515
1.2841883,-13.657088,15.528793,0.010593056,-0.034562957,1.0351263,20.09318,20.376848,18.631617,-3.914896,18.552677,0.2990152,1.2064166,-1.1783037,11.936175,13.982216,399.1117,1134.8779,10.736572,1305.6132,1270.9628,-15.336186,2184.1882,493.89835,-7.2010765
1.3947853,-11.01165,12.435272,0.013593052,-0.03172196,1.0018888,17.087679,16.621927,19.810036,-0.32355785,16.045822,0.1290414,1.0408937,-3.5451958,2.5055814,13.21659,370.0446,1024.1589,9.318055,1433.4678,754.1495,-14.181111,2240.3074,590.76245,-9.341742
1.4498305,-12.170939,13.7309265,0.007650548,-0.02945891,0.9673147,16.697157,18.311478,23.630117,4.6462555,13.269894,0.18186139,0.5174102,-5.838926,-6.881777,13.485576,366.68808,990.81665,6.872025,1473.9703,645.5414,-14.288224,2277.4775,600.19727,-12.079872
1.3368698,-13.687187,16.95312,0.018449733,-0.03322198,1.1066608,15.572305,20.765566,20.126589,4.6942496,13.025784,0.0,0.031584125,-6.7624836,-5.8339996,15.289818,369.01163,953.9725,-63.28851,1475.1416,586.58636,-76.29046,2318.943,567.81665,-75.88765
1.33264,-12.18781,15.57354,0.009477627,-0.035662778,1.1720871,10.723054,27.583069,20.593,2.123432,0.0,0.0,0.0,0.0,0.0,0.0,367.36136,897.3872,-132.73828,1515.5822,430.31894,-138.87067,2394.2727,348.7023,-139.22313
1.4154204,-8.487666,13.217214,-0.000121340774,-0.037992526,1.1104289,2.933236,36.640812,21.720747,-6.890894,0.0,0.0,0.0,0.0,0.0,0.0,360.62952,873.1265,-134.31331,1644.109,544.03864,-142.64594,2358.8186,487.78177,-142.37016
1.5253048,-4.189025,8.39726,-0.012496504,-0.038501337,1.0521493,-3.6263208,45.666454,26.046722,-13.272006,22.973297,0.0,0.0,-6.527087,0.26517808,25.324875,362.65445,808.68243,-67.62643,1760.9347,709.7591,-84.94631,2363.887,593.92413,-84.33289
1.5590162,-2.033264,5.41427,-0.0069472473,-0.04541443,0.9305832,-5.4049916,49.763474,25.033142,-20.753004,22.969194,0.0,0.0,-5.896626,0.28523842,26.712015,368.90097,797.71265,-0.90263647,1889.9282,1051.5518,-28.073168,2207.3906,920.59106,-27.459745
1.5213885,-1.6251043,3.4559183,0.002236292,-0.04852283,0.8637202,-5.792562,51.837082,24.154028,-23.666489,22.953032,0.0,0.0,-4.4311776,0.2349639,27.079224,387.95865,750.18243,-0.89389443,1902.0537,1149.8119,-31.237076,2292.1365,1170.8734,-28.041891
1.4633347,-1.7804192,3.470004,0.0026703405,-0.050497968,0.7727627,-4.3437,52.171436,26.637894,-26.506952,22.937904,0.0,0.0,-2.914112,0.12107611,29.556406,393.4043,770.6031,-0.93917805,1962.5865,1166.415,-33.742176,2166.5945,1298.4161,-30.884653
1.208507,-6.6300793,9.271145,0.012703888,-0.046883076,0.85310525,1.3993444,50.298573,27.689497,-26.798182,22.927439,0.0,0.0,-1.8548533,-0.33296862,27.95709,431.21826,1465.7194,-1.0380089,1484.6313,1174.001,-24.406233,2302.469,1111.539,-29.89306
0.97190326,-11.538743,15.044927,0.018124929,-0.04266663,0.7557246,8.55078,45.637333,28.422709,-25.482534,22.93534,0.0,0.0,-1.494078,-1.2193617,27.616526,484.0464,1620.6025,-1.6305498,1629.4962,938.09863,-21.56675,2568.18,791.2979,-30.41683
0.75196046,-16.83056,20.505686,0.030761415,-0.04304181,0.6721485,14.922351,39.949806,27.9982,-23.391352,22.951889,0.0,2.3394957,-1.4130224,-2.436189,22.870468,509.3119,1709.4849,-1.4189839,1653.5531,660.9511,-17.810331,2920.3733,520.77216,-26.704088
0.7192003,-18.228067,22.288462,0.019769555,-0.044165403,0.5128893,17.970617,35.012894,30.470062,-16.084484,22.996668,0.0103069795,2.690584,-1.7587919,-3.639006,19.017408,456.996,2558.3435,-1.4541798,1623.6812,642.4259,-16.61204,2770.7976,523.98846,-23.903864
0.6601134,-19.060242,22.952703,0.014964675,-0.04507355,0.4943799,19.559084,30.236792,29.795374,-9.274745,23.035582,0.010078856,1.8193946,-2.714627,-3.433768,14.529046,415.5123,2523.0854,0.7634564,1446.236,1204.0353,-13.123166,2373.1953,482.4021,-19.363039
0.7242594,-18.32295,22.383142,0.0017635069,-0.041767087,0.52286285,20.42795,26.495077,30.468908,-4.319346,22.980314,0.009447824,1.8036032,-4.1566157,-0.23943202,14.001534,403.44067,2513.9773,2.7857952,1373.659,1230.8884,-11.208333,2280.5168,1993.8193,-16.005228
0.85131526,-14.462758,18.409422,0.011129661,-0.038557496,0.5818122,17.016987,21.656645,28.688004,-8.284854,22.79566,0.011283197,1.4670916,-4.9291916,4.3882136,16.663198,419.4718,983.7473,5.1179647,1769.1947,870.87006,-16.190403,2470.8372,2202.0205,-14.556138
1.0282751,-13.188763,16.426987,0.013315916,-0.033016305,0.88566846,18.342283,18.09809,29.330572,-4.474338,25.97277,0.011332187,1.9328152,-3.1708353,6.724067,22.51346,408.2098,988.2786,3.4487927,1746.931,320.26904,-16.704203,2731.7942,2854.547,-19.520298
1.1079851,-14.471378,17.852213,0.02264619,-0.028627189,0.991028,21.00706,15.678052,23.540575,0.8590463,29.218079,0.009769573,2.383226,-0.9350796,5.7510934,25.369844,391.36172,1073.2386,1.5824732,1630.4795,626.52716,-15.962212,2520.3542,1572.267,-23.557198
1.1345168,-16.09583,21.621595,0.0057604895,-0.018476747,1.217439,27.138626,13.812519,15.381068,10.507686,32.498684,0.15998326,1.9455711,0.8451689,3.4345684,26.628386,385.0723,1231.5084,-0.34619966,1500.7062,931.0615,-16.322721,2402.7751,1554.3129,-26.974585
1.1106025,-16.148594,25.493193,0.0075269793,-0.017460337,1.0859236,29.501444,13.19627,5.2450747,9.283988,32.226295,0.16684403,1.290747,0.5783666,3.5906107,25.2529,377.61368,1309.9242,-0.47257265,1352.3604,1119.8517,-15.574519,2215.5452,1112.4747,-25.72547
1.0918845,-15.246498,28.636305,0.00230023,-0.016436666,1.0701152,32.368195,13.716556,-3.0591753,7.4247584,31.684227,0.16820419,0.5850316,-0.50050443,4.746784,22.890707,383.4088,1380.7362,-1.8767849,1303.0931,1124.5189,-16.653276,2282.9983,1327.6873,-24.767492
1.0496709,-15.112953,29.999369,0.012092404,-0.018659556,0.95914316,33.17442,13.993144,-6.4988694,6.096459,31.350449,0.022100959,0.34241676,-1.014647,5.9761095,21.891169,582.46704,1370.6088,-68.87005,1543.1024,1097.6937,-78.71809,2696.039,1342.3297,-83.46416
0.9319957,-16.655975,30.843538,0.0006638545,-0.019246945,0.92292196,33.417023,15.663028,-3.9115474,9.14873,0.0,0.0,0.0,0.0,0.0,0.0,586.61694,1432.7135,-135.39503,1532.4673,1207.5924,-140.47101,2688.9377,1272.9586,-141.81386
0.8028366,-18.607725,30.535345,-0.005911732,-0.022414142,0.8093836,30.928215,17.228933,4.009414,7.9716372,0.0,0.0,0.0,0.0,0.0,0.0,599.6898,1369.6592,-201.0,1612.223,1316.2925,-201.0,2685.5227,1129.7527,-201.0
1.4960102,-12.54953,23.881807,-0.015087378,-0.012928969,1.4174477,22.33687,10.881238,2.693452,5.0193763,0.0,0.0,0.0,0.0,0.0,0.0,569.2253,1329.776,-201.0,1618.4225,1297.9618,-201.0,2610.9873,868.01807,-201.0
2.243456,-4.7894826,17.163784,-0.012452333,-0.006890002,1.6747618,12.802432,3.4296787,-2.0257313,1.0978756,0.0,0.0,0.0,0.0,0.0,0.0,623.68036,1175.4308,-201.0,1694.2301,1470.3273,-201.0,2525.8384,922.8577,-201.0
2.844467,2.1580331,9.772763,-0.0049070437,0.0010366713,2.0615273,5.2431273,-2.4760766,-6.0973644,2.691356,0.0,0.0,0.0,0.0,0.0,0.0,755.50397,1184.4846,-201.0,1843.223,1282.573,-201.0,2795.3184,731.4202,-201.0
2.8843272,1.4422727,11.599149,0.017057916,-0.0014772271,2.033345,5.250315,-2.1951673,-7.0126433,1.7312025,0.0,0.0,0.0,0.0,0.0,0.0,673.1535,1158.9745,-137.96725,1786.7461,1247.7896,-138.84433,2764.7083,771.1473,-139.57631
2.5607922,-0.83194965,12.984342,0.022079462,-0.003031972,2.3546584,8.499737,-0.74670607,-5.4864526,2.0880878,34.506496,0.0,0.0,3.5946755,18.846207,24.763021,637.5476,1232.2125,-68.18957,1734.8522,996.28827,-75.590385,2894.0398,719.0381,-78.2599
2.283843,-4.1430006,16.507484,0.02757738,-0.0015959842,2.3026865,13.585606,0.72678995,-6.8003945,2.8083658,34.526764,0.0,0.0,4.388718,16.67645,26.292643,729.07745,1219.016,-5.8302994,1732.8239,1192.5352,-13.076922,2827.411,765.61237,-18.41976
1.7572492,-9.7141485,20.287172,0.03273985,-0.001967794,1.7838389,18.954119,4.7887235,0.37501732,5.492704,34.541092,0.0,0.5989927,5.536761,12.268083,26.697042,883.78436,1236.9087,-7.519369,1787.07,1273.731,-12.160258,2843.6125,829.1929,-19.181019
1.6074853,-13.199178,22.388723,0.040750477,-0.000115553434,1.207851,22.629272,7.045838,3.9478528,6.25545,34.480824,0.00783029,1.3264632,5.0731187,6.7511935,25.352644,1138.723,1213.555,-15.65189,2051.7012,1166.9265,-11.74064,3195.2812,658.2836,-19.12947
1.5661955,-13.128764,20.0716,0.041672617,-0.005283749,1.0812823,22.74956,5.3743253,7.088778,4.9419036,34.312023,0.01148978,1.9676819,4.2369294,2.4268944,19.676868,872.7224,1301.4381,-16.516743,1895.5446,1029.6389,-10.391671,2967.1013,830.9155,-14.277989
1.5707434,-11.246857,15.670968,0.027024964,-0.011963218,0.99079317,21.545588,4.0185103,9.055442,4.0436487,34.09894,0.011924919,1.9529886,3.6537158,-0.14809291,15.00244,633.09937,1334.6211,0.0,1702.5094,997.6172,-9.521712,2685.4832,955.68866,-8.902009
1.5651779,-9.022553,11.685143,0.023770427,-0.020993968,0.96664876,19.216364,2.0245683,10.740204,1.448185,33.850174,0.011078462,1.3749804,3.0546436,-1.482161,11.062485,341.51382,1383.4359,7.9185176,1470.3105,1083.2129,-8.4068365,2271.0684,1074.6156,-3.9836643
1.5884924,-8.936975,10.912105,0.02054738,-0.022921108,0.8708182,19.302214,1.8456526,13.272769,-1.9552399,33.543194,0.006288069,0.8959176,1.7460485,-0.16893642,14.521207,369.30905,1225.4957,7.5731544,1417.423,995.91815,-8.342056,2272.441,842.20557,-6.9480515
1.5609876,-8.624114,9.499724,0.022504559,-0.021874515,0.8023476,19.147404,0.9688654,12.143971,-7.3838844,33.219597,0.0078111575,0.6134302,0.92244977,4.301692,19.556852,363.97726,1177.3652,6.348802,1358.2775,962.46466,-10.070102,2255.279,649.4659,-13.20805
1.4239801,-8.869037,10.420356,0.02013128,-0.021580795,0.91655403,20.532394,2.9478161,11.582218,-12.232258,32.997635,0.0061277673,0.72890615,0.8121941,11.47036,26.672834,366.77332,1128.306,5.486309,1286.9614,867.9289,-12.054687,2311.0222,470.5366,-21.186525
1.2258615,-10.640721,12.796303,0.022355705,-0.023189502,0.96303326,21.32371,11.28637,9.049705,-17.838202,32.941273,0.007782126,1.3760952,1.487229,17.210993,30.483103,321.4719,1285.2725,4.7882485,1200.9386,918.8313,-12.660152,2385.1594,333.4471,-25.50274
1.0262998,-13.593257,15.593678,0.015883699,-0.027942479,0.9747526,23.66626,20.91567,9.084995,-18.919806,32.97321,0.030757315,1.7350187,1.680657,19.319227,32.246246,320.19882,1314.3112,0.0,1172.6559,930.2925,-12.193408,2477.9797,255.17207,-27.90323
0.9417863,-15.330054,16.806293,0.016368499,-0.027075334,0.8781705,24.130554,26.381048,5.324893,-20.604826,33.067272,0.04454753,1.7345535,1.5756359,17.836866,30.774048,303.46432,1357.8474,2.8622627,1155.0018,935.1038,-13.3636675,2576.2986,233.94588,-28.077864
0.8990486,-14.460678,14.877595,0.002932218,-0.02304121,0.70886016,23.683937,26.262579,4.6679764,-18.822508,33.255505,0.056106556,1.584436,1.2718755,15.115227,26.016672,331.4768,1266.235,0.0,1172.7352,869.70233,-15.253986,2637.51,199.91797,-24.957365
0.9371338,-13.6610985,13.904567,0.006853365,-0.019579044,0.743499,22.248411,26.36116,3.1030922,-19.562302,33.39578,0.059484106,1.829758,0.9874099,12.324963,24.567354,331.19247,1238.1034,1.8375576,1177.7511,834.39874,-15.161567,2640.114,183.62791,-23.388414
1.0056273,-14.112297,13.782048,-0.000828946,-0.016880246,0.70109683,21.845957,25.925898,6.965754,-13.332257,33.437603,0.07643487,1.9067265,1.4877313,9.929759,20.583452,350.1918,1166.477,2.8393452,1209.6559,810.0359,-13.774493,2557.874,184.80208,-17.74411
1.2222918,-13.458225,14.737182,0.01756439,-0.014649846,0.94807166,19.253878,22.382599,6.134113,-8.534574,33.354305,0.06954653,1.4447004,2.3774223,8.484229,18.871819,334.1603,1156.8033,4.0320406,1227.931,765.3724,-13.2519045,2458.4485,238.49165,-14.806596
1.3745117,-12.067807,14.215187,0.012168657,-0.016179154,0.99149513,18.113432,16.93986,7.8997483,-5.778317,33.27091,0.042411536,1.1487483,2.8092396,9.060969,15.228793,338.87018,1118.4575,0.0,1264.635,726.80493,-12.561756,2397.75,297.76395,-11.588277
1.4607385,-9.22522,11.537953,0.012882702,-0.020961674,1.0939139,15.855491,12.31168,8.632157,-7.0985694,32.98569,0.01928699,1.351731,2.1768968,11.638256,19.839926,334.06595,1088.9298,1.1055505,1278.9485,654.5561,-16.888601,2391.0625,294.81674,-17.725698
1.3947867,-8.636007,10.055905,-0.0020516552,-0.023075854,0.9152889,17.122412,11.735187,11.900566,-8.152509,32.45986,0.01988108,1.2267534,0.9401795,14.650074,22.771437,353.05386,1007.98236,0.3556911,1302.9507,595.6845,-20.887037,2396.9636,279.6793,-22.415747
1.2458581,-10.679031,13.108357,0.0012539005,-0.023477422,0.86716133,17.070417,16.31394,11.557534,-5.6506743,32.09599,0.025773972,1.2886287,0.3799974,16.244608,25.931412,346.6655,1023.9085,-67.29333,1298.6064,608.4049,-84.35059,2389.1418,265.96152,-84.58093
1.097768,-14.07402,17.69357,-0.0009990586,-0.021766579,0.7887285,16.36767,25.287077,9.734048,-5.020221,0.0,0.0,0.0,0.0,0.0,0.0,357.97928,1025.6836,-67.0577,1328.2557,716.2903,-84.551445,2423.677,237.99721,-82.26989
0.97587436,-15.12095,19.318024,-0.008443524,-0.023855753,0.7053101,12.052429,35.652084,8.280265,-5.0450993,23.027493,0.0,0.0,-6.784347,-1.7748469,19.196543,370.6956,1215.8706,-66.4687,1278.2666,1341.7018,-84.983444,2410.6033,209.15172,-80.44962
0.97732854,-12.246312,15.132893,-0.012514907,-0.026653135,0.6539891,6.3913236,40.98615,8.514767,-8.035661,22.990435,0.0,0.0,-6.524919,-1.3774514,20.034773,376.38297,1262.7714,0.56868595,1363.0605,1566.7642,-26.879799,2396.678,252.39088,-21.16905
1.0463237,-8.929975,10.892463,-0.008015302,-0.032769315,0.5900512,2.487703,45.050724,10.254028,-12.229001,22.93715,0.0,0.0,-6.0237045,-0.7518709,20.628714,380.70053,1273.2075,0.23396373,1447.0585,1824.3423,-27.663427,2312.562,385.5914,-22.268808
1.1307468,-5.491305,6.2739444,-0.0014561377,-0.03731275,0.6155779,-0.15588593,46.18564,11.08623,-16.896585,22.910927,0.0,0.0,-6.0613384,-0.25492272,21.930359,382.65933,1059.495,-0.08510073,1749.1454,1329.126,-26.232016,2222.6907,935.5064,-24.257828
1.2242442,-2.2091167,2.5831404,0.003089472,-0.037443902,0.5936684,-2.0618343,46.962093,10.636337,-23.492975,22.906492,0.0,0.0,-6.5620956,-0.057934124,17.980507,394.2161,966.0339,-0.08127252,1881.3671,1188.6942,-24.359598,2436.8562,1583.9672,-20.768026
1.2882078,-0.8445342,2.182792,-0.0032500278,-0.036158193,0.629802,-3.97944,45.595715,10.656129,-23.144716,22.901306,0.0,0.0,-6.8627863,0.030570626,16.07693,398.9142,900.1365,-67.07019,1966.057,952.2014,-82.06895,2387.602,1587.7809,-79.61939
1.3429137,1.0338575,0.5223067,0.0046104495,-0.032837678,0.6526273,-6.20166,40.299915,9.721288,-22.315302,0.0,0.0,0.0,0.0,0.0,0.0,378.12207,926.6245,-67.366325,1871.1837,780.39575,-80.841,2430.9958,1232.4186,-79.94114
1.344635,-0.5911406,2.7149143,-0.0038709408,-0.027505353,0.7090459,-5.6662574,39.540997,8.317179,-14.201149,33.32494,0.0,0.0,0.6523926,3.3290524,21.98104,308.76306,1136.6674,-101.111305,1674.0781,775.9971,-77.8675,2277.712,609.01385,-82.0428
1.3102199,-4.302241,7.044806,0.007773457,-0.018910332,0.7897668,-0.6212759,36.02087,5.010681,-10.517947,33.31366,0.0,0.0,1.1022496,1.7869382,20.47796,277.1013,1291.7152,0.0,1472.0267,811.1789,-13.620282,2379.8418,537.11084,-21.14933
1.3844503,-9.243476,13.002563,0.012589526,-0.017846452,0.8564612,5.966185,34.345867,-0.12544537,-5.2430406,33.264893,0.0,0.0,2.0193832,-0.6413515,18.231504,277.86093,1357.1294,0.0,1292.77,942.812,-8.656928,2435.9375,382.92496,-19.399431
1.478495,-11.342621,17.301737,0.015360631,-0.016412714,0.9589967,11.157651,26.982508,-5.7582164,-5.344232,33.11867,0.066509314,1.2711177,2.1879044,-1.8132138,17.464548,341.66443,1166.8264,-2.6942086,1254.9272,862.95,-5.621941,2410.2559,296.45837,-19.543283
1.5765238,-9.865734,18.345617,0.013632,-0.016327651,0.93235964,13.655942,22.234648,-10.19583,-3.2471855,32.942047,0.053351548,1.0647855,1.8794359,-2.3511999,17.073746,364.30362,1081.3329,-2.052703,1236.5247,759.6953,-3.3398685,2422.0208,295.48178,-19.12645
1.5370075,-7.922671,19.448671,0.015873333,-0.015764372,0.8764941,16.607244,16.459352,-11.983809,-3.1679595,32.776043,0.024372684,0.6008425,0.65140206,-2.7776458,17.198202,384.18628,1044.9896,-0.5739872,1227.3497,748.28644,-2.1216798,2420.57,328.09912,-17.772192
1.4748496,-6.8687263,20.77494,0.025288248,-0.021741262,0.81652445,19.678055,11.501555,-13.985129,-5.3243637,30.538889,0.019155435,0.567694,-1.2448043,-4.2211256,15.026761,373.4736,1111.537,3.263131,1212.7643,790.488,-0.56536376,2400.7156,409.9208,-13.872811
1.3444096,-6.9663672,19.525242,0.028864654,-0.027603788,0.80981135,22.40731,7.142673,-11.806893,-13.042702,27.241415,0.015215147,0.52548045,-2.222622,0.49633917,20.021639,589.87897,1078.1837,-1.0239118,1551.8922,695.34515,-7.9787655,2683.7092,458.6669,-18.45619
1.0651839,-10.979083,21.034279,0.018226696,-0.03214217,0.888165,26.18971,8.471913,-7.9901967,-16.810663,24.00772,0.015215147,0.52548045,-2.4717834,3.9830637,23.482653,582.75745,1206.2535,-1.809409,1521.7311,844.43,-14.891408,2647.2312,527.38684,-22.299133
0.7620914,-15.518788,24.566507,0.010590124,-0.037950173,0.67829114,30.67781,13.305801,-3.3150728,-17.514849,22.928513,0.015215147,0.52548045,-2.1975257,7.288044,29.463423,593.22925,1272.8566,-5.1747804,1503.0654,918.7413,-23.466726,2656.4236,615.30475,-29.43274
0.5592553,-19.565018,28.430237,0.0043041105,-0.04162176,0.52983004,34.614716,18.12092,-3.5749867,-13.188927,22.960356,0.15945859,1.192019,-1.9849086,4.1960864,28.190971,370.00256,1442.0068,-1.1390638,1124.2465,1123.0963,-24.810997,2335.9775,615.8472,-28.883223
0.50509757,-20.793333,32.705975,-0.007816903,-0.046751183,0.38151443,37.78877,21.409042,-4.8558946,-12.387773,22.964697,0.15479256,1.062817,-1.3841128,2.4628563,26.345575,372.11423,1369.436,-1.4612675,1130.2217,1014.69244,-24.824457,2353.6697,602.8885,-27.64411
0.48203388,-21.938599,33.51996,-0.013458915,-0.048598822,0.37589586,39.445187,23.962563,-5.4941077,-12.149333,22.956766,0.1501265,0.933615,-0.7758918,1.959978,23.505457,368.35873,1358.192,-1.5324192,1121.9252,989.1423,-24.178534,2319.6785,565.9717,-24.632246
0.47250247,-22.0944,36.85899,-0.017969176,-0.048181836,0.3352579,40.56131,26.036703,-6.9699874,-12.525836,22.95153,0.0012169956,0.13787448,-0.68012327,1.9877367,20.991108,378.34766,1316.0073,-1.5927175,1137.3442,972.3908,-23.854239,2315.0652,652.88055,-21.819702
0.57773477,-18.681726,29.388098,-0.0071305283,-0.040333066,0.31391808,31.657057,25.966232,-3.4120169,-13.718495,19.470314,0.16555823,0.8215475,-4.007712,1.7706938,21.63002,564.70874,1360.3079,-3.0609558,1505.044,755.54144,-24.958479,2618.963,701.29083,-20.737589
0.6275783,-17.346952,25.181961,-0.004191862,-0.03937764,0.34414765,25.89253,27.15064,-0.45256343,-13.513787,16.294687,0.3298995,1.5052204,-7.619963,1.8889078,27.546682,555.68066,1434.9896,-2.2520788,1467.6987,805.4992,-20.273426,2645.9202,556.29486,-22.451548
0.6256711,-17.550425,21.241377,-0.004902291,-0.04647735,0.36912087,23.596985,27.831133,3.3890674,-17.483702,14.230119,0.49424073,2.1888936,-10.726584,4.301191,32.976986,549.06445,1421.3971,-1.0811541,1448.8896,775.60614,-16.406029,2713.9448,388.87842,-21.833572
0.5908486,-18.388609,23.25796,-0.011550895,-0.05149391,0.3560649,24.248398,29.790289,3.220588,-20.927404,14.67281,0.49424073,2.1888936,-10.120628,5.8594017,36.81069,382.7141,1477.2324,-66.07984,1044.2611,1172.3073,-74.74016,2507.334,192.67384,-81.70449
0.7457605,-20.881151,27.842148,-0.022658816,-0.04780358,1.3310364,26.093628,29.517334,7.9574127,-15.138995,15.663597,0.49424073,2.1888936,-7.9016204,0.0,0.0,589.5952,1553.6173,-74.691765,1391.7686,1255.7118,-81.4693,2778.6855,253.54759,-84.17701
1.0343369,-21.37319,29.607996,-0.03513727,-0.030460576,2.1719425,20.200361,29.888237,14.94,-1.8675085,15.385781,0.49424073,2.1888936,-5.3923607,9.129484,32.277294,896.59424,1476.1343,-85.851265,1789.6758,1129.1372,-87.35559,3052.3955,319.99915,-90.44375
1.3495408,-22.15345,31.15594,-0.04453307,-0.019273276,3.085469,21.52269,25.026854,18.289703,8.343824,16.59937,0.49424073,2.1888936,-3.2287734,10.047471,28.716574,835.3137,1503.0333,-27.355164,1846.3853,1021.9191,-31.501703,2917.595,480.52505,-35.843178
1.4406811,-21.082977,30.572832,-0.05058533,-0.017667376,2.6354053,21.743063,21.199799,16.636738,10.035505,16.486609,0.49424073,2.1888936,-3.9604595,7.850775,26.856363,645.9497,1280.4346,-22.322645,1628.8578,872.44336,-33.112514,2654.968,637.0991,-36.426483
1.3163463,-22.818937,31.656244,-0.06780708,-0.025507048,2.1682398,26.875116,18.040712,13.704654,9.328872,16.769184,0.49424073,2.1888936,-4.578779,8.787856,24.488514,350.6862,1378.6553,-78.76587,1297.9242,1150.6893,-89.18954,2286.1921,727.77167,-90.86671
1.0387794,-25.826065,34.75809,-0.074331865,-0.033938497,2.0561588,30.800844,19.826769,10.769551,9.888822,0.0,0.0,0.0,0.0,0.0,0.0,406.3582,1228.9901,-137.26198,1361.5227,1176.1265,-145.04341,2334.0312,776.2918,-145.46729
0.80089706,-28.078224,37.18757,-0.085994154,-0.031877507,1.7826694,32.75023,21.500338,11.567609,10.437268,0.0,0.0,0.0,0.0,0.0,0.0,529.7764,1314.0793,-201.0,1531.3241,1254.0094,-201.0,2496.3352,783.8777,-201.0
0.6395433,-31.016733,40.781895,-0.0854469,-0.0349641,1.6928873,35.519985,26.280478,9.833194,3.9576466,0.0,0.0,0.0,0.0,0.0,0.0,662.0772,1245.3953,-143.58522,1797.1792,1136.7418,-149.61485,2808.2559,886.4175,-151.73056
0.53184974,-34.05234,45.6335,-0.09684733,-0.037575494,0.86358064,37.838097,29.99997,9.517768,1.5113891,16.182308,0.0,0.0,-12.806148,9.863808,46.299263,787.43805,1251.3857,-85.71273,2018.9528,1075.9995,-98.053535,3110.094,962.51904,-102.00839
0.47728142,-35.411716,47.314697,-0.091424786,-0.04465415,0.6465109,38.90875,34.13483,4.769688,-3.2103665,16.135187,0.0,0.0,-10.364364,7.8710437,44.472065,799.8471,1182.5573,-26.960917,2078.6992,1076.0475,-44.080868,3237.1448,982.0662,-49.878372
0.48103943,-33.51387,46.16217,-0.07817644,-0.047572393,0.39041638,38.01706,34.27269,2.391128,-4.829385,16.064528,0.0,0.0,-6.83149,4.377081,40.748333,803.96454,1197.6478,-20.94451,2115.4744,1167.3441,-38.563404,3268.0215,1207.7347,-42.500645
0.47235522,-31.539152,41.679947,-0.06318485,-0.05025136,0.56689143,37.230316,36.698227,0.10352725,-10.589043,15.396512,0.0,2.0814261,-7.610639,2.2227077,37.544857,842.27606,1232.816,-12.902187,2144.5916,1643.1754,-27.245672,3306.2678,1148.4915,-31.836222
0.4660796,-28.063469,37.264893,-0.047074735,-0.051839396,0.5694895,34.996674,38.007618,-1.9096063,-16.928831,15.41273,0.09920261,2.0814261,-8.877661,3.2189713,35.0805,699.992,1366.413,-2.005183,1803.9025,1637.2465,-15.938367,3134.4055,1184.929,-21.11996
0.7613054,-23.078804,31.288244,-0.016298188,-0.044214908,0.9463122,29.069946,35.341526,-4.1632495,-14.255428,14.7152605,0.07178902,3.278497,-8.775346,4.551728,34.862343,558.58276,1408.9746,-65.43636,1521.2843,1600.7139,-72.840965,2870.2688,952.02655,-77.76712
1.1952,-21.249344,31.512838,0.003605335,-0.036454413,2.1734655,26.722055,31.02212,-4.133081,-6.443371,14.999229,0.058082223,4.4755683,-7.5540085,0.0,0.0,587.33795,1468.1971,-73.67105,1492.5096,1187.2974,-76.15332,2924.297,871.23944,-83.11028
1.5197471,-20.218307,30.66221,-0.013421786,-0.024921024,3.1363668,24.348984,21.933382,0.6008565,10.129867,14.566867,0.0,5.6726394,-5.0885315,4.4798393,30.280613,570.6038,1403.9487,-82.94983,1567.9438,1134.1852,-85.62998,2741.7908,755.13043,-88.8879
1.551951,-20.471586,29.665323,-0.0580204,-0.025410028,3.3533916,25.995895,16.751587,6.955321,18.386168,14.78888,0.0,5.6726394,-3.0905783,4.0865803,26.90371,574.6774,1297.413,-22.010824,1585.5992,980.9881,-29.951569,2688.6006,632.07074,-31.049662
1.3969961,-20.595938,28.644722,-0.071981244,-0.024861222,2.276419,26.076567,12.817279,12.657447,22.135626,14.586609,0.0,5.6726394,-2.1473095,4.342348,20.382925,350.76932,1323.645,-17.692371,1349.0962,991.28253,-33.390026,2261.4172,735.2588,-26.163681
1.3766314,-21.015808,29.264511,-0.07912823,-0.027682746,1.7539643,26.20799,13.043117,16.839645,19.505398,15.187068,0.0,3.814625,-4.3534756,5.7647476,16.182259,361.89377,1262.8008,-14.513138,1389.693,923.01385,-27.668139,2306.7695,782.10956,-21.14359
1.4200736,-20.957008,29.357248,-0.07150016,-0.027731856,1.6061624,25.644323,12.665508,19.868174,15.538873,17.397758,0.17345388,1.9554182,-5.551965,12.626938,11.668877,354.40732,1262.5785,-9.731917,1389.5563,875.4476,-20.05555,2309.219,760.14154,-14.721381
1.5752021,-16.711622,23.543167,-0.07995608,-0.027642826,2.1107361,22.420212,9.684806,22.05305,12.258328,23.601288,0.14543892,0.09621168,-5.0452733,12.318275,10.360465,380.87183,1072.0087,-5.3766236,1426.6709,658.61664,-13.034442,2340.5432,704.20605,-12.361241
1.7281541,-10.953934,15.436189,-0.0569128,-0.02439337,2.0465033,19.777906,4.7442183,21.014103,6.9666123,28.986633,0.08940899,0.09501941,-3.625981,12.523907,10.959603,402.96484,970.8841,-3.0457783,1439.5211,584.6745,-14.062084,2350.141,655.11346,-13.261909
1.7826675,-6.7408147,10.75665,-0.050396536,-0.02234894,1.7808272,17.87087,0.00955693,18.820337,3.8613918,32.877117,0.08940899,0.09501941,-2.9354258,6.842542,13.134529,425.61447,891.5464,-68.766,1453.2896,566.051,-77.35309,2364.897,671.9084,-77.522354
1.7702894,-5.6274605,10.400186,-0.059178594,-0.02248882,1.2027806,17.51233,-2.1356804,17.877747,5.178928,0.0,0.0,0.0,0.0,0.0,0.0,433.4661,848.3371,-135.11989,1452.3931,537.204,-140.50244,2384.0454,653.2676,-139.8119
1.7043835,-4.954991,9.067443,-0.061147813,-0.022896975,1.1477052,16.183306,-3.589475,18.028685,4.2146115,0.0,0.0,0.0,0.0,0.0,0.0,439.48373,830.8179,-201.0,1450.9691,517.5169,-201.0,2397.3477,611.99194,-201.0
1.6404825,-5.1439743,8.890137,-0.06322914,-0.022563085,1.1137122,16.298872,-3.7748902,22.015665,4.0617213,0.0,0.0,0.0,0.0,0.0,0.0,433.60583,883.9756,-132.40431,1445.7031,525.49243,-135.8919,2405.0032,614.3286,-134.79704
1.6242108,-3.4733803,6.526388,-0.034352582,-0.023459455,1.1676308,14.275772,-5.5429673,21.934921,-1.2881591,21.029942,0.0,0.0,-4.246977,20.966423,7.6943026,416.47934,922.28467,-64.66689,1435.3776,503.08188,-71.37515,2391.9922,612.82275,-69.78086
1.6647278,-3.6228588,7.342995,-0.031459033,-0.024708822,0.93554693,14.871379,-4.6704993,24.7105,-0.52906215,20.899492,0.0,0.0,-3.771664,21.170015,9.286799,397.90576,937.1872,2.351983,1430.8451,450.01648,-9.718589,2387.0876,599.1026,-5.418663
1.6385069,-2.7469966,5.375107,-0.01513781,-0.026343688,0.91060776,14.79074,-4.8863454,23.384073,-0.83144206,20.698753,0.0,0.0,-3.199173,20.761152,9.7257185,388.89102,905.487,0.17972787,1423.7543,408.5541,-12.301539,2377.9382,545.3985,-5.035492
1.4014658,-6.5918765,9.296216,-0.026252097,-0.027019767,0.88618785,18.632858,-0.7741663,26.462091,6.185112,24.27421,0.0,0.0,-1.1267309,12.70675,6.543476,377.4772,997.18866,-1.8724418,1424.8563,504.48618,-15.86555,2384.5315,604.9156,-4.2963843
1.2392012,-8.021997,10.203235,-0.023885041,-0.027339986,0.9455209,20.411512,0.8366029,27.905863,11.098839,27.970629,0.0,0.0,1.1134483,4.002605,2.4453092,362.95743,1064.9917,-2.2459228,1409.4469,564.0349,-16.534956,2374.8845,615.74164,-2.0722873
1.3337163,-8.077564,10.561266,-0.020364804,-0.02912128,1.1120058,20.694323,0.20144224,30.092485,12.763447,31.733122,0.0,2.567266,3.2271717,-3.8031118,0.8449197,354.50778,1102.7037,-0.99871,1407.9556,589.31256,-18.418089,2377.8906,641.471,-1.8436297
1.605594,-5.3330894,6.173079,-0.0058775344,-0.031618003,1.0498494,18.699013,-1.8447685,31.626825,8.742607,31.774908,0.041891802,2.1323588,2.7840729,-4.0572467,1.4933339,365.48657,984.5058,0.10638317,1418.8184,477.9727,-16.556295,2374.943,576.54254,-1.3869509
1.773963,-4.128453,4.9764113,0.01514478,-0.033192474,1.0057415,16.479315,-4.003042,30.744562,3.4798458,31.813498,0.028734295,1.4681076,1.8139648,-2.91389,2.201947,363.46475,945.84247,-1.1215314,1434.3076,427.00793,-19.246948,2383.9724,605.7341,-3.3234785
1.6948757,-5.046509,5.4710937,0.010694127,-0.031839557,0.8850388,15.733027,-0.27671146,33.495213,4.111286,31.841309,0.005800367,0.7214652,1.6871399,0.113536514,3.368653,368.03098,915.1689,-4.4250174,1453.1953,392.31137,-20.757675,2393.137,634.54816,-7.79367
1.5321008,-4.565412,5.016569,0.0036301715,-0.026952729,0.8718439,15.111764,-0.49757472,34.007595,6.3138633,28.167725,0.14144094,1.5438908,1.4799324,8.61581,11.342359,363.95346,976.29266,-2.8956149,1446.7416,434.54868,-24.386368,2401.4258,657.8567,-11.909827
1.2543712,-8.214349,8.975417,-0.021074602,-0.022525644,0.95589036,17.65019,5.418468,37.59318,14.096463,24.564163,0.28000137,2.673097,-0.3032918,15.756531,18.241747,366.00327,984.34406,-0.54043245,1455.7526,450.33316,-24.089035,2405.822,629.613,-15.298412
0.9550932,-13.229576,16.213516,-0.02628325,-0.019720279,0.88921183,19.606485,10.737596,36.579052,18.048674,19.801214,0.4181006,3.7298214,-3.2403996,19.4479,24.20085,331.18613,1271.3058,-1.7530278,1544.6366,538.2426,-24.195826,2516.6936,730.95264,-16.51465
0.78350544,-18.479597,23.691896,-0.039461125,-0.017207867,0.8568781,22.006205,17.796103,35.22774,23.474617,19.778395,0.3110756,3.2757864,-3.436746,19.971884,24.015594,332.50595,1279.6895,-3.1194994,1607.3756,590.0125,-24.108011,2504.1514,914.3481,-17.442213
0.7618424,-17.786282,23.26883,-0.040758174,-0.015885666,0.8240264,19.923319,19.35118,28.956131,20.075106,19.691391,0.20405062,2.8217514,-0.87479186,26.699722,25.538239,338.7246,1337.1063,-3.8494549,1663.3031,694.4031,-21.324308,2467.5332,1078.702,-16.755434
0.8717231,-16.525599,22.079386,-0.049060192,-0.009085636,0.99636847,18.012178,19.315678,29.233881,20.600157,24.819162,0.0970256,2.367716,3.436802,25.068304,24.590195,345.34073,1166.3568,-0.006016493,1606.6613,676.1746,-23.03644,2321.2234,1026.358,-22.45576
0.984005,-15.376076,21.573547,-0.055069227,-0.007362172,1.0056113,16.03914,17.440176,28.015816,21.443949,28.93905,0.0970256,2.367716,6.0923543,21.326235,22.879585,658.3039,1060.2389,0.0,1827.9908,767.3877,-27.128431,2567.036,913.8389,-27.407034
1.1092356,-17.343807,25.507627,-0.056149546,-0.0045587174,0.97713953,17.630943,17.561197,24.426085,27.184525,33.064327,0.24937998,2.0892646,7.419501,11.332237,21.036343,882.2563,1032.4116,-27.067604,1943.141,900.1968,-32.59001,2734.6384,859.3787,-33.33203
1.2085469,-17.795671,26.05919,-0.04883052,-0.008055382,0.78815144,20.28601,16.581911,15.308727,28.336294,33.11735,0.23929603,1.468893,6.8555665,9.609235,22.224335,1083.747,1055.8944,-23.360308,2076.7288,999.8968,-35.940704,2920.7773,805.6431,-33.66206
1.2490954,-18.500786,26.657883,-0.027016,-0.008675375,0.6729414,23.185171,17.810265,7.468832,23.469069,33.072323,0.21705808,0.9402092,4.8265204,6.105034,23.666586,934.3657,1140.7343,-19.682457,1974.5182,980.37714,-34.81554,2799.1912,737.4709,-35.424995
1.33668,-18.111092,25.645498,-0.011223652,-0.017737592,0.62280023,21.715775,24.235968,3.4971979,9.600467,32.862198,0.050194543,0.8114689,1.664934,2.8634121,26.972036,880.9282,1084.9032,-18.457045,2064.7148,704.53326,-34.198063,2994.5022,604.07544,-39.097885
1.4391465,-17.982697,25.66542,-0.0046051373,-0.02279649,0.73589224,20.26895,28.205309,-2.1880264,2.7714493,32.740242,0.04190495,0.9639028,-0.2561717,0.9627843,28.125654,663.59503,1254.1317,-80.14181,1796.9038,836.50616,-88.15973,2837.3025,735.44336,-94.19589
1.6489439,-18.521784,28.284704,-0.01028673,-0.027567744,1.7373304,23.639334,26.376656,-4.219918,1.1832814,0.0,0.0,0.0,0.0,0.0,0.0,728.0713,1420.2843,-82.41547,1817.3915,978.3765,-88.70211,3015.6052,867.0664,-93.78268
1.6516194,-20.420622,30.87181,-0.018032873,-0.025952354,3.0066369,26.423666,21.213392,0.7935848,7.2944016,16.099167,0.0,0.0,-1.7049139,6.064391,29.976318,727.8367,1576.7589,-84.80122,1736.6537,1150.5846,-91.74573,2938.1545,914.11865,-92.329865
1.6155866,-21.644255,33.337605,-0.036327034,-0.024781585,3.5698013,28.93141,16.66207,9.2681,8.307786,16.211912,0.0,0.0,-1.108451,5.807501,29.32354,763.64136,1450.3956,-23.095545,1772.9517,1102.7203,-38.020832,2932.1584,805.3195,-37.767483
1.3014551,-25.800508,36.064198,-0.06686255,-0.025237367,3.0271368,28.851944,20.423843,14.071274,11.715317,16.654854,0.0,0.0,-1.036437,6.9826946,29.379656,713.32745,1383.518,-25.56996,1870.7955,958.01117,-38.778538,2659.7148,1324.7202,-37.62798
1.1134915,-28.08541,36.974987,-0.08698455,-0.027814483,2.1338265,32.745174,20.22474,14.739304,12.060832,18.015741,0.0,0.037014436,-3.2852452,9.300858,25.802872,519.8995,1507.9862,-19.719957,1567.7887,1112.9291,-35.362827,2408.8076,1306.4763,-36.097443
0.9393577,-30.122084,35.96991,-0.08201902,-0.032660034,1.7366413,34.7814,24.825165,15.425026,11.241299,19.219316,0.0,0.037014436,-4.930235,10.490052,27.469473,688.0693,1453.9249,-19.991564,1922.6182,849.65533,-32.41716,2912.2402,1318.0652,-39.23567
0.93245417,-29.470098,33.295597,-0.07229786,-0.03883134,1.472706,34.781086,25.794739,16.85626,5.529598,20.03573,0.0,0.037014436,-4.515314,9.714712,27.869156,670.9561,1392.485,-13.989082,1909.8883,728.5588,-29.17443,3267.7424,1067.379,-39.645535
0.9115067,-26.908224,29.415579,-0.058939587,-0.04145392,1.9370502,33.011173,27.248184,13.873464,2.8060963,19.787382,0.0,0.037014436,-3.8789005,11.36839,29.760239,753.2954,1334.5197,-10.713596,1890.764,1046.2734,-25.6399,3245.221,1072.0217,-35.022537
0.8523781,-25.353987,27.53211,-0.053442713,-0.045389805,1.7063004,32.51063,26.336924,12.549191,1.9083542,17.215006,0.0,0.037014436,-3.8724291,5.5682716,25.814161,675.4133,1377.3444,-10.358487,1860.6263,1114.7023,-25.862982,2784.0273,1583.3828,-29.58171
0.81061715,-23.650995,24.554987,-0.024786575,-0.046959978,1.657319,31.70019,27.285868,11.276029,0.405589,14.7611885,0.0,0.037014436,-4.7983174,-3.403478,20.251322,632.59674,1374.5807,-13.969186,1823.9156,1206.9164,-30.29033,2445.5261,1333.3385,-26.900139
0.73276114,-25.75041,26.487318,-0.029498285,-0.0468486,1.0044001,32.859898,28.943535,16.213516,1.7793673,15.211963,0.0,0.037014436,-4.308026,-2.1002464,22.439981,689.7119,1292.0487,-21.569036,2171.3992,1069.5972,-35.040997,2469.9348,1336.3549,-28.299322
0.6587233,-27.749853,28.73931,-0.036972996,-0.03907549,0.9987638,32.616505,30.35308,20.849367,3.5277777,18.13111,0.0,0.037014436,-4.5215936,5.602871,28.186438,603.86163,1243.5068,-18.284159,1837.8209,1274.506,-35.55805,2420.7366,673.74554,-29.852652
0.59488076,-27.151693,30.668413,-0.05053174,-0.029860293,1.0173087,30.048899,29.703096,22.262423,4.2785516,21.01629,0.0,0.48103818,-3.8364544,14.86853,36.879456,468.4724,1351.3385,-11.412248,1489.2715,1400.6938,-33.46474,2356.6272,406.51184,-33.12151
0.53624177,-27.350433,32.685276,-0.03939771,-0.0286147,0.9250167,30.07663,30.416204,19.813442,5.004364,21.082205,0.063790075,0.92506194,-2.509893,12.934505,37.73373,340.56082,1766.0635,-4.885174,1046.931,1310.857,-31.488245,2290.719,423.27393,-34.507793
0.48349032,-28.147314,36.62417,-0.018600369,-0.03569774,0.88748866,32.40137,31.134954,15.718701,2.823405,21.054472,0.063790075,1.3690857,-1.0232067,11.475247,30.479391,455.86682,1733.1309,-10.21203,1289.829,1183.5001,-27.664972,2521.953,625.837,-27.102404
0.42335406,-30.816696,37.790886,-0.01294113,-0.04567821,0.6851924,37.674015,31.150911,17.881325,3.2451026,21.00952,0.06330744,1.813681,-2.4807155,10.192251,19.220488,592.7896,1664.062,-14.347032,1635.7031,1231.1461,-21.52919,2562.7542,922.4699,-15.631808
0.436033,-29.311022,35.77456,-0.005616365,-0.047652755,0.4868636,34.301174,32.16455,20.678995,1.5995961,20.983215,0.045225043,3.1558926,-6.3312683,9.108261,9.774626,680.5036,1270.2726,-14.435177,2114.6404,903.5249,-16.474682,2909.29,943.82806,-6.1061406
0.7351672,-21.099043,24.551397,-0.012278887,-0.042680774,0.5234229,23.005781,30.616838,23.851189,0.60131645,21.004574,0.03594253,4.498104,-7.722895,8.340125,6.80969,569.0671,1168.6699,-8.190528,2024.2604,651.1406,-16.745613,2682.7214,941.7442,-2.406216
1.0737296,-11.352477,13.359231,-0.013225022,-0.032912232,0.59004855,9.457322,27.214098,27.593119,-1.2430764,21.062902,0.0,5.39572,-5.8183455,8.341398,9.593047,445.6442,1062.3751,-4.3557186,1808.6221,246.51762,-19.741604,2675.465,778.24243,-4.070769
1.2920828,-4.163259,5.2375436,-0.026671879,-0.021834591,0.65208787,4.036757,19.093292,31.70014,-3.5231018,21.158758,0.0,5.39572,-2.6142418,10.1359415,16.572199,349.35034,1047.9586,-4.5642486,1642.546,247.4986,-23.081238,2272.633,828.5999,-9.442407
1.226955,-4.56983,6.013165,-0.019789154,-0.01699132,0.5954219,6.7710533,14.587669,33.017685,-5.3382697,21.310831,0.0,4.541765,-0.9089456,13.005729,24.496696,328.90576,1163.709,-5.450573,1579.8301,469.44666,-20.692392,2257.2524,663.18085,-15.766217
1.1688777,-7.187992,9.472766,-0.01824147,-0.015156296,0.8850195,10.8756485,15.093732,35.01617,-2.7569854,26.10845,0.5015604,2.9136848,0.73796064,11.657188,25.92359,322.33572,1244.5143,-5.3526015,1639.0752,575.42694,-20.952011,2310.405,693.25415,-21.273264
1.1886353,-11.774712,16.1058,-0.01451853,-0.017242877,1.0652072,13.890553,18.784042,31.880514,-2.7693665,30.86731,0.37480816,1.4067345,2.6103632,7.9444466,24.0767,259.28452,1348.1461,0.0,1522.2174,819.25604,-18.978617,2407.324,509.37326,-23.346878
1.2546026,-13.874288,20.322844,-0.00900654,-0.016777156,1.1681665,15.892911,21.708364,24.5477,-3.9593232,35.39803,0.38836214,0.8035333,4.034573,2.7099178,19.756144,222.76634,1481.0356,0.0,1394.016,926.22626,-20.132463,2427.1448,481.19467,-23.553719
1.4281706,-14.385139,23.050917,0.0069654654,-0.014429376,1.1701349,18.756697,18.951723,10.727317,-8.469152,35.17936,0.09903178,0.9658804,4.0192704,1.4449239,19.048914,235.2465,1425.2467,0.0,1242.3721,1030.7323,-17.098255,2353.8726,326.8774,-21.614084
1.5893875,-12.159169,19.841686,0.038801942,-0.014899588,1.2031031,20.70371,14.104104,3.4711826,-4.3415923,34.845013,0.06643178,1.0017747,3.417681,1.4529475,17.43807,325.27786,1182.7186,-0.24894714,1233.2653,806.4912,-18.148344,2357.5183,358.01157,-18.526749
1.7001759,-9.932349,18.027527,0.0527781,-0.016176313,1.2263886,21.532495,8.146869,4.106783,4.1963744,34.59425,0.060715143,1.1680038,1.6698974,3.4014199,15.230727,383.06274,957.7233,1.874272,1315.7794,637.91376,-15.152072,2360.4783,422.00272,-13.356454
1.6580415,-8.349975,14.818259,0.055231288,-0.023215562,1.1019558,20.395851,5.287649,9.79684,10.171247,34.449867,0.025068242,1.2527453,0.633589,4.615302,13.643204,387.35916,898.8372,-64.50922,1377.581,523.9838,-76.98189,2370.3972,475.51355,-73.60468
1.5909477,-6.6031947,12.232101,0.041299213,-0.02056584,1.0751114,16.911047,3.1665142,13.364178,11.732568,0.0,0.0,0.0,0.0,0.0,0.0,359.26526,986.7417,-131.95976,1410.0884,491.63672,-137.28595,2378.2,577.52155,-135.9434
1.6062607,-4.931647,8.09373,0.031648092,-0.015997794,0.9878876,11.513188,2.3649433,12.838796,7.2241073,0.0,0.0,0.0,0.0,0.0,0.0,651.50757,921.1932,-201.0,1681.293,509.0349,-201.0,2745.68,486.54822,-201.0
1.9904648,-2.0995262,7.3114777,0.022235403,-0.0011233924,1.2661924,7.1974106,1.0670823,5.2232647,4.435802,0.0,0.0,0.0,0.0,0.0,0.0,845.11084,910.2724,-201.0,1900.4156,583.48486,-201.0,3045.7825,473.8706,-201.0
2.6213944,-0.016851425,8.037178,0.03066978,0.002330393,1.4567121,4.821163,-1.4466295,-2.8489208,-2.3633425,0.0,0.0,0.0,0.0,0.0,0.0,1079.0645,844.81757,-201.0,2139.5488,701.3879,-201.0,3330.329,399.66385,-201.0
2.8855398,0.6828456,8.186371,0.037728228,0.002285891,1.8691403,5.2210846,-2.5689595,-6.174727,-4.0913625,0.0,0.0,0.0,0.0,0.0,0.0,984.29315,906.5235,-201.0,2112.1733,696.21313,-201.0,3221.8357,518.05255,-201.0
2.777771,-0.20556895,7.9113812,0.047686946,-0.0014847581,1.704175,5.336,-2.3278532,-3.27938,-0.9287036,0.0,0.0,0.0,0.0,0.0,0.0,837.9055,1089.3717,-201.0,1926.7062,1053.6943,-201.0,2775.073,775.49384,-201.0
2.696412,-0.6544151,8.327504,0.03753278,-0.00059635844,1.9154443,8.002856,-2.703881,-1.5915775,2.9556053,0.0,0.0,0.0,0.0,0.0,0.0,691.3916,1085.4565,-201.0,1776.3418,1819.0244,-201.0,2304.1858,933.07666,-201.0
2.521664,-1.4947028,10.312703,0.034080423,0.000619048,2.020996,11.696155,-4.1369667,-2.831136,6.443798,0.0,0.0,0.0,0.0,0.0,0.0,700.4246,1244.3528,-138.67123,1733.9398,2001.3517,-140.69044,2322.1746,1002.1973,-142.0988
2.1326902,-3.8064938,13.891353,0.013106157,0.0015286986,2.0433729,15.759295,-2.909733,-3.8673449,6.9406114,21.002708,0.0,0.0,-1.889523,2.181503,17.118317,679.10675,1196.4321,-73.35872,1666.2006,1804.4303,-77.98147,2459.6663,934.21063,-80.695366
1.4848572,-7.1092796,16.323471,0.0021584306,-0.0022274246,1.4963869,18.895983,0.97258204,-3.107228,7.6026955,21.015268,0.0,0.0,-2.096788,3.0488408,17.80408,632.7607,1261.6246,-6.937969,1551.5594,1089.2343,-14.692147,2626.9739,926.8116,-18.665213
1.1995505,-10.398887,19.342058,-0.01789132,-0.009686085,0.94823575,20.49192,6.6331525,-2.183892,7.1363683,21.026407,0.0,0.0,-2.4121199,4.8883004,20.12229,447.7455,1184.6372,-2.3595948,1353.9326,1128.7684,-12.829677,2285.631,964.1174,-17.328867
1.0689234,-12.363313,20.819618,-0.015465331,-0.019892203,0.63349086,22.420113,9.35757,-4.736612,2.9021606,21.033306,0.0,0.66418266,-2.5381234,6.1648574,23.922262,454.00955,1199.7743,-0.65830904,1449.4718,1239.8292,-16.729448,2182.1702,1321.7296,-18.704216
0.93655777,-16.07309,26.194235,-0.010020712,-0.03003884,0.56950086,24.83622,16.153372,-6.670387,-0.9106299,21.026705,0.0,0.66418266,-2.0750916,6.87368,27.789389,621.20087,1259.6675,-3.586712,1752.3877,1229.9277,-19.397213,2570.3372,1300.9248,-23.151663
0.81818056,-19.204126,28.194113,0.002685979,-0.03679107,0.4982365,27.129858,19.305807,-6.982918,-7.1172943,21.016111,0.0,1.2686464,-1.3752686,6.8948684,25.367556,739.75244,1216.3429,-2.664932,1987.1533,1024.588,-20.077799,2923.0989,1248.4199,-21.904907
0.7874616,-20.274727,27.696241,-0.004843878,-0.043621078,0.5222924,27.47299,20.195213,0.4450439,-10.394126,21.018217,0.007663139,1.8814973,-1.0860547,6.7029843,22.757507,784.6076,1223.7267,-2.0003831,1672.2067,1652.0394,-11.208653,2960.1394,719.4605,-20.329857
0.80847484,-18.047678,21.878408,-0.0116666155,-0.048109043,0.49856815,24.735693,17.561172,9.375138,-13.050145,21.019058,0.007842784,2.2194128,-0.7842393,6.9042573,19.267876,654.48346,1163.9481,0.79411817,1328.562,2262.7537,-15.692543,2515.0852,576.7774,-16.721743
0.88024205,-14.2694025,16.94712,-0.027952613,-0.051693726,0.47288358,20.245798,15.859515,16.271784,-12.889445,21.023338,0.00843674,1.9982399,-0.3914075,7.3519473,19.674047,541.58624,1114.6407,-1.1720387,1277.0646,2327.5505,-15.874737,2120.2068,733.4998,-16.8968
0.9301386,-12.85805,15.41908,-0.024857895,-0.05757476,0.40359274,17.39044,17.133347,16.94655,-12.220014,21.018517,0.0059879343,1.6242313,-0.5670074,7.6902585,18.646168,484.3767,990.6784,-2.7487552,1543.5807,1557.023,-22.795683,2169.1406,710.71124,-15.249119
0.9676537,-11.463927,13.128667,-0.0134928385,-0.06037013,0.39075938,15.357259,16.66654,17.244099,-11.556399,21.029573,0.0044464725,1.6150693,-0.98258066,7.722912,18.077826,452.6027,856.3045,-2.7909148,1665.3936,823.6197,-18.207453,2232.7217,769.3542,-14.346333
1.0024498,-11.955653,14.034702,-0.007053292,-0.06284729,0.43575943,16.053396,17.033754,18.423592,-9.739654,21.041563,0.0052245916,1.536953,-1.1060488,7.709844,17.601713,451.24625,887.8511,-2.606265,1566.2428,1003.4827,-19.574675,2280.5684,557.4089,-13.771096
0.98852867,-12.230992,14.006421,0.007844774,-0.060119364,0.49377966,16.436998,16.953344,15.991898,-9.933322,21.050903,0.0068837884,1.6032847,-0.20426495,7.783479,19.201277,456.15073,925.8113,-2.8034503,1588.6997,1114.5195,-21.715586,2281.9822,640.73566,-15.531315
0.96977323,-14.0152445,16.776367,-0.0061135343,-0.058634445,0.545362,17.794333,18.797922,16.203135,-7.334032,21.043264,0.0,1.0754246,0.40136194,7.972477,21.576906,474.90323,1043.5945,-3.3653405,1551.6798,1576.0377,-25.481146,2239.8582,637.44824,-17.882978
0.90222937,-14.59274,17.016531,-0.0022270947,-0.05550528,0.5611276,18.662909,18.866402,13.8073435,-8.672555,21.03222,0.009815102,1.149006,0.6782512,7.9206486,25.530943,497.34756,1124.7736,-3.039135,1410.4625,1997.3457,-28.733994,2222.8303,591.91693,-20.974276
0.842346,-17.339369,20.554632,-0.021502642,-0.05633386,0.58761865,21.111895,21.745577,15.489282,-7.147245,21.02919,0.008415089,1.0737785,0.56157166,7.7727814,28.884985,618.37836,1166.7106,0.6162815,1636.1133,1713.6635,-28.27505,2561.295,596.2097,-22.393166
0.75358254,-19.340906,21.794756,-0.02017014,-0.05414225,0.569092,24.429787,21.708961,11.78159,-11.389287,21.029005,0.005757179,1.9039246,0.78985685,7.675778,32.977505,742.3486,1204.2054,4.8692117,1939.7731,1210.868,-27.393782,2973.2097,786.22577,-24.293509
0.6677026,-23.674692,27.534678,-0.030978287,-0.05451114,0.4769881,28.627295,25.250504,8.336991,-13.717359,21.03364,0.0043037497,1.8305408,0.73016995,7.81867,35.177578,849.75446,1135.9963,7.55911,2303.3955,604.5529,-25.34746,3282.4197,919.9963,-25.911901
0.6008146,-25.588682,31.137491,-0.020397129,-0.05182211,0.35144714,31.528708,25.799738,2.585101,-18.430597,21.034986,0.0048914887,1.8007154,0.5152963,7.700251,35.959553,857.2598,1095.5591,5.927649,2277.845,731.24054,-25.652985,3258.1326,875.28125,-28.65181
0.5777101,-27.583939,35.29936,-0.026696136,-0.05369529,0.28358927,33.46698,27.222082,-0.7395657,-16.068865,21.000528,0.006408004,1.6379428,-0.46767083,6.818157,32.372738,837.644,1006.4256,3.561035,2154.7258,820.2813,-23.681082,3214.181,697.4323,-28.420732
0.58985716,-26.263878,34.21979,-0.025101306,-0.050863057,0.2961795,32.840977,24.508224,-1.6745297,-13.524456,20.981916,0.00707666,2.3015168,-3.2152214,5.679425,26.476618,824.1464,1048.9254,1.8941456,2103.1035,815.605,-19.891802,3276.8203,692.0022,-25.319365
0.65849906,-23.210196,29.494822,-0.027027786,-0.04945639,0.33954,30.600182,20.327713,3.2133763,-11.650375,21.317575,0.006758901,3.1483328,-4.2326317,5.485334,21.959627,794.5647,1154.6655,-2.7656038,2107.282,704.9749,-14.573827,3308.884,680.235,-21.386633
0.7205129,-20.30932,25.92573,-0.020889228,-0.04361531,0.365876,28.072008,17.193136,4.0816708,-10.23461,21.640448,0.0064309146,3.727004,-3.4927359,7.0691314,17.412195,709.5661,1330.4332,-1.0211776,1777.027,1139.6411,-12.548755,2922.4617,738.0998,-15.007492
0.9707632,-16.933008,22.426058,0.006176667,-0.04143313,0.69288045,25.206985,13.039561,7.320352,-9.150525,25.839874,0.006425002,3.8049953,0.4641981,5.932493,16.938204,568.064,1271.0854,-1.0773096,1540.0035,1091.755,-13.105662,2632.2798,679.7281,-13.978587
1.2099756,-15.372085,21.756731,0.015792297,-0.0374004,0.8483755,24.608162,11.93097,5.541149,-6.884981,29.643982,0.19401902,2.7728693,2.9137993,3.4602578,14.574951,449.74747,1147.2314,2.597125,1294.9545,1163.4893,-14.529968,2274.7917,817.3044,-12.304614
1.4653225,-13.333659,19.895607,0.043193832,-0.035650622,0.97144747,23.051155,9.289096,6.2319255,-6.4726386,33.47224,0.20597537,1.7691025,4.0944214,-0.42262158,13.232162,395.74084,951.6028,-0.067239605,1412.4332,689.1162,-13.935695,2331.1667,746.5501,-13.299403
1.5664625,-12.57745,18.123453,0.028774723,-0.03250545,0.84966487,22.178522,9.943259,4.0596833,-3.756133,33.33563,0.21011756,0.85309577,3.7617483,-1.2413716,15.990397,398.06006,941.03156,-1.3480583,1375.1602,700.2491,-14.320312,2298.8633,681.8625,-17.338457
1.709555,-10.743374,13.97186,0.038309596,-0.028437413,0.7581885,17.528635,10.714119,0.56713486,-4.2933674,33.224888,0.024718339,0.722486,2.9556277,-1.1600304,16.57652,390.3041,977.7497,-3.4141397,1326.3473,748.5733,-16.924421,2288.009,500.453,-19.990662
1.7260717,-10.15249,12.18695,0.018285818,-0.02573851,0.73095345,14.83638,15.530613,-1.470038,-4.526238,29.018946,0.17543417,0.8052177,1.9302759,5.608299,22.628195,379.78586,1093.3202,-2.9905155,1264.1078,877.12286,-18.909607,2268.6208,412.95117,-22.094795
1.5558243,-11.753143,15.548673,0.020042606,-0.023315439,0.7395696,13.498192,21.266802,-3.6253643,-3.7707155,24.937983,0.17987956,1.1729468,1.8932234,11.697679,27.50473,372.77588,1193.6796,-1.906312,1253.9354,1002.84454,-21.881754,2279.866,441.89072,-22.086172
1.218894,-15.325623,20.87181,6.7893416e-05,-0.028114118,0.71573526,15.071996,28.469091,-0.14689064,-0.62234247,20.86766,0.17973755,1.5665747,2.3745222,17.184069,37.44081,378.39954,1285.3727,0.99221426,1262.5101,1209.765,-24.87813,2326.3887,520.549,-25.796082
0.91910934,-19.918587,27.46888,-0.007446827,-0.036155567,0.6304298,18.771788,32.756504,-0.21696894,0.0053165755,20.926493,0.02074415,1.9986111,3.3488886,16.113302,42.84082,354.56628,1461.0609,-0.1071016,1208.5367,1300.7736,-21.91172,2299.9736,689.1862,-30.673681
0.73625135,-24.888342,31.72199,-0.01725844,-0.0471441,0.41158497,26.016867,34.906174,1.1778103,-3.7941792,20.967512,0.02110397,1.5897425,3.982982,15.414174,42.51121,544.35834,1426.7988,-4.026982,1550.2379,1148.0956,-23.13784,2663.5645,645.4513,-30.407972
0.6322102,-29.717865,37.536438,-0.015785342,-0.058891978,0.31856784,34.504745,34.019436,-0.53386706,-6.0512147,21.053368,0.020492727,1.0925443,4.0622134,15.377308,40.763397,724.86084,1372.528,-8.536274,1863.1976,937.79095,-22.853277,3050.197,644.84357,-28.97188
0.65129316,-29.014185,37.341858,-0.0040589697,-0.05897927,0.35330924,35.078472,31.013052,3.7462645,-9.406306,25.219294,0.34800562,0.48293272,5.117522,16.101412,42.439938,875.3589,1208.4858,-13.612948,2185.7898,844.908,-32.18202,3338.0518,514.9321,-33.819256
0.6995744,-27.904379,36.94285,0.0014529949,-0.055220887,0.43510756,35.31378,28.34501,5.09733,-9.9848795,29.506865,0.3537312,0.5313988,5.992045,17.688461,46.69308,828.06195,1258.0204,-14.48412,2096.0093,989.77686,-36.27626,3285.5156,575.7241,-40.215626
0.7719655,-26.773712,35.632717,0.023043184,-0.04843852,0.6264179,33.08076,27.626364,6.212688,-11.468118,33.777702,0.3535954,0.61205345,7.138599,21.178944,51.66241,795.3836,1313.7037,-15.002719,2096.2773,954.1691,-38.826427,3284.2979,550.9595,-46.881092
0.84734267,-30.664576,38.532097,0.032239065,-0.05304098,0.808795,35.636036,32.51953,1.4082137,-9.0993805,33.9082,0.034720823,0.6628992,6.963758,24.658691,44.568623,652.0784,1419.7719,-13.349288,1774.1068,979.0254,-31.36188,3042.956,586.6308,-38.735924
0.95236856,-31.193617,38.133904,0.0648037,-0.054756384,0.86873704,33.049717,35.186745,-2.2561648,-9.349643,33.754223,0.03085074,0.70050436,6.498034,21.537382,35.834095,407.5769,1605.2847,0.0,1418.0592,992.7297,-22.876745,2729.3945,520.04205,-30.052973
1.101592,-27.364952,33.81084,0.06341682,-0.047603723,0.8546029,30.606705,33.40666,-4.530389,-11.590436,33.5134,0.03100226,0.788779,6.0206885,16.46393,26.291763,230.81761,1621.681,0.0,1034.8905,1061.524,-16.163727,2317.2498,454.5015,-20.90735
1.2118646,-20.611269,27.310144,0.06650495,-0.03353562,0.82900745,25.869265,26.310188,-3.362663,-14.003738,33.267536,0.01906357,0.7676096,5.7781982,10.808728,26.937332,446.0214,1412.7184,0.0,1432.3197,837.6369,-16.721582,2670.3396,453.33926,-22.190538
1.2975664,-15.457513,23.390978,0.041828763,-0.01894671,0.77951545,23.122803,21.73626,-2.109144,-8.818778,33.08498,0.012419902,0.9412442,5.16303,10.161999,25.535818,524.4003,1241.1714,-19.913088,1497.2372,761.7027,-18.37072,2668.2083,467.74744,-21.810232
1.3329926,-13.248088,20.943983,0.031683154,-0.010379954,0.7062176,20.369003,17.434853,-0.8707216,-0.72509336,32.91481,0.010570892,1.0406886,3.885703,7.966128,25.567488,508.86295,1231.5591,0.0,1532.0841,720.934,-21.207863,2655.1638,515.093,-23.955559
1.3242306,-14.032826,21.388704,0.012246738,-0.009657636,0.6418312,20.227705,18.817787,0.3418024,9.174836,32.832035,0.009458826,0.95313495,0.9509918,2.9233074,23.405945,310.22452,1270.2488,0.0,1231.7052,832.991,-23.30281,2306.408,504.0625,-25.670464
1.231924,-15.402928,20.819527,0.0024992472,-0.013787995,0.70430636,19.615585,22.02947,0.7913124,6.6987247,32.79583,0.004736915,0.57336533,-0.58286726,0.17949224,23.922356,331.61432,1181.5538,-104.271614,1256.919,809.23444,-83.429535,2322.3237,453.18784,-85.877686
1.1430558,-15.812215,20.783773,-0.009811682,-0.026056806,0.7796462,16.139778,33.327744,3.315221,-0.9178238,0.0,0.0,0.0,0.0,0.0,0.0,480.81778,1093.8639,-136.5144,1635.3981,587.8953,-142.10292,2599.0637,283.63626,-144.22499
1.0663654,-12.409816,15.940837,-0.02883388,-0.033440243,0.8075127,9.042541,41.303112,1.2750233,-14.306163,0.0,0.0,0.0,0.0,0.0,0.0,514.2467,1027.7944,-137.41533,1729.5385,949.40015,-142.7869,2628.144,333.7543,-142.56465
1.08134,-9.560059,12.809696,-0.040419627,-0.042072084,0.7190817,3.5055027,48.35356,1.5012671,-20.114569,21.044868,0.0,0.0,-5.3008747,8.497952,22.495684,543.09174,996.3558,-72.64541,1823.831,1285.3036,-86.00855,2669.803,510.1714,-83.653755
1.1133987,-6.458042,8.806716,-0.03611647,-0.040835734,0.6954794,0.13668187,47.25075,-1.753424,-22.964796,21.036814,0.0,0.0,-5.332933,8.709661,25.387877,451.80588,918.8558,-8.014537,1611.4532,1761.9229,-29.261393,2409.5027,663.95465,-26.906595
1.1566011,-5.5364547,7.7857285,-0.016461842,-0.042710003,0.56211877,-0.034926455,47.851154,-0.39521527,-22.29836,21.01119,0.0,0.0,-5.3607354,9.216655,28.071304,450.68503,918.2531,-6.6046042,1645.4828,1968.9102,-30.430407,2374.049,693.7331,-27.350838
1.1642275,-3.6622887,5.2147717,-0.013516721,-0.051624697,0.54072505,-1.5183355,49.9277,1.690568,-24.533134,20.980833,0.0,0.0,-5.4866853,9.77089,30.690344,455.5199,900.5325,-2.880584,1658.1064,2265.108,-28.92344,2317.8303,731.1213,-27.673553
1.1353731,-4.2456164,6.339508,-0.0068057827,-0.05945535,0.5087778,-1.5982118,54.661877,2.531856,-23.635115,20.99014,0.0,0.0,-5.198376,9.802878,30.746294,474.36337,950.5928,0.8158314,1480.4922,2888.0488,-24.466286,2342.8604,832.67773,-26.093035
1.1104828,-5.1234956,7.4048867,-0.011549975,-0.06254812,0.4743007,-1.1275077,54.324844,1.9151483,-22.981897,21.386513,0.0,0.0,-6.001072,9.234681,29.909096,471.8409,932.9038,3.5283096,1586.7451,2837.0808,-21.63859,2360.9905,709.59406,-24.980453
1.0930792,-7.6102843,11.587323,-0.006947708,-0.047902837,0.4773817,-0.057106573,50.56511,-1.8812842,-17.573412,23.722382,0.0,0.0,-5.666903,2.4495294,24.994986,455.4302,982.19305,4.4756207,1534.6235,2342.4905,-13.282737,2480.7234,508.80722,-22.837683
1.0750146,-10.15701,13.943974,-0.012097854,-0.037097495,0.43299523,3.6630297,43.600372,-3.585598,-11.562932,26.042398,0.0,0.0,-4.832952,-3.2275975,19.871073,425.67126,1011.4685,5.7631726,1617.1097,1565.5181,-7.330736,2521.8828,444.59897,-19.474096
1.0820427,-11.017429,18.072443,0.0027555327,-0.019702727,0.5631748,10.129419,31.049456,-5.269827,-2.8412352,24.792715,0.0,0.0,-4.166124,-3.9700022,19.185787,390.76794,1075.8833,5.6826243,1365.6058,1003.2729,-2.8565443,2515.4036,443.31223,-17.546932
1.2541074,-10.116427,18.541605,0.021163141,-0.014866871,0.7843675,12.055154,23.80631,-8.268342,-1.6379247,22.267942,0.0,0.0,-5.7210956,-0.7515316,20.916668,359.6913,1090.2635,-63.758636,1311.163,833.6247,-69.4977,2463.3245,420.02905,-78.27787
1.3937978,-9.9477625,18.809456,0.015919799,-0.016194241,0.9421384,10.590392,20.095575,-12.816159,-3.9533246,19.372225,0.0,0.0,-14.977456,0.0,0.0,352.15195,1024.8746,-63.787857,1284.4113,680.35895,-70.73078,2459.2266,327.4939,-77.80526
1.5049214,-11.496846,18.021147,0.012767184,-0.023027852,1.2488018,8.70754,25.593534,-13.333988,-5.3856483,17.815529,0.0,0.0,-16.284325,201.0,34.25821,362.73428,1061.504,-131.41438,1304.8456,764.4124,-135.07677,2491.3105,421.8821,-138.83612
1.599708,-15.454788,23.359518,-0.0029693597,-0.02831394,2.4304566,18.149454,23.099518,-9.788656,1.6753479,16.430412,0.0,0.0,-15.135358,0.0,0.0,289.26584,1423.5082,-96.621574,1274.2863,1057.6509,-79.55468,2376.0703,777.82306,-86.920525
1.4342858,-21.766123,32.27493,-0.007513887,-0.027621144,3.5667408,28.755423,23.808355,1.1822819,10.155368,15.484184,0.0,0.0,-5.4518104,11.853876,46.676685,499.70605,1750.9028,0.0,1645.0226,1155.495,-93.20776,2817.872,1877.5873,-100.24671
1.229967,-27.069212,40.533497,-0.049084246,-0.026355399,3.8598487,34.626286,22.14754,9.543805,11.833366,16.29881,0.0,0.0,-2.528253,12.255379,44.258762,738.1035,1766.1136,-32.837578,2014.2334,1116.7888,-41.01033,3145.4524,1912.9086,-48.54718
0.84265083,-32.185307,45.220264,-0.08334386,-0.023967212,2.7458286,34.740704,27.991364,14.11147,14.092305,16.170414,0.0,0.0,-2.6715944,13.122139,45.353577,1097.8949,1542.858,-31.227652,2500.508,905.74414,-42.097183,3808.8535,1738.2396,-50.53485
0.8191789,-31.975939,43.797405,-0.09879171,-0.019165901,1.6949159,32.35606,28.424738,13.562345,17.128979,16.91173,0.0,0.0,-5.1809287,72.485085,37.240482,1080.1699,1863.6598,-29.112709,2099.9478,1181.5106,-33.735783,3363.2803,745.77563,-44.048965
0.8740997,-31.968176,42.59359,-0.08698829,-0.021793226,1.4724528,33.288197,31.413109,8.931673,20.590105,18.585718,0.0,0.11895593,-5.888029,73.67147,31.99542,831.0712,2095.9521,-21.938509,1697.2485,1386.5698,-23.213318,3083.2625,677.89154,-39.020657
1.035055,-26.476145,37.593555,-0.066991426,-0.01926752,1.8430634,30.651175,29.233017,2.7046013,21.050917,19.610382,0.0,0.11895593,-5.0681887,76.19333,24.25982,560.3642,2060.3135,-14.445262,1245.2726,1402.1793,-14.037953,2552.3948,602.82166,-31.72236
1.1445689,-19.188599,32.35229,-0.056361783,-0.019247727,2.165437,29.008575,26.476044,-6.8670316,16.647278,19.710478,0.0,0.11895593,-3.6979434,21.351538,24.07946,376.68033,1515.8566,-7.2522736,1260.582,1088.35,-10.48389,2582.8538,546.4677,-28.875212
1.2953,-14.215054,29.179253,-0.055325672,-0.013461918,2.029597,26.284311,22.960136,-11.229856,15.213901,23.714043,0.0,0.11895593,-3.5150716,16.355349,22.571066,393.77255,1293.6888,-4.4431977,1285.8969,914.9297,-7.6976037,2571.015,545.5511,-26.024534
1.4071182,-12.068508,26.936026,-0.063043915,-0.014188577,1.60253,24.55514,20.735748,-11.662179,11.56957,28.44813,0.0,0.4680749,-2.8180695,9.714175,21.07134,402.43344,1204.3799,-2.770897,1284.0922,858.8538,-5.1339307,2543.0217,513.9886,-23.072931
1.5021294,-12.104012,26.816484,-0.056888163,-0.01231051,1.4350268,25.171148,19.083788,-9.744133,9.6067505,33.10672,0.5020853,0.89232445,-1.3535447,2.7460377,18.544622,390.8765,1158.6285,-1.0617312,1272.8844,807.856,-3.6325724,2506.948,493.95667,-19.606354
1.4930855,-9.639941,23.57833,-0.047802553,-0.012030273,1.2729682,24.317795,16.966623,-9.986894,8.936999,32.970127,0.33570504,1.0767704,0.41302156,4.376042,16.57825,387.02402,1109.4589,-0.5411895,1257.8458,762.4331,-5.3096566,2480.7305,438.2778,-17.11944
1.4535633,-8.000912,20.639807,-0.02861958,-0.009255313,1.1057622,24.6352,13.136798,-10.389045,9.544058,32.806873,0.0377548,1.3120064,1.4662819,5.494945,14.268762,362.4304,1241.1927,-1.8730092,1261.1462,808.3247,-9.325837,2502.182,436.62793,-16.141771
1.456963,-7.663729,18.053858,-0.011977375,-0.00526623,0.87373203,24.069971,8.663443,-7.563835,10.980186,32.60119,0.07174769,1.4721113,2.3634064,6.195658,13.933278,337.28156,1358.0505,-3.7073596,1271.9227,853.189,-14.404517,2528.212,476.04526,-17.640638
1.4624735,-8.868542,15.736812,-0.0110790925,-0.0074138045,1.0897142,24.328789,6.277639,-1.0209013,14.518646,32.202152,0.087012075,1.4813834,3.0650246,8.857375,18.148718,334.3525,1478.39,-2.6693504,1311.4535,915.43115,-19.98622,2558.6428,515.7961,-20.81807
1.4424711,-10.436299,16.384218,-0.012231725,-0.009727851,1.1937722,23.837868,6.32107,4.3143296,19.473307,31.810715,0.053128272,1.4946942,4.068354,13.108729,23.220581,339.06985,1409.584,0.14303844,1341.17,879.06274,-23.483068,2517.6426,623.29083,-23.07754
1.3834199,-13.278781,18.966547,-0.021766812,-0.018533878,1.2247024,23.578115,11.43536,6.677557,25.289467,31.54482,0.020662816,1.4183182,4.763686,17.76639,30.367788,364.03635,1351.9346,3.2766144,1405.3351,888.0425,-27.069708,2479.1653,691.25,-27.091173
1.2172173,-16.601336,23.68899,-0.014358681,-0.018486815,1.0229049,24.118881,14.759593,9.3320265,28.122576,31.593115,0.017305838,1.5788465,4.393038,19.358337,31.705515,358.0049,1231.7965,3.8377972,1434.7526,806.3768,-29.292803,2428.4695,735.4434,-27.86772
1.0429488,-21.193865,27.928543,-0.010557839,-0.022406543,0.9378732,27.231524,20.07966,12.946561,22.69515,27.776777,0.18546562,1.7374147,2.2003133,19.712477,32.067818,379.20816,1227.6818,3.8508196,1450.0342,1020.9375,-30.857239,2381.3633,699.7173,-27.878174
0.8311984,-23.538359,29.883898,-0.0037410865,-0.023460805,0.90069294,29.205942,23.158945,15.200924,15.193553,24.013374,0.18849768,1.3931298,-0.5329092,19.578476,30.11476,385.0082,1276.8324,2.0295322,1343.9507,1220.1365,-29.240707,2295.7175,649.1241,-26.053522
0.69621724,-23.82549,30.294052,-0.011786272,-0.027547851,0.87453073,28.560114,25.61492,14.065117,9.386212,19.843454,0.18340677,2.4366248,-2.3676653,19.877676,30.74854,380.6837,1442.284,0.984993,1275.3373,1542.4077,-27.758705,2207.5925,660.24115,-26.529917
0.59056014,-21.888876,29.45179,-0.021196878,-0.024231141,0.7777594,24.766123,26.20444,14.248624,7.0469346,19.542933,0.021545636,3.078132,-1.7765023,19.121014,31.839348,364.06436,1441.168,0.87836665,1243.4288,1412.9507,-28.913599,2243.0725,571.1937,-28.711798
0.5226167,-22.485489,29.62737,-0.043299004,-0.02674591,0.63936096,23.989449,27.670593,14.681541,6.6800904,19.146559,0.03612415,2.9967473,-0.59813184,18.011496,35.55547,518.5351,1357.8868,-7.446373,1578.0249,1057.384,-33.162174,2668.1921,539.65924,-34.04631
0.49350032,-24.555145,31.409643,-0.0366207,-0.02919668,0.51608485,25.328108,32.818237,12.515674,4.100889,19.062193,0.04054729,1.9211559,0.07748314,17.458649,39.772125,545.1231,1388.5841,-15.840222,1495.8955,1098.351,-33.84696,2705.1602,501.8777,-39.372192
0.47510123,-28.854385,33.752758,-0.040918786,-0.036569756,0.56890076,28.788263,39.152676,9.0784445,4.141187,19.010881,0.044133972,0.5279775,-0.09717005,20.063398,40.053265,575.9159,1454.6191,-24.915846,1418.0449,1285.2437,-32.68147,2694.5847,641.4365,-38.5405
0.45601368,-31.38859,37.888157,-0.039264068,-0.037426107,0.5384262,29.90359,43.92657,6.42082,2.819557,18.989481,0.03540859,0.4502314,0.20711406,23.328894,33.81631,424.2012,1521.9702,-13.590913,1068.4489,1569.0775,-30.159319,2378.0703,695.4988,-29.476885
0.46204767,-34.638607,41.854214,-0.031614404,-0.03801556,0.69797754,32.552048,45.862167,9.078637,4.70806,19.021196,0.0,0.47062203,0.192136,25.654634,23.64556,524.064,1396.3014,-9.73799,1472.4401,1396.4175,-25.622269,2680.2605,897.32764,-17.11619
0.45925966,-34.40903,42.90614,-0.028327981,-0.039365362,0.77179646,33.29588,43.077793,16.995434,0.044081688,19.038193,0.005238973,1.0347298,-0.12424549,25.826025,16.822014,617.3691,1268.0343,-6.554056,1862.3175,1032.4344,-20.521948,2972.424,909.0727,-10.053157
0.80190325,-25.018831,32.39073,-0.019878842,-0.030074613,0.93940276,23.155592,35.868755,31.040894,-0.489127,19.02775,0.0063595013,2.8574247,-1.1208562,24.605291,13.038447,574.8448,1153.5282,-14.911434,2014.9366,786.38385,-19.015823,2986.5217,950.13556,-6.9756126
1.126419,-14.644292,19.938492,-0.03898674,-0.020693144,0.7864127,11.003394,29.90438,39.018635,-4.319514,18.99235,0.0057797865,2.9178593,-1.695042,24.554588,11.196654,434.85458,1040.8579,-8.594447,1817.0293,502.99606,-22.46974,2748.6794,780.2497,-5.652111
1.5462204,-3.8967173,8.042224,-0.037823584,-0.011541191,0.81810504,-2.6419795,27.758642,43.70081,-4.7954144,18.964407,0.0069096033,2.752164,-2.185702,22.6793,8.881416,279.811,985.4646,-8.719552,1557.7242,639.92975,-25.168013,2536.2793,739.86127,-3.3814306
1.637906,-2.8652527,5.962642,-0.03277142,-0.01370385,0.8117714,-5.262254,32.481915,43.416107,-6.7027173,18.976051,0.0,1.1231755,-2.741458,20.17533,8.224258,293.0194,911.66046,-1.0044628,1541.3779,836.3872,-24.266937,2563.7078,760.5249,-2.7850895
1.7718245,-0.48523447,3.4554167,-0.015857058,-0.018907698,0.94553,-8.103736,32.621815,44.261112,-8.0650625,19.022951,0.025132846,0.9139206,-2.9134853,14.884392,8.822372,669.13385,841.2654,-11.86473,1826.1704,1001.5506,-16.825876,2877.957,754.9295,-3.4327433
1.8596753,-0.785038,2.909051,-0.009468085,-0.020758042,0.9686025,-7.901352,30.57498,42.782574,-1.7928928,19.081879,0.025945323,0.7046655,-3.4106083,9.6806965,10.877811,1043.182,639.8737,-16.590868,2133.2332,894.66876,-12.274425,3142.9304,686.03296,-5.588278
1.8528265,-0.12569238,1.6574076,-0.013515979,-0.024354154,0.9349808,-6.7462125,25.508982,39.952393,-0.17702293,18.985756,0.02358302,1.4102182,-4.626921,4.5166607,11.649045,1032.6951,711.57764,-17.551435,2127.4043,641.7844,-13.064472,3082.764,651.1699,-6.306619
1.6805683,-2.4508393,3.9577758,-0.010601624,-0.028475145,0.82531214,-3.6053298,25.634026,37.590565,0.93323135,18.73715,0.019595763,2.12032,-7.2285953,0.26143217,11.396305,663.6024,746.03827,-7.348423,1824.0526,417.87125,-19.687595,2770.7842,616.3797,-6.1726723
1.4467567,-6.37907,8.64434,0.0010908855,-0.03504698,0.9604597,1.2345362,27.42427,36.076504,1.1829201,18.593397,0.0156085035,2.8304217,-8.483425,0.86914283,9.115658,314.12094,929.23346,3.4477599,1561.9507,243.96355,-24.09974,2488.9854,668.3559,-4.271813
1.3642658,-9.997735,14.027618,0.029865706,-0.038453132,1.1434237,6.9781785,26.196167,32.908672,2.5567548,23.750282,0.0156085035,2.8304217,-6.11759,4.9849463,7.0607204,341.54236,891.8809,2.6356418,1597.1997,171.45941,-24.66685,2502.8977,726.2941,-3.8188636
1.4050204,-9.908825,12.943818,0.035134196,-0.034861233,1.4080162,11.975518,20.517107,31.754694,7.6129475,28.920618,0.343739,2.6031125,-2.5167046,9.605097,6.274057,354.27234,896.9571,1.998407,1585.3286,150.6825,-25.674828,2490.0981,815.9119,-4.1466475
1.436689,-7.7559543,9.148046,0.026409179,-0.032704774,1.333512,15.6267395,14.098206,30.467043,10.20641,33.893314,0.6718695,2.3758037,0.19040857,10.4060335,7.573604,364.83066,925.2889,1.7057697,1574.3519,205.11012,-26.901047,2473.2795,903.0197,-5.8678346
1.4352516,-5.45449,4.663902,0.016180152,-0.033684287,1.2554603,17.285965,9.8567095,31.702988,14.517773,33.596592,0.690567,1.6764089,0.61827654,8.885207,8.6421995,364.35306,938.9656,2.0855196,1545.9869,250.99605,-26.90644,2468.7422,882.36084,-6.55668
1.39388,-4.581018,4.3896046,0.007451994,-0.036020253,1.1324538,17.965641,7.6429596,29.827156,15.447491,33.341366,0.37387645,1.4207948,1.1325301,7.5889053,8.982754,368.22818,964.1675,1.0217651,1540.1764,312.4044,-28.025766,2474.5754,894.7575,-7.9609895
1.4049109,-4.2041135,4.610951,0.0104396315,-0.03482725,1.028876,18.30181,5.613959,28.902117,15.242625,33.130787,0.060827892,1.2773663,2.1570332,6.7951393,8.09733,365.5215,970.36993,-0.47545353,1525.9742,341.417,-29.353613,2448.5046,887.5926,-8.572783
1.3828068,-4.6756144,6.6262126,-0.0047055017,-0.03403142,1.078369,18.432528,6.4121704,29.147226,18.21472,32.991302,0.04147147,1.1040003,2.3659027,6.134306,7.239095,368.6544,990.822,-0.8342242,1530.2094,369.40927,-28.2005,2447.7236,915.6479,-8.0733185
1.3651748,-5.8298354,7.5828595,-0.005114041,-0.0332791,1.0663714,19.356092,7.820412,31.637161,19.44023,32.89723,0.031246347,1.0649045,2.28958,5.5767865,7.0080657,364.48853,1005.32764,-0.0046388307,1540.9253,379.94604,-25.189116,2449.888,955.36255,-7.0127044
1.302784,-5.2801156,6.2550106,-0.006869251,-0.037246864,1.0901333,18.538208,8.760645,29.84067,18.900076,32.787754,0.014343095,0.7846486,2.3990269,5.202312,7.5578637,375.5621,999.52783,0.1447161,1547.8892,406.09103,-23.288752,2458.797,975.85187,-7.4131484
1.2733114,-5.132019,5.2341213,-0.00717722,-0.03801931,0.8543675,18.013994,9.340023,25.41765,19.405565,32.647156,0.014124206,1.2318691,2.9929495,5.046878,7.2885957,376.60275,1001.62524,-1.4118067,1543.2109,444.6781,-24.191246,2446.6716,1032.2169,-8.700402
1.3108692,-4.970056,5.6472187,0.0018372362,-0.039562106,0.7342655,17.894588,8.415563,22.113722,19.755486,32.503727,0.027783895,1.4018897,3.6836739,5.6338,7.0148635,378.6472,1055.7195,-3.7628803,1551.0199,517.96783,-26.960775,2534.8962,1098.5865,-10.777743
1.3339592,-6.19863,8.212768,-0.0074072373,-0.037809763,0.7890293,19.833267,8.478036,23.181854,23.94073,32.18697,0.035618786,1.2985977,4.0111146,9.490014,13.909318,378.93008,1078.3688,-4.301935,1557.499,548.05743,-29.419937,2571.9348,1080.3364,-18.211252
1.268015,-7.273023,9.510065,-0.0034984602,-0.034696702,0.7909429,21.946238,7.2993445,27.542704,23.584017,31.936157,0.03155986,0.90355206,4.505494,15.888696,22.187607,376.51852,1072.3668,-2.9836094,1546.5404,542.4733,-33.94145,2561.3655,998.26666,-25.171219
1.0748681,-11.843507,14.557139,-0.017426742,-0.029925497,0.857364,24.85482,11.437279,30.123201,25.74732,31.822622,0.013343585,1.0724415,4.5370193,20.13334,26.146738,377.54724,1034.6835,-0.8175127,1549.2592,541.0442,-36.20863,2455.5212,912.5972,-26.96425
0.8964773,-16.813055,19.265305,-0.016121343,-0.02480728,0.7870609,25.892372,16.732351,31.29834,22.47377,32.00675,0.018088454,0.99236125,3.45615,19.978806,20.399742,376.52197,1036.2769,0.73624295,1605.5529,621.2143,-36.253433,2356.0688,977.1997,-19.6635
0.754842,-22.26603,25.221472,-0.01843101,-0.02759774,0.7247104,26.462778,24.242981,31.131556,16.973951,32.160656,0.028357366,1.2777523,2.6795838,17.661451,14.214307,388.82297,1067.067,1.9218413,1714.6783,983.417,-27.918556,2241.9915,957.1875,-12.292465
0.8029506,-18.016771,20.725683,-0.0074977153,-0.031199394,0.7893257,22.64652,21.73255,34.79588,11.841863,32.168144,0.029028893,0.72354364,2.7976875,18.646673,12.703637,386.41687,1023.03204,3.5469208,1697.5238,877.124,-26.699585,2249.3816,906.4673,-9.156716
0.9909616,-11.575417,14.96811,0.0075139645,-0.033886213,0.80434155,17.805326,16.96418,39.82082,8.08775,32.061607,0.035784833,1.0724411,3.7599714,24.809416,15.609096,370.12466,968.2771,3.9739895,1622.894,625.8954,-29.259085,2316.7454,780.6446,-11.635106
1.1762884,-5.9358788,9.500373,0.003520213,-0.03127317,0.9461704,13.874583,12.527107,46.498333,7.4785156,32.02654,0.03942792,1.4147092,3.3569272,26.901384,16.76047,351.79587,876.0054,2.4177787,1537.3467,142.0998,-37.36545,2472.8572,785.96045,-14.3426895
1.2174662,-7.110555,10.9398775,-0.009764544,-0.03096213,0.7290008,11.580849,16.754011,51.276302,4.817559,27.686895,0.20776159,1.314567,1.1723077,27.02867,16.736448,347.68082,835.5708,0.7550295,1559.5104,94.27523,-36.31364,2517.125,811.81494,-14.46901
1.0999807,-9.986005,13.6248665,-0.015340656,-0.035196647,0.6959154,12.144015,22.423304,55.25298,4.3458486,23.388876,0.18638442,1.7708257,-0.15379174,22.860937,14.467006,355.17154,832.747,-0.30238786,1601.9542,110.36974,-34.70581,2555.031,923.8293,-12.483018
0.93876714,-10.11996,13.156516,-0.024408123,-0.035011087,0.7159009,11.001948,24.37249,56.094086,7.5329933,19.023539,0.17354637,1.934543,-0.65645677,21.751448,14.291242,349.50858,878.0234,0.82481104,1608.2582,92.26605,-34.345036,2556.3489,1002.49927,-11.397784
0.7881736,-9.8205,11.048328,-0.029121807,-0.03587962,0.75448483,11.246846,25.716455,53.584774,10.005128,19.02062,0.016479528,2.697501,0.28842768,20.850004,16.456102,352.51724,904.0332,2.025582,1633.8417,46.667633,-31.471985,2549.8232,1114.0345,-14.488823
0.6408776,-12.529599,12.535859,-0.037593428,-0.032334153,0.6616792,13.342644,28.32698,50.01382,11.814995,19.052725,0.018869039,2.2365227,-1.2092209,18.5502,17.870735,361.76968,930.38837,3.2120667,1700.7338,59.773685,-25.650255,2540.5574,1744.2334,-16.14335
0.52246827,-16.455349,16.138826,-0.036915403,-0.030432887,0.55911475,16.503836,32.415764,44.35835,8.856347,19.117344,0.021841884,1.4727098,-4.7436595,14.673103,15.035194,391.76108,965.5063,1.7818257,1762.7816,1363.15,-13.737037,2347.7026,1448.6559,-13.667221
0.44381893,-22.057676,24.411888,-0.03981093,-0.026105138,0.52447176,20.298948,36.781803,39.384663,3.4024532,19.153214,0.012063669,0.905607,-7.403387,11.943379,12.358772,448.3536,1105.774,-66.48493,1957.6104,1361.6637,-73.450836,2603.4292,1278.0062,-74.52343
0.76806587,-15.517968,22.490387,-0.040471297,-0.008682323,0.68178254,17.286259,25.322708,22.738337,0.8398573,0.0,0.0,0.0,0.0,0.0,0.0,629.58014,1104.3881,-134.6851,2079.3909,1585.3363,-134.81197,2837.9368,407.5325,-136.12474
1.8082556,-7.778646,18.746069,-0.018010294,0.0006302129,1.3612598,11.763992,11.584298,4.8071074,-3.7857685,0.0,0.0,0.0,0.0,0.0,0.0,812.8767,1099.6494,-132.82323,2165.6338,549.65594,-135.6587,3236.6348,468.7412,-137.76671
2.6838028,0.58233696,10.453975,0.016006943,0.0064750146,1.8952221,6.2654953,-2.2163193,-9.966778,-2.9053137,34.98314,0.0,0.0,-3.718391,1.720202,14.869932,967.3579,1111.1373,-65.12238,2056.7263,901.20703,-71.54049,3228.1335,407.09082,-74.56498
3.1585693,1.0770645,10.694992,0.04663221,0.0009190655,2.1618035,5.1006722,-3.885265,-13.620534,-3.800444,34.932514,0.0,0.0,-2.6302922,-0.96149445,13.142892,831.51764,1188.6842,3.6245606,1853.0114,1416.8107,-8.783376,2798.6062,722.26105,-11.155927
2.7593682,-0.9905281,10.509899,0.050878536,-0.003969288,1.9015175,7.338299,-1.1830282,-10.182517,-2.6076381,34.7304,0.0,0.0,-0.44541368,-4.6215787,13.30651,814.79425,1244.2081,-1.4753875,1855.7946,1373.9781,-9.025063,2777.4583,835.1206,-13.088966
2.4573867,-2.3971596,11.6116,0.038540393,-0.0070527517,1.7008625,10.819405,-1.6116337,-5.673776,1.2941333,34.53,0.0,1.0600867,1.1286572,-5.720547,10.031108,616.37823,1183.9357,-2.1796513,1717.3365,1291.3119,-7.5189667,2511.2964,981.84796,-10.514211
2.1420624,-4.635799,10.780965,0.010421411,-0.013161879,1.4217587,15.139401,-2.041443,0.7519701,5.690155,34.405384,0.0,0.9673559,2.4780228,-4.803535,7.5495434,575.66187,1128.3795,-3.8354752,1669.3545,764.01465,-6.1020103,2634.4211,811.8669,-7.580175
1.9999251,-4.726554,9.922571,-0.0032085406,-0.015477181,1.0516356,18.649277,-4.4302917,4.881637,14.109454,34.437733,0.034342796,0.78143936,2.855218,-3.395158,2.9918242,402.88867,1060.3917,0.5521695,1472.8983,745.2173,-6.436645,2387.929,845.3914,-2.4396546
1.9410979,-3.6567008,7.4481106,0.013254233,-0.017108666,0.8610284,19.064249,-6.1863976,4.026673,16.616354,34.416977,0.030148411,0.59671074,2.717327,-1.851596,3.8714664,398.90317,1026.8508,1.2569371,1436.8444,711.57623,-6.8189774,2332.0334,808.4995,-2.6145291
1.8844496,-3.2801838,4.7021003,0.023394218,-0.016044766,0.78789014,19.212248,-5.0738997,2.147763,19.794157,34.293354,0.023726935,0.4261373,2.268529,-0.786221,5.7552905,399.52966,1028.5289,1.427199,1417.4913,719.5339,-6.1872425,2311.4077,811.8299,-4.328091
1.821221,-3.2629511,3.7753105,0.030381622,-0.012589279,0.7771709,19.156664,-5.0379653,-3.4903877,19.956497,34.115536,0.009352465,1.0328776,2.024008,-0.4595057,7.282122,390.4956,1097.3798,1.2100991,1390.7775,796.97955,-6.741249,2288.678,817.6442,-6.072024
1.7636247,-4.4237084,5.1623006,0.02113083,-0.011275032,0.8144197,21.867569,-3.8709679,-6.8611646,22.494905,33.92668,0.0037784353,1.6716303,2.218509,-0.8260663,8.0494375,398.4142,1107.4623,0.5815808,1363.1528,859.7119,-8.038029,2259.7031,795.94635,-7.467857
1.712152,-5.199468,5.991904,0.016444603,-0.011614654,0.8265868,22.98857,-2.9547853,-12.9282,24.631912,33.764603,0.0069653564,2.1042771,2.4066484,-1.4668179,8.886771,399.1625,1140.6056,-0.12738228,1333.693,928.53546,-8.341802,2230.9915,775.03937,-9.0141535
1.6734267,-6.039701,7.1005764,0.02112523,-0.012455563,0.77365345,24.303053,-3.5209465,-15.962311,23.317991,33.58273,0.007948608,1.4990715,2.6526804,-2.1249962,10.243258,396.54526,1145.6425,-1.1513146,1297.482,966.1672,-7.950727,2190.3098,763.10645,-11.394574
1.6091728,-6.8054204,8.181245,0.008511039,-0.01269688,0.8109927,26.641708,-2.2399971,-18.107899,26.057447,33.350452,0.012221043,0.89047194,2.0025098,-2.771324,12.416171,390.68106,1263.2539,-2.3800678,1284.1987,1068.4777,-7.407678,2203.0496,808.56665,-14.796238
1.5311823,-6.894003,10.76735,0.005749297,-0.013945676,0.8681912,30.004349,-3.6687644,-17.239235,25.640795,28.9648,0.17473298,0.7282483,-0.69518596,6.2552834,16.302473,365.13083,1394.111,-0.8458629,1249.298,1126.5753,-7.045522,2196.7642,853.16797,-17.693121
1.3584113,-7.8638897,14.9027605,0.002589702,-0.015858212,1.0137506,34.28163,0.3429726,-16.82977,26.287302,24.354706,0.18035042,1.4720702,-2.1822023,12.673298,20.571135,295.17664,1626.1945,0.77248293,1198.5334,1226.3981,-11.684486,2159.9512,953.5413,-20.343437
1.0566517,-9.220099,19.599854,-0.0058970614,-0.013949641,0.9594148,34.84048,2.8853607,-13.159286,23.526827,19.831156,0.1821364,2.1860857,-2.746445,80.81742,27.252594,471.07578,1518.8834,-3.1391318,1390.5269,1181.3284,-17.458014,2340.0188,987.37225,-23.971361
0.7713091,-12.58854,23.78048,-0.012342979,-0.013885503,0.7886281,33.782642,8.114142,-7.2751575,18.897718,19.546171,0.05189085,3.0121152,-0.6843236,81.259796,32.918003,453.45956,1654.2262,-10.158288,1456.6289,1213.3741,-22.332342,2475.999,917.35004,-27.408827
0.5900995,-17.519064,27.245499,-0.036822822,-0.013327143,0.75979155,31.574324,13.163459,1.7272443,19.777666,23.59437,0.3774866,3.2020938,1.1886266,76.70869,35.86619,718.4731,1449.403,-14.983352,1762.8024,1092.3593,-24.562098,2819.912,854.35785,-32.983456
0.53540844,-19.115507,30.751715,-0.043919045,-0.01411906,0.63377494,28.789871,15.695793,3.427405,17.836992,27.673174,0.39357027,3.397845,3.3432763,9.4601965,34.526665,709.01587,1412.3705,-12.055123,1759.7701,1028.2555,-24.13077,2865.985,753.95435,-34.08517
0.5575385,-20.503592,34.23761,-0.046346623,-0.016627552,0.7130936,29.578192,19.82372,2.5831728,18.777033,31.71203,0.3746074,2.5535142,4.9763837,-0.7148921,33.933292,941.9175,1170.9976,-7.0446854,2044.3588,916.3547,-24.297935,3313.5889,936.58203,-36.47403
0.70724654,-16.743927,35.319767,-0.024679841,-0.024516294,0.75807565,30.629847,19.322243,-6.3127403,12.186264,31.675077,0.05794315,2.660243,5.346831,-3.7729328,33.05638,926.96173,1137.5172,-3.4587686,1985.6973,1003.6814,-22.43785,3239.835,1031.6967,-33.776863
0.9802578,-14.084531,33.821815,-0.0019385498,-0.034491498,0.9919269,33.879276,19.028803,-12.250741,6.789346,31.494028,0.039244402,2.1202831,4.5553813,-5.4065394,31.412374,946.08234,1263.4038,-2.958936,1966.9551,1222.6342,-23.489784,3171.6511,1140.7272,-31.739222
1.1989037,-10.425674,31.93129,0.020844473,-0.03855673,1.0447289,34.45734,14.892728,-18.559278,0.20102453,31.121462,0.023021074,2.1817586,3.6713116,-4.8372436,28.550268,980.12354,1274.525,-4.6093774,1975.4427,1302.0376,-24.356337,2918.9226,1269.6954,-28.361414
1.2425991,-10.868234,29.979546,0.023380116,-0.03717369,1.0679039,33.13547,13.578353,-17.98493,-2.7919006,30.691177,0.008942708,1.2837025,3.38366,-1.9887735,27.184586,753.5097,1493.6841,-6.3180246,1745.6442,1305.368,-18.574545,2788.9373,1093.4261,-25.942682
1.1696944,-12.727982,28.262407,0.022848343,-0.03436442,0.9034998,30.328169,15.786418,-14.48746,-6.842024,30.250448,0.009397666,1.2318135,3.5129216,3.6385143,25.872732,561.7504,1450.0553,0.0,1545.945,1116.1284,-11.151055,2692.2969,890.1259,-23.02279
1.1662186,-12.690574,25.434412,0.017660784,-0.032848243,0.9142389,28.463049,18.19762,-13.897235,-5.6891913,29.930716,0.015513386,1.2601053,2.7775593,8.522776,23.223852,321.87216,1478.9889,4.326708,1175.6962,1048.5536,-5.113054,2424.4316,526.9731,-19.250738
1.2151123,-11.51262,22.894625,0.021095462,-0.0336135,0.7923775,28.181673,20.026083,-14.394176,-3.462082,28.473059,0.02026786,1.3805994,0.14519668,7.9289002,20.351376,369.24875,1267.8339,3.4709337,1173.6628,948.08765,-7.2853274,2365.9092,481.12497,-16.677523
1.1888549,-10.858415,20.851397,0.015635656,-0.037135113,0.8808043,28.764175,19.490515,-18.070332,-2.037678,27.194483,0.022035545,1.2958425,-1.8359413,3.4484303,20.474907,372.93137,1237.7836,2.7300656,1165.5345,920.5591,-12.605212,2328.3708,474.4679,-18.277199
1.0179662,-12.870354,20.853365,0.015659353,-0.03972986,0.84249645,28.122774,20.23435,-14.98862,-2.640516,26.008677,0.022035545,1.2958425,-4.038346,-1.6986862,22.901663,389.76846,1211.1425,2.1401832,1185.8177,967.80927,-19.40843,2338.8076,478.26035,-22.460167
0.7971005,-17.400627,24.19388,0.011369858,-0.0400064,0.7621689,30.775702,24.314268,-10.838,-4.0910163,23.66572,0.022035545,1.2958425,-4.767303,-2.163109,24.738752,399.17627,1255.0157,2.2635233,1186.1444,1038.8007,-23.900322,2382.1301,493.01328,-25.8105
0.74218863,-18.22112,24.107094,0.023158958,-0.039965164,0.6217829,23.98321,32.38119,-5.8599696,-9.050676,21.25649,0.022035545,1.2958425,-5.7148957,-1.8187399,23.569336,417.40518,1322.4136,2.513934,1178.1053,1372.7227,-25.659546,2465.4412,365.797,-25.082808
0.8318892,-17.775803,20.77059,0.027251644,-0.045196038,0.6021398,17.437897,42.177578,0.023808798,-11.038185,18.867083,0.022035545,1.2958425,-6.41272,-1.1323138,19.90204,424.7836,1272.3975,2.6239066,1321.3492,1735.037,-21.996195,2452.5127,327.34546,-21.353231
0.96761686,-15.404273,16.577997,0.03428351,-0.050389636,0.6567969,8.928987,44.52069,1.5370945,-12.971955,18.885862,0.022035545,1.2958425,-6.87565,-1.2103498,16.350515,417.5751,1151.2914,2.5831282,1382.736,1635.5712,-20.508081,2474.2424,242.17314,-17.593908
1.0253078,-14.841953,15.97908,0.029667461,-0.050036255,0.6985381,10.407044,38.283337,4.045157,-7.609264,18.962301,0.022035545,1.2958425,-7.728489,-1.2687322,13.497513,403.36942,1038.2064,2.1720295,1459.8335,1306.7925,-18.407915,2409.69,355.8274,-14.993913
1.0091473,-15.009079,18.437328,0.03077349,-0.04496224,0.66520303,13.87943,28.905525,2.6190207,-7.508057,18.991123,0.022035545,1.2958425,-7.2575107,-1.3075284,11.2943535,390.02628,1007.73755,1.8554505,1356.0908,852.02594,-19.911589,2449.2356,298.6846,-13.23352
0.99499196,-13.021438,15.309753,0.03113547,-0.040942807,0.61098486,15.3740425,20.068018,5.0146585,-9.640371,18.999323,0.022035545,1.2958425,-6.444575,-1.490847,11.029935,399.47314,970.716,2.1099613,1366.018,821.8996,-19.449781,2420.587,278.35562,-12.77433
0.9980723,-13.302619,15.088862,0.03893485,-0.0416324,0.56766623,16.684027,19.181524,7.106106,-12.806558,18.962755,0.022035545,1.2958425,-5.528377,-1.418066,11.648643,396.85672,969.3762,3.8008118,1354.0782,816.6972,-19.807978,2437.126,228.54614,-12.447442
1.0170722,-12.686124,13.472598,0.036818195,-0.041904867,0.5371167,15.644649,18.840668,7.9694314,-13.920581,21.31738,0.022035545,1.2958425,-4.8865685,-2.0335824,12.698628,395.38498,961.2111,5.1806083,1372.401,793.43585,-16.793833,2445.1145,216.85864,-11.911643
1.0554656,-13.652382,16.159792,0.035207506,-0.042008195,0.510021,15.294925,21.891243,8.915622,-12.562879,23.670942,0.022035545,1.2958425,-4.3385143,-2.5167902,12.190663,390.29916,1018.72284,6.009098,1389.0477,862.62775,-15.293117,2456.9875,260.60855,-10.336418
1.0732182,-12.713712,15.643186,0.03171752,-0.04706204,0.4418352,14.190396,19.865547,9.477875,-12.484139,26.041344,0.022035545,1.2958425,-4.162897,-2.8502076,13.902402,392.69217,982.948,5.0724616,1428.7119,788.36115,-12.520368,2465.0432,308.92123,-11.680149
1.102194,-11.815041,14.283231,0.036232587,-0.052708205,0.40734255,13.01718,19.187532,10.4929,-14.485584,26.037292,0.022035545,1.2958425,-5.0473237,-2.196861,14.018878,398.77603,969.5571,4.3925815,1458.8164,831.2317,-12.668239,2412.7053,349.82837,-11.823157
1.1186943,-11.4697485,13.97689,0.03336239,-0.05502375,0.4486322,12.45238,19.19477,10.683036,-13.328419,26.036417,0.022035545,1.2958425,-5.736687,-1.6720667,17.795538,400.87073,911.97046,3.9997299,1467.1124,738.40625,-13.326877,2401.9226,341.5376,-15.4678755
1.0818657,-11.631783,14.324384,0.027185405,-0.05249271,0.5253232,12.317828,19.02757,8.915943,-13.970086,26.029535,0.08275495,1.0746956,-5.5351186,-1.3787934,20.259798,404.87387,924.8316,4.4985023,1460.3168,783.83496,-14.408313,2402.8027,353.17618,-17.140089
1.059504,-13.293851,17.011185,0.02617264,-0.053441953,0.62706095,14.3092375,20.948025,9.215964,-9.234311,26.025932,0.14347434,0.8535487,-3.756528,-1.6154944,24.516459,397.27646,932.0283,5.458309,1427.9886,721.58203,-16.415848,2420.8726,394.32236,-20.673645
0.99446636,-13.610744,16.891943,0.017359463,-0.054449517,0.70559186,15.378224,20.114023,7.9217057,-9.834966,26.02578,0.20419376,0.6324018,-2.2009113,-1.9633865,26.56207,405.44394,927.44995,5.931366,1418.3405,755.89404,-18.745722,2412.5251,429.7418,-22.594091
0.9463413,-15.981888,19.591492,0.025151089,-0.05429457,0.68889743,18.34134,22.692123,6.7828517,-9.9738245,26.038086,0.13874999,0.89110917,-1.6050249,-1.9788615,27.579138,398.17468,1135.4263,4.5419726,1299.45,1026.7225,-21.063822,2317.2537,514.1237,-25.016027
0.8357372,-17.593382,19.942846,0.017303685,-0.051798817,0.6019817,22.081955,24.35759,2.3291085,-15.232326,26.044626,0.073306225,1.1498165,-2.38095,-1.0648445,26.120071,372.3634,1441.2094,0.3122457,1144.2621,1226.9523,-23.836584,2258.2078,551.22845,-27.069115
0.75157636,-19.531975,22.048622,0.030872451,-0.054398853,0.46612313,24.427788,27.383657,-0.05792904,-23.08512,26.041578,0.006693172,1.0533936,-2.5882638,0.14080787,23.348642,498.03223,1485.3097,-6.951452,1413.4897,1148.791,-25.202017,2549.9678,423.89713,-28.859259
0.78719634,-18.680344,22.104813,0.028515613,-0.046447594,0.48359534,24.89081,25.312727,-0.30148545,-20.539377,23.599657,0.0055238777,0.6982632,-4.5077252,0.8594022,21.014599,481.86118,1507.6859,-74.37152,1441.3646,1094.2108,-84.75571,2579.5842,491.53918,-86.50829
1.0191451,-18.539816,25.196268,0.008016348,-0.03444532,1.3826237,21.940218,21.858881,7.345487,-10.816238,19.548117,0.0043545836,0.34313288,-8.030885,0.0,0.0,433.32327,1452.1862,-70.70449,1581.3326,1068.0215,-82.55544,2610.8118,577.8554,-83.92669
1.3505667,-17.32328,26.648409,-0.012194791,-0.020454139,1.7969793,21.394737,15.331016,13.72655,3.131898,15.5282755,0.0043545836,0.34313288,-11.894847,2.1582663,27.228088,280.83096,1589.0186,-68.90548,1290.6512,1243.4171,-83.40048,2270.7002,834.8432,-84.760025
1.2917376,-18.522896,28.03357,-0.034153447,-0.022248834,2.4476693,23.153542,14.780697,16.089315,5.683084,13.910686,0.0043545836,0.34313288,-11.74455,4.7104087,28.38031,298.337,1558.411,-6.2774568,1290.4386,1239.4873,-26.943932,2256.1487,816.9763,-30.888214
1.0627346,-19.445145,28.223719,-0.027740786,-0.033057455,1.7000324,26.064009,15.243546,14.593375,0.84189004,13.928249,0.0043545836,0.34313288,-8.935597,5.9128833,27.89582,458.5624,1458.2433,-13.905906,1518.5319,1100.361,-31.543203,2551.644,867.8775,-35.754456
0.828399,-22.819418,32.852234,-0.05383982,-0.034558237,2.2152674,27.28451,19.9265,11.698769,0.9195326,13.91526,0.0043545836,0.3431329,-6.950422,6.541444,27.22955,467.12405,1394.4884,-77.273445,1513.3597,1035.8169,-88.50588,2703.3293,841.5977,-91.789795
0.95400333,-23.271332,34.77442,-0.0662156,-0.032050367,1.7828273,25.521423,22.08928,10.411064,1.6677259,0.0,0.0,0.0,0.0,0.0,0.0,466.66562,1221.8857,-70.59414,1572.472,786.5044,-82.99022,2871.8496,716.50946,-86.57415
1.1622767,-22.482752,32.936195,-0.060925435,-0.025263736,2.4301927,23.986885,23.979776,7.0578637,1.4419159,35.201042,0.0,0.0,0.5361429,11.418836,27.246052,385.96912,1086.3689,-62.83902,1352.1927,805.6357,-76.44504,2616.0857,603.18726,-81.00305
1.2594436,-20.947485,29.926191,-0.03265208,-0.023509538,1.7958355,23.545835,24.994135,3.6981738,2.2160952,35.109177,0.0,0.0,0.7551529,9.033464,24.537424,393.0919,1018.7705,5.290479,1351.1383,784.67236,-12.62706,2495.3254,555.26117,-19.246944
1.3155882,-18.991703,25.431707,-0.014075293,-0.019791028,1.7322155,22.456055,25.00837,0.08837477,4.7905073,34.926487,0.035848204,0.9509812,1.2385298,5.584356,20.636763,391.4789,1022.18646,4.0362415,1332.3912,820.4197,-9.714053,2356.7256,567.63684,-16.600521
1.3810023,-16.470299,23.28327,-0.009841723,-0.015603963,1.1573471,22.139235,21.808496,-5.0805,6.556705,34.6875,0.030052831,0.94559926,1.3438617,3.8570092,16.794554,388.63028,1033.4662,2.1299903,1300.5863,797.3078,-8.226849,2323.549,498.48282,-14.664563
1.5039163,-12.480312,17.485891,0.008542881,-0.014194791,1.0152774,20.442148,15.856133,-6.8379827,0.86010236,34.568527,0.020713821,0.99706084,1.4192063,3.6541533,15.631747,385.42957,1034.3026,-65.999504,1279.8258,775.5334,-72.04483,2320.4656,444.26443,-76.42067
1.5970396,-9.383805,14.304192,0.031024218,-0.010953755,0.9466462,19.794508,9.113575,-5.6785016,-4.235705,0.0,0.0,0.0,0.0,0.0,0.0,365.1603,1082.0311,-62.621075,1266.6263,754.6162,-69.25213,2341.8691,419.67307,-71.37639
1.7459273,-7.636686,11.525017,0.034995787,-0.010678299,0.8789032,15.762726,8.43975,-3.9162586,-5.044861,15.883393,0.0,0.0,-12.550739,-0.12791443,23.411266,352.66336,1096.6055,-129.56848,1260.8329,731.4599,-133.3221,2348.6418,356.4397,-134.22185
1.8900477,-10.456105,16.395239,0.028613707,-0.013960559,1.880412,17.429583,12.804992,-2.5233037,-3.859663,16.263632,0.0,0.0,-12.04333,0.0,0.0,341.58163,1198.751,-67.96155,1244.8258,812.1682,-76.79951,2374.3303,421.93497,-78.621704
1.8388582,-16.553808,25.011274,0.0057712947,-0.020356372,3.1678107,21.617912,19.56585,1.4898483,1.1599512,16.90877,0.0,0.0,-8.314184,13.87959,31.288528,346.54004,1282.5077,-79.519135,1246.1415,924.54034,-90.56715,2411.0088,513.75616,-90.46801
1.585083,-22.273233,32.303288,-0.022954876,-0.024444073,3.9238746,25.9449,23.19483,6.798514,8.294602,16.91464,0.0,0.0,-3.3873196,9.450238,28.536856,344.80396,1281.8326,-19.797422,1264.6217,910.8488,-35.505417,2438.713,538.6311,-36.754566
1.2202696,-25.181602,33.541958,-0.06900727,-0.024328893,3.735075,26.037369,22.758707,12.371547,14.341087,17.15995,0.0,0.0,0.36769903,10.120057,28.259628,342.24466,1224.8434,-21.821444,1281.4366,831.02106,-38.579937,2431.206,438.43774,-39.548584
1.0146806,-27.951416,36.229694,-0.10557586,-0.026451765,2.7763484,26.38664,23.097977,16.500916,15.656014,16.432955,0.0,0.0,-9.311454,6.1973915,31.698471,334.1443,1279.9806,-21.098806,1305.7567,902.6253,-39.69966,2431.0881,494.9279,-41.926445
0.8681688,-30.075079,39.279785,-0.10901622,-0.029261766,2.6658695,29.243393,23.027618,17.838928,13.330312,14.963111,0.0,0.0,-17.516798,6.250158,36.930996,518.0505,1401.8324,-20.571611,1645.7084,956.4011,-41.10689,2496.617,1447.0034,-41.985394
0.8266568,-32.498615,43.425663,-0.09816291,-0.032008484,2.4099233,32.493412,27.534363,16.786062,12.337276,13.653946,0.0,0.0,-22.475481,0.68458,37.184204,694.4754,1469.6041,-19.624626,1988.9077,1115.2797,-41.050648,2682.612,1984.7178,-40.249683
0.8296425,-30.531845,39.405018,-0.08380779,-0.03596307,2.6314173,28.554733,33.514652,12.490821,9.174791,15.0412445,0.0,0.0,-15.079895,5.123118,34.926804,651.8444,1670.0953,-14.711338,1852.5356,1241.6217,-32.87807,2626.3123,1888.8124,-38.16088
0.88569856,-28.756048,35.63243,-0.08654765,-0.034365457,2.165583,22.94781,42.492485,9.683627,6.7914004,17.089136,0.0,0.0,-9.771717,7.9970164,27.116388,623.1485,1615.0695,-13.022893,1845.6266,1136.1078,-30.102247,2863.0847,862.5674,-31.850273
0.9211624,-21.493765,26.55857,-0.07430784,-0.038306434,2.2217836,13.062138,47.02096,9.675448,-2.0664628,17.1,0.0,0.71228874,-8.208173,8.650982,20.86977,547.5534,1557.2598,-10.167426,1828.8834,868.3239,-25.93928,2931.8252,352.3257,-26.015772
1.0340959,-14.026053,17.318554,-0.057433825,-0.041549947,1.6041075,5.9318213,49.73662,12.211926,-10.542049,15.529999,0.0,0.7122887,-8.5638895,4.226436,17.139652,620.15985,1099.9014,-9.310142,2187.4834,752.9865,-28.633377,2876.7969,411.41406,-22.389544
1.1271123,-7.8837256,11.094178,-0.043780234,-0.046594273,1.3146884,0.45808816,48.34819,15.290578,-17.322363,13.94354,0.0,0.7122887,-8.458867,0.28413877,18.303118,485.7534,940.2619,-3.225486,2086.9646,824.21796,-26.142565,2499.0537,513.5514,-23.306915
1.2615668,-4.6255636,6.613777,-0.03034995,-0.051133554,0.7043555,-2.4607303,47.880154,13.684036,-22.366943,13.984844,0.0,0.7122887,-6.7962956,-3.5283794,16.528843,412.0986,801.43414,3.3019989,2012.814,1085.7075,-23.824442,2156.9421,559.1635,-21.498701
1.2453704,-4.6381135,6.470402,-0.028584996,-0.04904818,0.65711594,-2.3890457,43.92404,9.117713,-17.623672,13.863472,0.0,0.7122887,-5.543875,-71.081985,-54.109035,414.29446,829.7459,7.697891,1890.6436,897.17365,-17.493553,2279.129,421.5798,-16.266798
1.1754977,-6.0184855,8.225839,-0.012768439,-0.04732791,0.6997793,0.48666397,39.46425,5.4086194,-15.801335,19.923437,0.0,0.7122887,-1.5687647,-69.030365,-53.34787,403.1277,915.58936,6.600403,1700.598,952.37134,-15.149673,2382.645,401.86414,-15.414581
1.0734882,-11.148839,15.21653,0.0013537183,-0.037744377,0.7938742,8.941365,31.494211,4.2788777,-4.81103,25.949423,0.0,0.7122887,1.5688769,-65.0537,-49.43697,381.27905,1015.1567,3.0656605,1462.8182,808.9273,-14.603045,2439.3105,381.49454,-18.260408
1.1186342,-14.573466,19.81496,0.026958346,-0.03313969,0.82190806,17.355555,23.781525,3.3546684,-1.9013532,32.066833,0.0,0.9181178,4.234199,2.9932907,22.023855,368.21753,1034.2206,-2.0318038,1357.8615,779.9305,-19.705624,2368.4011,422.16602,-24.055658
1.1626123,-16.138107,21.584013,0.040599335,-0.03070134,0.86310774,24.039093,17.40994,1.0923191,1.002787,31.961908,0.32534084,0.8440116,3.7017717,4.0486617,24.424788,371.24332,1006.7802,-4.1453233,1306.5006,725.0122,-19.86894,2297.6135,446.09082,-28.570108
1.1023182,-15.503109,24.263391,0.03388753,-0.029949175,0.7808836,27.949821,15.570155,-2.0102623,0.12234113,31.897264,0.21785091,0.8829534,3.4018662,7.8057303,26.672468,376.37466,1059.7977,-5.981674,1265.1895,777.4046,-19.390081,2301.939,492.03262,-32.65414
0.90019417,-16.904402,29.416397,0.02167002,-0.031447556,0.7377486,30.971777,18.425463,-2.4228795,-1.5988435,31.909279,0.020368582,0.99011284,3.483082,10.27551,32.279114,593.84344,1132.7333,-10.757317,1611.2386,764.27295,-21.205431,2763.2126,730.63477,-38.906807
0.75383323,-17.360739,32.59682,0.015728967,-0.02889759,0.60010535,33.014202,20.517067,-1.4912428,-1.4458098,32.019154,0.01886912,1.9133068,3.5544922,11.959727,30.18367,566.1736,1292.3564,-9.777413,1544.653,832.187,-20.218271,2762.4617,725.2346,-35.831463
0.71430856,-18.41363,30.85231,0.013957943,-0.030918844,0.426273,33.735,23.149794,1.7465442,-4.542145,32.12447,0.020746667,2.3166733,3.3670285,13.148007,28.054245,482.38443,1477.3729,-10.9787445,1489.2506,874.8935,-18.512903,2764.8152,650.11444,-32.018795
0.75004274,-18.440596,28.173388,0.013046105,-0.031731937,0.38047466,33.609695,22.861925,2.5560286,-5.5198913,32.173748,0.02054485,2.9059699,2.9953997,13.125627,19.82585,194.82857,1675.7057,0.0,1040.9315,1016.87225,-12.689004,2297.8794,420.99585,-22.487366
0.7854089,-18.868925,25.752237,0.01491461,-0.035920396,0.3925768,33.734028,21.984482,4.329564,-6.1892715,32.09604,0.012317861,2.0663717,2.703267,10.525882,21.359941,399.92578,1549.6327,0.0,1429.2451,886.58295,-12.444613,2667.745,851.01776,-23.444435
0.82171375,-16.96473,22.089716,0.013638745,-0.038416866,0.5213396,31.293777,17.409323,5.7176385,-5.8234506,32.003006,0.02349249,2.0331323,3.1280193,5.0592494,21.706808,647.235,1303.8896,-1.8597813,1805.7672,676.92194,-12.090092,2984.657,1100.4492,-23.562124
0.9714904,-15.087682,17.556364,0.020146552,-0.039633024,0.6926153,28.96652,14.262799,8.747102,-10.013682,31.931808,0.03136309,1.3386806,4.264668,1.3136634,22.55319,856.3074,1080.983,0.6068177,2162.839,443.5992,-12.900708,3286.8528,1129.6348,-24.226007
1.1056807,-13.188113,14.632362,0.01857952,-0.040756967,0.8575831,26.90708,8.88496,4.4384713,-15.889165,31.942963,0.04962186,2.2905214,5.5079713,-0.89517635,18.213812,659.52814,1241.4335,2.192954,1755.3912,646.2364,-6.8582597,2880.7634,714.7095,-20.000288
1.2570235,-10.928948,15.053693,0.024382168,-0.0420534,0.87982255,27.37583,6.2359605,-1.6615075,-19.288172,31.993643,0.03616164,2.0571234,5.916433,-1.5807434,15.144879,503.3724,1288.2369,0.73309463,1417.861,823.75323,-1.6169381,2545.7764,484.27115,-16.753372
1.3428288,-7.556614,16.891706,0.02360508,-0.03886166,0.79222536,27.561716,2.2429106,-9.374028,-20.206694,32.047638,0.025416175,1.6364211,4.9539804,-1.3703545,13.469197,356.00156,1350.4933,-1.6494303,1099.047,1023.9971,3.2143385,2243.8877,452.8567,-15.1186285
1.4222289,-4.5573015,18.55179,0.023937056,-0.038596924,0.7089736,28.035902,1.1819844,-11.340286,-23.042868,27.635881,0.16654153,1.1563846,1.0307561,1.8728685,18.740189,369.41074,1219.5796,0.008221865,1135.2157,930.27155,2.515621,2281.5945,426.40613,-16.996359
1.3502727,-4.9933705,18.537073,0.033062205,-0.04204498,0.8479557,29.972288,1.6200233,-8.552215,-26.675964,23.171875,0.16757105,1.1171316,-2.6945257,4.0506387,25.188772,349.7229,1257.0311,0.9087853,1122.8826,912.27875,-1.4545218,2290.8516,405.24463,-19.420877
1.0470842,-8.485221,21.247406,0.018790906,-0.046398666,1.0006226,33.080532,6.417607,-2.3272355,-23.184679,18.219893,0.16875857,1.4664181,-6.3496666,6.137164,31.019882,306.7849,1381.0078,-65.55537,1095.8613,929.90967,-68.981064,2285.8528,413.3127,-81.37617
0.74663067,-13.936397,24.402458,0.010043067,-0.046570744,0.865506,31.362455,17.99086,0.34875917,-16.094292,17.509224,0.004735497,1.1215421,-7.9985237,0.0,0.0,492.42932,1358.8009,-65.402565,1495.9507,791.2905,-72.062195,2707.6152,515.50446,-79.20011
0.90288,-16.341148,27.103628,-0.0033145312,-0.037261207,1.2471889,29.04355,22.45101,-2.7977018,-3.0968778,16.886564,0.004735497,1.1215421,-10.4925585,7.645297,37.697235,503.3452,1376.298,-69.32749,1543.7261,848.8936,-77.87857,2671.2073,680.83325,-82.00759
1.2589089,-19.36677,30.91091,-0.0046368223,-0.0332963,2.2671728,29.81692,22.816988,-3.5150797,3.172659,16.63043,0.004735497,1.1215421,-9.912715,8.397541,38.551968,763.35425,1316.7495,-12.422134,1869.5781,892.7597,-22.48908,3049.0027,770.2846,-28.776787
1.4772247,-20.90383,32.805283,0.008011353,-0.028921753,3.1523173,30.9972,18.976196,1.5206156,9.193143,16.835321,0.004735497,1.1215421,-7.0098405,8.989522,37.211605,744.7226,1404.2135,-26.440735,1745.5614,1012.98535,-34.51669,2947.8494,718.7351,-38.435013
1.2383536,-24.249535,33.794514,-0.02393031,-0.030784316,3.3717768,30.927645,21.20225,9.030022,10.22602,16.735907,0.061757013,1.0249194,-3.0368814,8.356772,37.082714,891.59906,1346.6298,-35.256382,1981.9037,880.0017,-40.076927,3331.0925,584.7424,-42.38249
0.9303653,-28.39797,36.72196,-0.05640784,-0.029921645,3.2113867,28.626083,25.919268,13.29806,13.443549,16.764502,0.09026777,0.92829657,-2.8352077,7.5291367,33.928165,897.18195,1433.1107,-38.01428,2032.8545,928.24493,-40.02351,3345.3982,538.13654,-40.6992
0.8408537,-29.72682,37.913265,-0.1115892,-0.025349468,3.1377409,24.455515,29.204554,17.565866,14.644971,16.22971,0.0,0.5621581,-6.0141463,6.871303,29.987452,1071.3872,1447.4668,-37.196644,2168.592,931.68066,-34.0079,3321.1482,468.58398,-34.639584
0.9197622,-30.424622,39.85998,-0.11501176,-0.024675906,3.0347297,22.250704,31.595633,23.88778,13.511154,15.241519,0.002293572,0.29264235,-12.752566,5.703783,25.430239,919.1142,1464.3029,-29.635332,2071.24,1055.6915,-27.992933,2977.8596,684.7027,-27.273573
1.0407637,-24.411947,32.216976,-0.10838678,-0.021384468,2.754452,16.489183,27.750076,31.64361,11.785823,15.309339,0.002293572,0.023126597,-12.105835,1.2614306,19.906649,677.0588,1299.2614,-22.155138,1892.003,734.5124,-25.481737,2601.4045,965.4622,-21.474775
1.062456,-19.421146,25.10142,-0.09130371,-0.027876878,2.3567777,16.188303,21.970406,33.974564,9.769109,15.670932,0.002293572,0.023126597,-8.814243,-4.3943143,14.970639,343.72714,1191.6088,-12.726295,1666.3605,624.19684,-25.125902,2245.955,1306.5585,-17.798485
1.0795759,-16.47599,20.299437,-0.083704986,-0.032246575,2.0139267,14.662761,20.217697,36.069233,9.621469,18.979486,0.002293572,0.023126597,-0.75174445,1.0239805,15.773606,333.65768,1182.47,-9.810525,1705.6095,383.6964,-20.56121,2187.7861,1478.0741,-13.6922455
1.0909696,-15.624695,19.024801,-0.057401728,-0.036673788,1.6403536,15.086759,20.280813,32.1246,9.727765,25.083765,0.002293572,0.023126597,1.8085842,5.1874247,14.253319,336.61566,1134.7222,-6.657278,1667.8911,369.85727,-22.090332,2213.9424,1293.9373,-12.9303055
1.1146318,-15.827892,20.065956,-0.034972064,-0.035662547,1.292583,15.735425,21.704668,30.505114,8.918643,31.02801,0.33486238,0.72549725,3.5390093,11.824974,14.548127,321.2652,1114.5248,0.0,1624.5245,328.74423,-23.385794,2288.6003,1146.7727,-12.905967
1.1189612,-13.62854,18.719614,-0.0014060369,-0.032221097,0.9790308,16.197676,18.532112,23.985222,7.573829,34.591305,0.35447726,1.0504566,3.9624941,8.304833,11.58398,338.41464,1006.14575,-1.7560053,1535.1714,335.2567,-29.161806,2354.2832,812.1948,-15.05777
1.1509404,-11.8105135,15.408654,0.015365488,-0.03209272,0.6259199,17.346739,15.751376,21.274069,5.3536725,34.24669,0.35559094,1.3385873,4.290299,9.606926,12.871689,362.09314,927.72394,-1.2942163,1534.9344,340.27908,-28.233171,2340.5984,751.16583,-14.165905
1.2356491,-9.344318,11.7736635,0.027394777,-0.035579685,0.6309785,17.199022,13.7183275,20.35898,5.731861,34.00661,0.0369706,1.2093649,4.742397,10.72551,13.607066,370.31348,855.54224,-0.2791834,1514.7845,267.5654,-28.263556,2337.2551,659.7994,-13.88625
1.2584724,-8.386329,9.708824,0.035916265,-0.03630006,0.5452543,16.475943,12.6609125,18.836136,4.738668,33.83965,0.020499373,1.0870806,5.1290364,11.854375,13.319458,371.55847,862.46844,0.11632601,1520.0907,272.82834,-28.25081,2327.5603,714.189,-13.203133
1.2724614,-8.503231,10.422299,0.040403187,-0.03468768,0.5547305,15.639186,13.46748,20.58692,7.717196,33.59787,0.021644145,0.9797931,4.607136,12.303271,12.749484,365.90317,881.875,0.96518916,1520.8156,270.20044,-28.08109,2330.62,742.3618,-11.784294
1.2589062,-8.784618,10.637576,0.037867088,-0.030187786,0.541979,16.463905,12.11232,19.559278,10.226834,33.361546,0.014445371,0.71923953,3.7115886,11.673932,12.358592,364.08102,980.29297,2.2902806,1539.694,383.8262,-24.967773,2359.122,863.5166,-10.068311
1.3112838,-7.7381363,9.973279,0.03441161,-0.031907592,0.60075575,14.962644,11.372455,21.319113,13.148773,33.040897,0.013719871,1.1870753,3.1741514,10.454297,12.439217,348.88025,1036.7299,3.3827353,1522.9764,388.42578,-23.560434,2360.575,891.0202,-9.056481
1.3928393,-7.0279427,8.999731,0.03720014,-0.031623255,0.61833924,13.247623,10.869622,17.8748,8.206107,32.788223,0.014444309,1.2261865,3.8150787,9.174573,12.119422,343.8555,1090.8427,3.8177688,1541.6796,460.39172,-19.779081,2319.3604,982.1567,-8.301652
1.393362,-6.457516,8.864494,0.040671773,-0.031648595,0.6972685,12.273532,9.121148,15.990272,4.683308,32.536068,0.008443332,1.2219793,4.8526726,8.094932,11.337932,347.4231,1083.0897,3.4187078,1529.8927,480.83374,-19.347082,2308.2312,962.5529,-7.919224
1.4106632,-6.7212925,9.035808,0.036887497,-0.033602856,0.7055862,14.307469,8.068162,17.365602,2.3049467,32.383617,0.009435291,0.9417365,5.2705426,7.021384,9.915138,361.7881,1038.7756,2.912751,1541.3184,467.43802,-18.108065,2344.2534,903.3405,-7.0023866
1.378244,-5.7045083,8.447267,0.018714745,-0.037679132,0.6311659,16.15737,4.873567,21.272463,4.985829,32.225773,0.008683082,0.9884143,4.5690193,5.646051,9.021216,362.23853,1018.9465,2.3305137,1508.0983,406.8473,-18.621084,2396.6013,792.9087,-6.690702
1.3906981,-5.5935483,7.6957135,0.02124273,-0.042685717,0.5460069,16.35753,5.2181535,24.751791,4.908611,32.072384,0.008753142,0.89373523,3.7049208,4.364133,8.362744,356.2731,951.6345,2.3720343,1494.3734,281.07907,-18.036077,2388.8162,695.69464,-5.990709
1.3392868,-5.072724,6.014503,0.0160387,-0.04412657,0.49976826,16.681879,3.6050787,24.254126,5.9280915,31.926485,0.006511017,0.82468915,3.3031218,3.4561508,8.431884,364.06625,920.7602,3.377927,1494.9462,258.74542,-16.362337,2393.3552,704.00616,-5.053957
1.2883104,-4.8921895,5.4596696,0.023120852,-0.04291712,0.5288182,14.699891,5.4435997,25.17058,5.849378,31.773737,0.005007505,0.7089706,3.239113,3.0224068,8.411315,366.13016,865.56006,4.9555216,1502.9395,160.53772,-15.672864,2393.89,660.01904,-3.4557931
1.2986573,-4.5494404,5.2184815,0.021154448,-0.042675357,0.53211915,12.635186,7.383036,23.391907,5.9505825,31.588371,0.0058948062,0.55935943,2.9279978,2.8495073,8.3504305,368.5393,835.6297,6.2857356,1507.8768,111.140594,-16.810856,2405.4446,622.2158,-2.0646963
1.3483294,-4.4893517,6.386978,0.028811917,-0.041007128,0.5000862,9.181048,8.752658,24.816498,2.7695515,31.357393,0.004288033,0.39596167,1.8750244,2.9333413,8.483659,347.7479,839.6406,6.57824,1495.0597,21.884735,-19.321362,2409.2615,560.46686,-1.9054193
1.3914629,-4.8414125,6.169621,0.03182754,-0.04071711,0.53672415,9.875301,8.457769,24.987768,1.0121094,31.22863,0.004194502,0.356009,1.3231945,3.1155336,8.667241,349.19165,837.23224,-62.57747,1492.8739,46.555145,-80.8025,2426.0083,536.83417,-68.35563
1.3570642,-5.603552,7.1172767,0.033762664,-0.03884836,0.54041713,11.095956,8.347928,28.602364,1.0638584,0.0,0.0,0.0,0.0,0.0,0.0,345.5095,862.53827,-131.91931,1489.8024,85.20076,-141.40868,2439.248,527.9373,-134.95464
1.2967976,-4.7922077,7.551419,0.030523581,-0.033469237,0.7088991,6.599281,16.656555,24.87825,0.07852888,0.0,0.0,0.0,0.0,0.0,0.0,329.1201,926.3045,-201.0,1529.184,148.6685,-201.0,2454.6252,582.008,-201.0
1.2915184,-3.7416105,6.602983,0.020642094,-0.018951794,0.65327984,1.8855314,22.183584,12.966397,1.8187696,0.0,0.0,0.0,0.0,0.0,0.0,334.3486,1089.3451,-201.0,1549.7975,358.16763,-201.0,2498.2622,596.7481,-201.0
2.0541642,0.32399997,7.136701,0.021100484,-0.003685008,1.5966917,-2.0755436,14.473355,-3.5300903,-2.5281487,0.0,0.0,0.0,0.0,0.0,0.0,550.0426,1140.1815,-201.0,1740.0654,586.3022,-201.0,2749.632,536.6048,-201.0
2.6174657,2.7590878,7.894127,0.031748608,0.01093329,1.8512211,0.66612977,2.3960693,-12.479282,-0.010167599,0.0,0.0,0.0,0.0,0.0,0.0,753.5164,1096.7264,-201.0,1860.5377,795.7033,-201.0,2978.967,382.60034,-201.0
2.9371622,5.080365,10.173797,0.02572065,0.009270369,2.2471151,0.7876027,-4.804371,-16.358938,-2.2767558,0.0,0.0,0.0,0.0,0.0,0.0,819.16815,998.62823,-201.0,1772.4893,1243.0511,-201.0,2901.5732,484.81006,-201.0
2.8452075,4.0603576,9.131295,0.028545307,0.008290979,1.9589447,-0.12260798,-3.4137661,-16.40608,1.252389,0.0,0.0,0.0,0.0,0.0,0.0,628.886,955.3376,-201.0,1620.8531,1279.4755,-201.0,2629.9524,931.1421,-201.0
2.692798,3.3907187,10.115818,0.018917587,0.003861026,1.9685951,-0.9933057,-1.3009264,-19.05977,-3.4117622,0.0,0.0,0.0,0.0,0.0,0.0,490.85696,913.2315,-201.0,1514.6752,1415.6224,-201.0,2440.0664,1321.2523,-201.0
2.5673368,3.8626454,7.3025393,0.032298215,0.0042596995,1.8999895,-2.8275955,0.14021492,-16.037119,-5.0184054,0.0,0.0,0.0,0.0,0.0,0.0,476.1014,705.24396,-201.0,1619.2217,973.2703,-201.0,2491.1514,1213.0931,-201.0
2.045646,4.462276,4.6180053,0.016402047,0.0021274416,1.3745619,-5.404157,7.7142944,-9.34017,-4.13392,0.0,0.0,0.0,0.0,0.0,0.0,530.0301,760.93555,-201.0,1533.3075,936.3598,-201.0,2505.2053,798.55975,-201.0
1.753877,5.548077,-1.1499106,0.0026647134,0.003995872,0.99502516,-8.26661,11.40755,-2.500859,-1.2808986,0.0,0.0,0.0,0.0,0.0,0.0,616.98846,718.1677,-201.0,1326.7219,1328.3658,-201.0,2387.1758,329.55927,-201.0
1.6091166,5.6187224,-3.2612083,0.009546677,0.002947008,0.6974663,-8.922617,15.618374,0.95807505,-4.9897904,0.0,0.0,0.0,0.0,0.0,0.0,781.29865,769.28033,-141.59898,1521.307,1181.6603,-138.47565,2599.139,381.46646,-139.91632
1.4379202,5.267607,-2.6320145,0.013529074,-0.0029199135,0.5770116,-7.4878488,17.738749,6.289455,-12.202672,33.625217,0.0,0.0,4.698939,30.661684,19.819592,728.2637,856.02765,-72.70769,1614.9805,1443.3275,-81.346855,2431.9749,262.29684,-77.17569
1.2619637,-0.028647741,4.0183773,0.028810859,-0.012260717,0.6460761,-2.2708142,19.987234,13.809064,-11.699811,33.54617,0.0,0.0,5.4511337,29.53438,19.349573,596.95667,931.81793,-3.154482,1783.0455,686.8295,-24.462402,2503.4973,458.27676,-13.758991
1.1705804,-6.5604553,10.568477,0.035609517,-0.015611253,0.8099808,5.311465,19.93847,21.543905,-3.2539995,33.389347,0.0,0.0,6.7731895,26.379097,21.321978,378.8831,1021.3415,7.398087,1578.8837,618.9544,-27.01394,2305.6575,465.63016,-13.923892
1.1612242,-12.283656,15.769319,0.048722636,-0.013085459,0.8744677,11.272023,19.388243,24.4646,9.262862,33.138092,0.0,2.237635,6.937397,21.044897,18.959875,354.71518,893.8094,8.47643,1565.8998,145.8164,-23.459082,2519.382,702.1489,-10.483445
1.1962045,-12.931331,14.797366,0.058762085,-0.01579289,0.79963493,13.386922,17.165674,25.28952,14.941573,32.904736,0.015700331,1.6387044,7.157341,15.848107,16.061644,348.98328,934.6377,8.4843025,1573.434,170.13335,-19.355194,2548.0872,772.52686,-7.5773406
1.2005116,-11.537969,12.85405,0.054617953,-0.02490069,0.636674,14.049834,14.938918,23.564352,16.564753,32.706787,0.012258225,0.8484435,7.4242706,12.2611885,9.883309,342.94138,988.1257,7.6284547,1567.2412,226.70573,-18.122553,2533.4834,832.8587,-2.2548544
1.2245125,-8.753053,9.446538,0.049851317,-0.031151557,0.58248705,14.1493635,11.496829,21.760315,13.090772,32.614925,0.009767402,0.871991,7.525791,10.5183115,9.021789,333.5037,1070.4565,6.642383,1562.1127,278.05624,-17.781452,2543.0422,858.9524,-2.3794055
1.2484795,-7.984384,7.8754153,0.047505397,-0.037826065,0.5232189,14.70031,12.530604,19.876364,10.817531,32.534576,0.0065885778,0.8384178,7.0879555,9.944005,9.130246,344.4761,1048.0784,6.272276,1566.4453,306.73813,-18.431715,2505.297,899.04224,-2.85797
1.2813033,-7.506822,7.5192337,0.044846565,-0.03812197,0.445922,13.835513,13.714173,20.503141,10.444563,32.433598,0.0058651217,0.84927154,6.4513774,9.857921,10.312985,349.2317,993.4558,6.7484593,1559.3375,246.533,-19.992432,2472.2954,839.5708,-3.5645263
1.3164984,-7.6192107,7.529082,0.06061734,-0.037971225,0.42523766,13.5095415,14.898053,19.693,13.195905,32.27299,0.0036460392,0.7660513,5.634768,9.374356,11.709714,353.89502,898.08746,7.72621,1539.2882,167.21048,-20.980038,2411.5408,788.0026,-3.9835033
1.3457989,-7.2171845,8.53344,0.0513943,-0.032114666,0.43495217,12.874101,14.172996,18.932686,16.12881,32.033886,0.0038531504,0.93948764,4.6587615,7.6966424,12.601975,348.11484,888.8265,8.659186,1527.3873,123.631226,-20.618021,2406.0525,734.3704,-3.94279
1.3416508,-6.7648597,9.28821,0.052104663,-0.030828029,0.5087312,11.8223505,13.186779,17.42382,16.476738,31.704782,0.003633789,0.84138274,3.584034,4.8670635,11.648002,338.72922,948.0848,9.542204,1526.3741,165.00273,-18.495995,2424.9731,758.4683,-2.1057982
1.3274411,-6.6943526,9.7649145,0.042979885,-0.034345925,0.5498373,10.745542,14.231347,18.88799,15.925102,31.334837,0.0065000155,0.5977678,2.6399639,1.8523493,9.895425,342.81995,948.35205,10.155372,1532.6309,182.37756,-16.552404,2429.6377,769.4909,0.25994578
1.325477,-5.582414,7.5707703,0.050490767,-0.038121533,0.5899467,9.781211,13.120918,18.478285,13.944709,30.985039,0.0072072535,0.42431685,1.9728783,-0.56090355,8.215435,347.1543,960.54,10.87054,1538.307,209.27338,-15.927399,2451.5413,782.14484,2.6551044
1.3368627,-4.7534237,5.4791965,0.047921035,-0.035236675,0.58866984,10.562954,11.024644,21.080246,16.223824,30.62488,0.009024259,0.3133489,1.9580368,-2.015558,8.828731,360.1113,952.2043,10.777669,1535.9532,269.40054,-17.062243,2456.2878,796.45123,1.9489378
1.3772417,-3.8197205,5.1098294,0.04941401,-0.031789403,0.6348068,10.525672,7.624451,20.85756,14.067227,30.275566,0.010469618,0.39170432,2.8230526,-2.576312,7.8973083,358.02014,976.34186,9.501325,1525.5753,312.449,-19.039078,2467.7644,809.7293,1.6040169
1.4069139,-4.125394,6.6107445,0.05939137,-0.029749027,0.69518757,10.265102,6.221033,22.491644,9.0548525,30.018976,0.013805951,0.29835102,4.1056843,-2.4400895,6.785455,351.75598,994.7348,7.4973736,1530.7427,317.04904,-16.853224,2474.3376,844.959,0.71191865
1.3997512,-4.3899417,8.004939,0.06455959,-0.03259397,0.68957394,9.45206,8.006724,23.590141,3.5907195,29.942465,0.016097017,0.46062255,4.8754754,-1.9185346,4.6741757,350.58218,966.5364,5.833851,1536.2646,257.5539,-17.964144,2468.5393,822.0275,1.1596748
1.3256531,-4.116703,7.140497,0.06893938,-0.03195723,0.61237925,9.429421,9.655338,28.89239,4.60878,30.00353,0.01338843,0.90339726,4.991844,-1.6389942,4.170963,339.27594,986.5955,5.0722528,1528.0537,213.78441,-18.85082,2456.6326,810.9641,0.9012902
1.3112386,-2.9314373,5.582255,0.05194209,-0.033006713,0.54234767,8.8765335,10.060149,32.273914,7.3097878,30.07885,0.00732209,1.5006603,4.5652747,-1.6391726,3.5008585,324.6409,1006.6342,4.5166245,1502.476,189.27599,-22.875887,2441.9675,767.00104,1.015766
1.2954024,-1.896969,4.025823,0.05530129,-0.034218702,0.47084847,8.696629,9.192393,34.00731,8.297479,30.112398,0.004155276,1.6430587,3.3295324,-1.6336333,3.089226,316.6006,1017.75494,3.892729,1491.3102,159.28242,-23.29782,2439.5847,751.5584,0.8035032
1.2690026,-1.7785883,3.589267,0.049886778,-0.03473493,0.44631186,10.718933,6.856737,30.768663,7.732466,30.09342,0.003510258,1.2496516,0.17323558,-0.8399932,4.3362327,333.40738,996.5639,3.5146048,1501.2632,230.84453,-23.210876,2441.218,807.0584,-0.8216278
1.0491126,-3.1110363,3.5266197,0.05077968,-0.034589153,0.47753486,14.448323,7.710814,25.477163,12.903645,30.071909,0.005120706,0.94857275,-1.7105275,-0.31085074,5.3387713,366.69238,979.3884,-64.76493,1526.2998,362.5381,-82.696754,2467.3489,855.4414,-68.32412
0.87215185,-4.629765,5.6874886,0.03251937,-0.037914816,0.46548033,10.747609,15.311862,18.883825,12.173892,0.0,0.0,0.0,0.0,0.0,0.0,384.13583,936.02295,-132.84157,1554.1764,356.286,-141.79584,2479.6763,869.46826,-135.22514
0.76723385,-5.305562,5.8422093,0.017995602,-0.039224662,0.40581918,4.9037414,24.878489,13.633786,8.609181,0.0,0.0,0.0,0.0,0.0,0.0,388.81552,896.24365,-201.0,1591.684,238.07469,-201.0,2507.9004,835.1674,-201.0
0.75025266,-5.1122174,6.128933,-0.0025065567,-0.03912739,0.29326627,-1.9974808,30.257467,10.143555,1.5873517,0.0,0.0,0.0,0.0,0.0,0.0,398.0612,802.55615,-201.0,1607.8716,135.89905,-201.0,2476.5945,755.2078,-201.0
0.69930154,-5.7578926,6.359009,-0.001438623,-0.034145128,0.24984355,-0.88093406,30.370462,8.945807,-1.1845936,0.0,0.0,0.0,0.0,0.0,0.0,404.82166,845.3454,-201.0,1650.1261,429.5958,-201.0,2357.6052,624.56805,-201.0
0.58440095,-7.5664277,8.885929,-0.013305063,-0.039174397,0.21818739,2.094254,29.517492,10.498562,-0.9049117,0.0,0.0,0.0,0.0,0.0,0.0,420.40625,867.81903,-201.0,1683.0425,783.0793,-201.0,2218.5774,492.90732,-201.0
0.49790403,-11.112244,12.872205,-0.00566161,-0.04383747,0.20118482,8.262853,29.610712,13.470654,-3.806057,0.0,0.0,0.0,0.0,0.0,0.0,442.72205,966.7985,-201.0,1767.7354,2010.6421,-201.0,2055.0088,436.56992,-201.0
0.4496385,-13.389535,14.804166,-0.008030468,-0.049622755,0.19107825,13.114333,26.067207,12.596133,-1.7139081,0.0,0.0,0.0,0.0,0.0,0.0,451.5758,956.1286,-133.73775,1743.7773,1922.9862,-140.72209,2168.4343,660.7511,-135.7586
0.4892596,-12.486023,14.808707,-0.0014503415,-0.041603953,0.20863903,14.039048,20.956137,9.508208,5.8895555,34.23056,0.0,0.0,1.6569557,-2.6330626,6.9486866,437.824,1040.5474,-66.342606,1680.4271,1752.6139,-80.1719,2284.051,843.97266,-70.97507
0.8000588,-7.530935,9.5022955,0.014980468,-0.03958882,0.4394536,12.922012,13.074207,7.200999,14.703397,34.07946,0.0,0.0,2.9652576,-2.90356,9.355731,408.70886,1080.3141,1.0042707,1596.0205,643.74756,-19.98307,2523.3455,936.9854,-8.35146
1.2018389,-5.4610734,7.902317,0.027745523,-0.03794058,0.7997539,12.8515215,8.55395,3.638224,15.4656,33.77233,0.0,0.0,5.164286,-3.5224516,10.954415,405.12402,1104.4971,0.8981673,1592.8281,576.4468,-19.02181,2556.8262,829.9646,-10.056249
1.5679618,-6.522117,9.285565,0.046099182,-0.042928234,1.0099505,16.31698,6.4114666,0.22175471,9.724228,33.588253,0.0,0.0,6.7406726,-3.9780807,12.295621,414.56406,1044.3353,0.60098726,1602.5284,596.8315,-19.081009,2565.9153,779.1678,-11.6946335
1.6295182,-9.764652,13.131429,0.040555302,-0.04074115,0.953443,18.411345,8.223085,-1.62642,6.7337775,33.39269,0.03146503,0.41599676,7.0994296,-4.1274304,12.233697,427.19824,1025.0337,0.33578157,1622.4279,602.66547,-17.82946,2545.1025,784.7955,-11.897916
1.5583434,-10.348812,13.96236,0.04890128,-0.03782136,0.7087274,18.87137,6.4428782,-1.5754024,4.456653,33.147655,0.023363886,0.6971915,6.7293725,-3.5286665,12.9742155,420.9801,1038.8503,0.2822113,1604.2788,655.7534,-18.553589,2509.4954,847.1536,-12.692004
1.4823871,-10.107699,12.843858,0.03798392,-0.03586258,0.62524074,19.728834,5.2850204,1.3177596,4.8640695,32.929714,0.007389661,0.62441057,6.123657,-2.407229,13.387421,422.77417,1068.75,0.4180638,1614.817,686.1093,-18.154688,2510.2317,871.52826,-12.969357
1.4158438,-10.188836,12.728211,0.037779283,-0.03385627,0.5604697,21.22257,4.0544157,1.4792925,7.220726,32.746494,0.0069426675,0.7977824,4.923912,-0.8800097,12.246381,419.07254,1103.3403,-0.21934192,1595.7573,765.84766,-18.773819,2504.972,881.82495,-12.465722
1.3511876,-10.194144,11.7324295,0.029241359,-0.03469528,0.5403399,22.090704,6.4154053,4.803403,12.44678,32.148792,0.011537556,0.40712312,2.926411,2.5201643,12.405042,420.02234,1102.3976,-0.48287988,1586.3252,761.6606,-19.585642,2509.4883,835.7861,-13.463765
1.1818753,-10.704999,11.746055,0.038896613,-0.035240646,0.6040508,21.084867,9.300244,6.888045,13.244613,27.518473,0.17778099,1.0699663,1.5179266,8.494316,17.48124,411.0548,1158.9434,0.0,1588.108,813.59033,-20.41234,2511.7117,870.9616,-15.028125
0.9534332,-12.256803,13.541687,0.034877975,-0.038806926,0.5951937,19.319437,14.3452215,12.008946,10.51418,22.923334,0.2079647,2.188423,0.11427923,13.969825,22.873856,421.09048,1210.2472,-0.31077743,1570.8129,1297.2626,-20.118843,2328.8398,873.9448,-16.090225
0.7384395,-14.822909,17.644648,0.009496354,-0.03984685,0.5092919,17.887506,20.171854,12.148314,3.7517614,18.866,0.20114659,2.5015538,-2.3588562,16.217344,23.931402,542.52814,1217.2323,2.6950486,1771.7452,1189.6202,-17.095913,2659.54,758.14484,-13.026944
0.6264433,-16.763123,21.575342,0.0004019936,-0.038942065,0.31843582,15.894183,24.250277,9.1739235,3.1201894,18.887363,0.048020426,2.5679798,-4.2568583,15.817165,21.733784,594.2056,1251.349,-66.60158,1589.3097,1637.0879,-77.15911,2542.1855,629.3632,-74.33038
0.672482,-15.041035,21.643929,-0.005876142,-0.03468829,0.23026998,10.031882,27.58064,3.4400704,0.78883094,0.0,0.0,0.0,0.0,0.0,0.0,595.43134,1071.3766,-131.09776,1600.7389,1152.1469,-138.27385,2700.7175,489.85806,-136.19225
0.9619019,-7.6539073,14.63775,0.0014724458,-0.033002708,0.34182692,-1.0308647,29.875967,1.0742189,-1.2873391,0.0,0.0,0.0,0.0,0.0,0.0,488.83334,906.5452,-201.0,1461.048,1162.5215,-201.0,2350.0017,509.73764,-201.0
1.2026361,-1.0141724,6.4057765,-0.0084746415,-0.036089946,0.40754995,-10.510106,32.11754,-0.07577833,-9.446992,0.0,0.0,0.0,0.0,0.0,0.0,457.8208,620.8105,-201.0,1671.9747,458.59195,-201.0,2450.8733,361.23453,-201.0
1.3850704,3.3222287,-0.493601,-0.008659751,-0.04410554,0.46385774,-15.498581,35.48351,1.8609663,-15.7468405,0.0,0.0,0.0,0.0,0.0,0.0,457.90366,530.84766,-201.0,1752.5465,181.61078,-201.0,2380.1484,321.94366,-201.0
1.2994248,2.958103,-1.0986414,-0.0027911414,-0.04652032,0.4362247,-14.71699,37.044876,-0.42920795,-20.119944,0.0,0.0,0.0,0.0,0.0,0.0,464.77246,515.1941,-201.0,1806.622,285.7916,-201.0,2368.42,560.6833,-201.0
1.2708008,2.767271,-0.85659075,0.005821906,-0.047969583,0.42550159,-13.997542,39.22894,-2.6391659,-22.474218,0.0,0.0,0.0,0.0,0.0,0.0,465.9308,573.4383,-201.0,1881.4386,555.0618,-201.0,2280.2756,637.52734,-201.0
1.2582669,2.816822,0.7567248,0.0035307396,-0.044909135,0.39515015,-14.051402,34.937737,-5.1724896,-23.858377,0.0,0.0,0.0,0.0,0.0,0.0,460.52158,560.0048,-201.0,1854.1558,670.092,-201.0,2332.7708,723.9905,-201.0
1.3199269,2.6759808,1.1804357,0.005995873,-0.045559157,0.3704916,-13.272901,30.170511,-4.5317297,-22.216537,0.0,0.0,0.0,0.0,0.0,0.0,450.333,594.1602,-201.0,1775.0983,553.8637,-201.0,2336.924,367.21973,-201.0
1.3511213,3.4493911,1.0137725,-0.0005391459,-0.04831623,0.3806069,-13.28741,24.549957,-2.591178,-20.766344,0.0,0.0,0.0,0.0,0.0,0.0,449.87106,541.44904,-201.0,1692.7896,254.71294,-201.0,2434.46,342.94547,-201.0
1.2455974,2.1511157,3.0938504,0.0018388974,-0.048577562,0.4184061,-10.573466,20.721947,-1.4528698,-18.130106,0.0,0.0,0.0,0.0,0.0,0.0,453.93497,567.37396,-137.00975,1670.0592,198.97188,-141.51971,2454.8083,303.44473,-142.81285
1.0020335,-2.1186235,9.217143,0.0046986723,-0.041766096,0.38022628,-3.5689023,15.829322,-4.476811,-14.617832,29.274654,0.0,0.0,-6.554889,1.2169666,20.540796,457.81384,636.9068,-73.29464,1602.7852,389.45914,-82.46029,2455.8596,457.5476,-86.177185
0.85617596,-4.7419553,11.818299,-0.00427599,-0.030516125,0.33474234,1.1559016,9.54816,-8.174731,-12.759754,29.104204,0.0,0.0,-5.295653,0.47171244,21.46257,448.3822,733.1027,-10.473157,1540.8477,639.3986,-25.023813,2468.9045,483.32382,-31.464014
1.2341713,-9.085204,17.882113,0.008522137,-0.021270147,1.4028672,9.656627,11.364915,-12.077836,-6.2720656,24.84537,0.0,0.0,-6.2362137,3.3221292,28.151178,395.46103,1045.269,-12.8782425,1385.1212,922.98553,-27.740723,2396.385,612.0991,-35.623886
1.5362668,-13.948474,24.10644,-0.0060759583,-0.024140066,2.8147514,16.891735,17.820877,-7.6205845,-0.5174677,20.38309,0.0,0.0,-5.7162075,6.227611,33.688026,355.61343,1289.4926,-16.219715,1290.1406,1020.3721,-31.462296,2376.918,711.2493,-39.282944
1.6036129,-21.79555,33.711422,-0.017926449,-0.02331402,3.868865,21.659365,28.998093,2.677399,8.575324,16.174072,0.0,0.0,-4.86476,7.8816276,39.008022,620.71204,1423.9833,-23.375046,1595.472,877.34424,-36.41971,2751.4812,843.2007,-42.867752
1.2296772,-26.61081,36.918415,-0.081705905,-0.023306236,3.9614208,20.854004,33.566616,9.904109,13.507065,16.043566,0.0,0.0,-1.2255719,5.1983905,39.206585,902.56104,1372.8876,-28.411919,1953.8033,712.9996,-40.03661,3169.303,665.64764,-45.997562
1.0133127,-28.92546,37.603916,-0.10766525,-0.019748393,3.350098,20.660196,33.962536,15.024178,16.697954,15.891322,0.0,0.0,-2.7667544,3.311517,41.142883,1140.0605,1288.3608,-31.715738,2319.948,470.9359,-41.563175,3654.4854,594.34357,-47.85258
0.96156,-27.94641,38.101868,-0.10738334,-0.019661054,3.0280266,25.623362,29.525352,9.662589,14.121709,15.538028,0.0,0.0,-6.599982,2.5167067,39.509254,821.40924,1474.2433,-30.57283,1890.9308,741.26886,-35.708576,3257.657,532.90436,-43.66241
0.98390454,-28.753609,40.69972,-0.07832747,-0.023390627,2.6456864,31.857763,28.50321,9.454232,11.446488,15.190944,0.0,0.0,-9.651425,1.3617253,35.60496,563.87476,1498.5587,0.0,1519.0184,941.1118,-30.348417,2892.1953,643.37274,-38.62071
0.99526614,-25.957062,38.76537,-0.07210854,-0.019015597,2.8335326,32.034946,26.457352,7.542524,9.666707,14.949239,0.0,0.0,-9.7649145,-0.44402042,28.063858,329.61923,1509.9645,-4.9951515,1182.5524,1110.4813,-24.61796,2437.9873,625.92596,-31.91043
1.0377213,-24.081491,36.185276,-0.058597732,-0.015358659,2.7372901,31.052935,23.342299,8.454815,13.498722,17.050814,0.0,0.0,-7.556564,5.0112176,23.498068,367.97812,1289.0565,-1.1551914,1258.577,970.4002,-19.935095,2439.961,595.1426,-25.442804
1.0332024,-18.786812,31.060356,-0.05861311,-0.008412928,2.209417,28.024841,17.04541,5.9916267,16.896664,23.076006,0.0,0.0,-4.5720377,8.19183,17.603868,379.55554,1245.3999,1.7243223,1359.0566,883.26385,-16.815937,2472.9404,844.1406,-17.25417
1.0876353,-14.298093,26.041513,-0.04412381,-0.011004538,1.5535713,25.585497,9.947352,2.5667,17.940256,29.11178,0.0,0.0,-1.2864016,11.596135,14.296252,412.55652,1170.899,3.826051,1437.2134,802.61597,-15.104701,2507.152,854.9836,-10.969665
1.144989,-11.088408,19.096535,-0.050336897,-0.016833832,1.0377761,23.714216,6.045707,3.8402367,18.409235,32.79829,0.0,0.0,1.4044933,7.6490273,11.073845,431.40396,1205.8026,2.414012,1507.0631,826.3921,-15.871563,2551.2136,918.51556,-8.659834
1.2522159,-7.7863584,11.609252,-0.032628585,-0.020004073,0.87610036,22.053762,0.29740477,6.631827,17.47267,32.504375,0.020311546,1.061195,3.0100775,6.568812,10.114301,426.98856,1206.5844,2.5783825,1515.5399,799.7241,-15.413727,2544.2236,723.6106,-7.5359178
1.3069721,-5.541956,6.663736,-0.023771385,-0.023122007,0.6505673,20.954,-2.3206084,11.672488,16.988115,32.211292,0.017162336,0.7866607,4.578581,6.300673,8.684709,405.35376,1319.4282,3.1819973,1532.9238,799.61896,-15.302544,2552.4578,757.65985,-5.502711
1.3076719,-3.717116,5.283919,-0.0047573685,-0.022976907,0.6078515,19.583305,-4.7683296,14.305607,15.074992,32.044643,0.016358877,0.86854774,5.9004555,6.8388653,6.980654,772.41,1233.7402,-2.498687,1755.6158,1906.4413,-11.031651,2573.0674,851.2527,-3.0781486
1.2910154,-3.2021437,5.378348,0.01046614,-0.025081122,0.50293165,18.204866,-4.621029,14.97155,12.465393,31.949919,0.011249646,0.9221118,6.839338,7.3948097,5.882279,743.52124,1300.9994,-2.0525217,1774.5477,1923.3467,-10.529628,2587.879,1400.5804,-1.5336084
1.2777671,-3.0824153,5.933096,0.03906041,-0.026360102,0.3921064,16.804375,-3.7759638,17.167898,11.097599,31.894144,0.00953054,0.91123986,7.3876624,7.605091,5.1888814,704.06586,1286.4147,-5.112822,1764.305,1840.6381,-9.27583,2578.8489,1435.6415,-0.7047796
1.3243104,-2.5133798,5.7443643,0.053061802,-0.03008941,0.35528436,16.853317,-4.4096627,16.885397,9.138784,31.858192,0.0061993334,0.9776778,7.8425117,7.5217614,4.6089873,299.2476,1554.2267,0.0,1563.933,685.7519,-13.398299,2566.6655,1367.0581,-0.12748162
1.3473581,-1.6840447,5.147259,0.061957177,-0.028775172,0.3116459,15.689717,-4.1728873,19.370438,9.587536,31.832207,0.0032318246,0.71474934,8.097321,7.4265265,3.8575945,284.74716,1502.3597,4.442346,1538.5546,545.3819,-14.031508,2545.1145,847.2072,0.45019627
1.4139897,-1.0503088,4.117714,0.06423573,-0.029378586,0.31064036,15.365964,-4.9608254,19.139091,7.658037,31.805735,0.0014588316,0.67950535,7.773955,7.3679485,3.3870714,316.39566,1427.3301,0.0,1537.165,548.7287,-15.577026,2545.149,848.16986,0.34432173
1.4642425,-0.7642091,3.482229,0.07988766,-0.028335148,0.29565188,14.273323,-4.5131326,22.686304,6.5522003,31.757807,0.0018508593,0.6614944,6.555105,7.8329034,3.6320798,315.94836,1261.9271,1.826396,1498.9082,495.4376,-17.202618,2521.8066,877.8455,-1.0789315
1.4992865,-0.2223168,2.1945481,0.09156972,-0.03288606,0.34606078,14.261266,-5.026918,23.082434,6.175055,31.677591,0.0015782543,0.6237394,5.3312745,9.901308,6.148191,343.92813,1191.6764,0.8933385,1499.3916,486.9016,-18.91493,2516.7986,843.593,-5.2548523
1.4705166,-0.23952182,1.9225831,0.09876009,-0.036926184,0.4248511,14.800853,-4.237803,23.127146,10.913333,31.595688,0.0026930703,0.7084503,5.0390544,14.01254,11.275307,346.37692,1177.9607,-1.2286592,1485.6422,502.44217,-24.63642,2506.0293,838.5131,-12.503964
1.2766205,-3.2739074,5.0898356,0.09441418,-0.03596935,0.5751202,17.519508,-1.3112475,18.964098,15.319978,31.632263,0.0029389954,0.55445814,6.1668873,17.856222,16.995687,361.7024,1262.9971,-3.7102365,1511.2933,629.205,-29.458925,2497.9626,840.79834,-20.705925
1.0526755,-9.61634,13.590425,0.09568664,-0.03123013,0.65428454,21.477926,4.820918,14.356255,17.199705,31.756632,0.008288878,0.97612065,7.326561,17.605177,19.037138,593.79755,1391.3535,-11.954911,1744.6299,818.87305,-30.870712,2695.747,1073.0834,-25.662674
0.8630832,-15.736751,21.810202,0.07615028,-0.024370529,0.6014436,23.902246,11.1657295,11.8236265,14.740146,31.989248,0.0175673,1.2111969,7.5448585,13.4375,14.653432,583.4238,1577.2418,-15.132091,1702.7329,1163.9354,-28.333136,2612.0022,1128.2963,-24.456152
0.83485013,-17.323967,24.953367,0.06869155,-0.025248373,0.4547912,22.029251,14.451416,14.623589,12.371066,32.22456,0.020837076,1.4669257,6.701668,8.447978,10.204635,554.12494,1599.3756,-19.429577,1667.1611,1258.6326,-28.902962,2521.3113,1161.4899,-23.09693
0.9031771,-14.800155,22.406708,0.05520745,-0.02975571,0.32997084,18.183119,13.798133,20.75522,10.766694,32.617996,0.023502255,1.2188414,6.245285,5.520697,4.9981866,319.48828,1479.7303,0.0,1451.3231,1085.7186,-31.40058,2289.9297,1005.1521,-20.245535
1.0264473,-11.343696,18.429276,0.06534898,-0.03392276,0.32565618,14.023044,11.858059,26.668701,10.214951,33.010197,0.016916765,1.0933418,6.1972785,4.288259,3.6367767,322.23898,1249.673,-15.798526,1501.4155,625.83307,-33.877712,2348.9412,912.2535,-19.437744
1.116239,-9.816014,16.199835,0.062611274,-0.032342598,0.3374132,11.077621,12.003765,29.769556,10.769352,33.407215,0.015630111,1.1167039,6.357043,3.2671347,1.9003102,318.30966,1117.4408,-15.798526,1515.7471,272.4325,-34.8987,2418.544,872.2486,-16.538145
1.1784674,-9.324909,14.380185,0.05075908,-0.028922928,0.35335913,9.724202,13.894353,29.300097,13.020564,33.610535,0.017798292,0.8621525,6.0627003,2.5062091,3.49211,755.2312,966.23334,0.0,1800.223,968.50586,-29.40567,2533.469,985.9294,-15.807052
1.193521,-9.662196,13.885287,0.04075622,-0.025511554,0.36525807,9.285901,16.248524,26.856161,13.218311,33.709087,0.017000256,0.9618645,5.575423,2.034771,5.258817,754.23926,1023.8076,-19.483702,1843.6973,1014.99756,-27.0848,2573.4097,1103.4565,-15.040627
1.2883587,-9.781113,13.98952,0.046369087,-0.024983237,0.3816228,8.736699,18.61001,21.196396,9.295064,33.66859,0.017692508,1.1076752,5.0581717,1.8845181,6.1012993,787.5522,997.0405,-14.520284,1888.9032,1156.1959,-23.08832,2532.1326,1169.0446,-13.308774
1.4584078,-9.085853,13.54884,0.06361122,-0.026075369,0.47206986,8.147691,16.86642,20.12604,4.9057813,33.566826,0.011028894,1.352736,4.4320054,1.4453244,6.0343075,361.28433,1074.7784,-4.713326,1614.1998,358.06442,-26.269854,2458.3035,999.9009,-10.747635
1.5716919,-7.619436,11.210078,0.079049066,-0.026164189,0.58869463,9.171156,13.804708,18.149805,5.7838264,33.437176,0.0125172995,1.3563404,4.086145,0.3708426,5.2823224,376.77872,1018.18256,-2.77359,1592.1654,368.1299,-23.543085,2448.7424,955.9572,-8.055913
1.6127158,-5.4637065,7.2551765,0.08398702,-0.030549442,0.65191644,11.028523,9.388897,18.243902,7.218908,33.248455,0.011509134,0.9567735,4.317228,-0.81008196,4.173528,381.3361,970.26495,-1.6065868,1565.9248,299.40506,-21.223473,2508.3184,926.3962,-5.780115
1.502725,-3.974328,5.0488153,0.08534145,-0.03304174,0.6376109,12.366749,5.801512,15.94736,7.382258,33.04916,0.013610055,1.0199999,4.650109,-1.494484,3.0768301,390.2529,993.3145,-0.9611408,1578.8824,399.12344,-19.082954,2541.3123,1065.7599,-4.037971
1.4719476,-2.8805234,3.4847326,0.08085682,-0.03346504,0.59354407,11.978741,3.4082108,16.598337,5.683193,32.795185,0.013103739,1.2687072,4.8438725,-1.9692516,1.8758205,389.91138,991.5181,-0.53168374,1578.7604,408.2937,-18.342216,2548.124,1086.3854,-2.4075043
1.4122614,-2.1810663,2.2603385,0.07406337,-0.029099248,0.5656287,11.678958,1.430508,18.044897,8.037674,32.58626,0.013096611,1.3862902,4.9118204,-2.8586743,0.5061376,384.4025,1035.0558,-0.24745147,1575.484,440.94382,-17.39857,2576.366,1089.0682,-0.7535891
1.4367509,-1.6363153,0.43855467,0.075901404,-0.031847924,0.57967806,11.578486,0.8275793,19.024965,7.869261,32.37766,0.009273018,1.3395435,5.413795,-4.216164,-0.93574524,374.06125,1018.3807,-0.056507587,1554.205,375.29858,-17.186647,2551.7058,934.58685,0.87923765
1.4405365,-0.8974951,-0.55657727,0.068582155,-0.030841753,0.58391327,11.703523,0.024008712,17.867048,11.083774,32.22549,0.007274484,1.0855007,6.2074904,-5.6069236,-1.6956393,374.2902,990.44135,0.16982596,1536.8237,357.22726,-17.492678,2533.418,890.31085,1.8654652
1.4718304,-0.58107656,-0.031236172,0.07506096,-0.037776593,0.57127553,11.5458975,-0.18268685,17.937864,9.386214,32.092934,0.00693281,0.83787984,6.516866,-6.8874803,-1.6046103,377.1614,935.6351,0.38122773,1524.0605,327.31955,-17.817698,2509.7952,858.36115,1.9858379
1.4819628,-0.72151583,0.91618663,0.076744184,-0.03373318,0.5045018,11.06868,-0.3058731,18.796227,9.185694,31.954422,0.006431582,0.8698244,5.779815,-8.299721,-0.85368115,375.63486,925.31396,0.3772521,1514.9911,325.3361,-17.849138,2496.723,851.5962,1.2309333
1.4856488,-1.7383032,3.2411678,0.08769167,-0.036688868,0.4350705,10.635658,-0.80495125,19.250277,3.388491,31.781778,0.0059104958,0.8187251,4.3579383,-9.172794,0.6848848,363.7455,940.8306,0.84675354,1510.1787,321.65744,-17.43138,2497.2913,828.32733,0.16186874
1.4797583,-2.2303565,4.9967017,0.08741877,-0.032138348,0.4282314,10.381783,-1.596665,19.159628,3.4873772,31.521078,0.0043490664,0.8247797,3.4698021,-9.044906,1.5819689,348.25034,971.3872,1.8695358,1498.9321,321.48648,-16.242105,2485.5237,810.7412,0.287567
1.4831018,-2.266896,6.744824,0.08754218,-0.030514397,0.49406186,9.225452,-3.288597,18.08011,3.1874998,31.242348,0.004130637,0.5253489,3.3880558,-7.7479477,6.759508,697.4567,780.591,-3.4613464,1805.3873,521.8396,-10.200397,2762.6836,950.3509,-3.806924
1.4561096,-2.3295379,6.756043,0.09509783,-0.031384807,0.5651007,10.057523,-4.3546295,19.6127,1.9072542,30.922836,0.0058059334,0.5007245,3.6857007,-6.2113914,8.523723,687.5935,795.9024,-2.9835665,1789.2173,534.93097,-12.24812,2731.1895,946.14307,-5.0933585
1.4213122,-2.785283,6.35179,0.10754519,-0.03249554,0.6141756,11.343013,-5.3774853,19.598877,1.2986733,30.61232,0.010282074,0.8103916,3.399705,-4.740607,13.959037,678.0783,820.04474,-3.0042477,1768.4429,571.7271,-12.112943,2686.223,922.6086,-10.549355
1.32222,-4.9501157,8.193816,0.108267486,-0.031647548,0.6098797,14.874936,-3.6487458,19.389023,1.532453,30.076258,0.0114088915,0.8483698,2.6901906,-2.1667004,14.753044,320.02734,1050.4341,3.0955694,1423.6924,471.00827,-19.329678,2339.8594,749.136,-11.6574745
1.1690677,-8.521484,12.607738,0.11257544,-0.023140676,0.5539975,18.638884,-0.7503658,17.0488,2.9121602,29.608818,0.011217135,0.89267015,2.4232414,1.8597193,19.91139,328.8491,1106.3481,2.2935326,1385.275,645.78656,-19.813036,2295.374,693.26996,-17.617857
0.9221192,-11.849164,17.938057,0.090845555,-0.016794033,0.6478874,22.573202,1.8794369,14.507831,1.8327566,29.304047,0.013033472,0.5142713,3.2837179,7.412609,23.297537,551.5332,1237.7606,-8.750255,1583.7389,820.4407,-22.886591,2507.9277,747.3935,-22.474554
0.6803097,-13.485272,20.12109,0.07798476,-0.011730957,0.5529231,26.182333,2.5318844,12.4762125,2.2493572,29.492533,0.026846558,1.5530891,4.1317363,12.190614,27.367025,538.1702,1463.235,-10.0855255,1516.7451,1047.8907,-20.757784,2515.2773,801.0742,-27.879313
0.51408046,-14.002515,22.307281,0.04558524,-0.017430682,0.4394411,27.968534,4.352076,8.415513,3.8391209,30.073355,0.04206272,1.3812591,4.401869,14.035164,29.993172,542.4876,1541.9932,-10.014914,1467.877,1119.7538,-18.848166,2493.6853,841.771,-30.434845
0.45696738,-14.0788765,22.727417,0.034218404,-0.013683412,0.16487914,28.671564,5.9436607,4.778501,9.335819,30.67402,0.04265098,1.6435751,4.3321743,13.709073,32.1364,593.1198,1476.3961,-6.01666,1523.3363,1112.3622,-22.238928,2627.1804,932.5262,-30.938116
0.45950565,-15.68813,25.778168,0.01872005,-0.019246696,0.14506386,29.05126,11.404859,0.7099989,12.40889,31.100992,0.029171122,0.4881595,4.9299107,11.826561,30.593313,798.0224,1355.7255,-10.745628,1741.643,1130.6068,-25.70661,2805.8313,1059.9583,-27.133324
0.52737784,-17.32233,28.245703,0.031186188,-0.018475866,0.31627092,29.552286,14.606364,-1.7038078,11.552864,31.177118,0.019391224,0.86054415,5.9948955,10.551974,27.777428,1024.702,1333.7217,-15.53633,1921.7076,1831.861,-27.27712,2900.2676,1092.8964,-22.709732
0.70683974,-17.748917,29.01828,0.046574265,-0.023701178,0.5107581,29.177444,19.740694,-4.35854,5.3802266,31.177366,0.026281582,1.5917091,6.956201,9.534778,23.863043,766.20825,1302.4414,-7.575058,1581.3639,1786.9008,-21.445671,2535.369,836.5124,-18.049017
0.89514655,-16.054995,26.851301,0.06522876,-0.017621918,0.57369196,27.71467,19.344553,-6.485117,3.4673402,31.14638,0.028095806,2.1390378,7.1042886,9.683616,26.672163,852.38983,1157.463,-8.430263,1747.5851,1518.9899,-18.710215,2860.8047,489.50656,-20.730944
1.0347677,-14.083541,21.816666,0.08046918,-0.011281871,0.47469792,23.756004,18.406023,-3.6241074,9.048282,30.985956,0.028877994,1.7524878,6.150391,10.821984,26.886652,591.34625,1191.3525,-6.069507,1587.3585,763.33374,-17.666645,2795.1013,403.93997,-21.681086
1.0341388,-14.63853,21.49584,0.07721159,-0.011070046,0.386229,21.371492,15.995678,2.2438614,15.713174,30.464521,0.016698515,0.76608473,4.8328266,13.556732,27.699675,717.2134,1848.2028,0.0,1726.6947,867.2612,-21.370224,2898.3845,625.11554,-24.568613
0.964802,-15.592494,20.73512,0.085546814,-0.015297239,0.41049752,20.144686,16.154772,7.504514,21.954895,29.922907,0.012449287,0.23932695,3.456399,14.651019,23.587732,430.5271,2082.7058,-8.501834,1462.2479,1032.4689,-21.263733,2478.406,833.66486,-23.655798
0.77690595,-17.050802,23.60253,0.06788615,-0.02095101,0.5943828,21.806482,17.131605,8.1183605,21.77752,29.498201,0.013018264,0.9393311,-0.33621344,12.993823,18.31324,428.7875,2222.4944,-7.373386,1467.319,1231.8755,-15.852104,2454.695,998.425,-21.365637
0.60292554,-18.736246,26.019714,0.04167639,-0.020458594,0.5220093,24.31317,18.424728,6.829539,17.851324,29.013285,0.03371023,1.841269,-3.5519516,7.6824536,12.7546425,493.74515,1591.5568,-4.1070256,1691.4694,1110.8579,-8.841653,2647.7693,927.6419,-16.832525
0.48897567,-20.021051,28.474203,0.028418839,-0.023318673,0.41040602,25.680613,19.419664,6.706011,9.698548,28.783562,0.04939293,2.5972552,-6.453497,4.4770427,8.26445,662.8701,1420.164,-69.7853,1833.2139,1021.314,-70.13292,2799.658,899.93854,-75.2658
1.3154347,-12.167817,22.817764,0.023464674,-0.011757131,1.0321121,19.1247,10.480589,0.17905776,2.8041122,0.0,0.0,0.0,0.0,0.0,0.0,885.2469,1211.4912,-135.07982,2098.0537,816.81696,-135.70766,3135.777,637.70074,-137.87056
2.1241696,-3.6623805,14.711391,0.03904032,-0.0061935647,1.5097622,10.620318,2.5146036,-4.3580413,-0.9719126,0.0,0.0,0.0,0.0,0.0,0.0,758.6611,1102.702,-201.0,1845.4473,1222.078,-201.0,2758.0671,656.28467,-201.0
2.769338,3.1441963,8.401074,0.045553636,0.0015451376,2.0115983,2.257869,-4.6572948,-8.170476,-3.2758825,0.0,0.0,0.0,0.0,0.0,0.0,622.16907,1139.9227,-201.0,1669.6191,1342.191,-201.0,2536.2336,783.70215,-201.0
2.8042688,1.7626076,8.2805395,0.049169306,0.00026319115,1.8275962,2.155176,-4.7235,-8.997402,-3.5507734,0.0,0.0,0.0,0.0,0.0,0.0,486.80533,1131.794,-201.0,1386.9806,2446.0842,-201.0,2069.4133,1005.76776,-201.0
2.5627403,1.573052,10.717786,0.056417465,0.0045452057,1.8817825,3.0860584,-4.8680573,-9.678031,-5.528093,0.0,0.0,0.0,0.0,0.0,0.0,429.3134,1649.7821,-201.0,1160.7538,2306.557,-201.0,2171.2937,1021.9074,-201.0
2.4242353,3.5290368,7.2198024,0.06181444,0.010879652,1.825901,-0.6878872,-2.5561247,-9.119384,-5.489756,0.0,0.0,0.0,0.0,0.0,0.0,468.01733,1429.611,-201.0,1207.7665,2236.9006,-201.0,2180.408,850.83105,-201.0
1.9666268,6.0139084,2.5493062,0.040630024,0.008919127,1.3901691,-5.9887414,2.8164632,-0.032212257,-6.6240315,0.0,0.0,0.0,0.0,0.0,0.0,497.09497,1196.266,-139.39839,1396.1104,956.98016,-142.08812,2405.4001,965.6047,-137.96257
1.7716236,7.366195,-1.7387161,0.041094337,0.008970749,1.0647846,-11.785138,5.80969,7.665339,-3.2716637,32.11184,0.0,0.0,-0.33982444,7.1049013,8.328455,571.8969,483.5504,-77.44514,1650.4227,529.667,-83.56464,2466.1316,978.86554,-78.26084
1.5252833,4.818272,2.816128,0.022808934,0.006131351,0.7721073,-10.057348,8.4471655,12.369231,-0.42150784,32.381542,0.0,0.0,1.5484837,8.659625,11.645883,752.6272,562.29,-18.043173,1811.5643,344.07065,-23.669691,2749.9563,958.70917,-18.578283
1.3222243,-0.10598469,9.393907,0.038839065,0.0046087555,0.62826973,-5.023448,11.351634,14.411934,3.6546783,32.811344,0.0,0.0,4.599073,11.162786,20.549616,1039.281,627.7718,-21.464622,1967.9965,439.73972,-23.439707,3036.8665,786.1989,-24.398191
1.1477928,-6.8369393,16.345747,0.045831334,-0.005933886,0.55023926,2.9843388,16.177912,14.877055,5.64397,33.49258,0.0,0.0,5.89663,12.99699,24.136765,947.0263,912.1037,-24.626814,1936.6608,566.5555,-25.70173,2992.763,665.04425,-26.216013
1.0770386,-10.79309,17.898914,0.06497235,-0.0121371085,0.45360354,10.345918,16.818884,13.746403,3.972976,34.274654,0.030599471,2.1965313,6.5683403,17.714218,29.529196,901.57697,989.9295,0.0,1905.3336,634.12604,-25.992813,2950.0183,658.89233,-29.243347
1.0645353,-12.907514,19.018887,0.08397462,-0.014253572,0.49770603,16.742119,14.709733,10.156411,5.4763064,34.94813,0.03059947,2.1965313,7.2604156,19.929674,31.569534,743.36743,1104.6478,-17.084515,1843.7441,640.8386,-22.807907,2943.3406,720.4006,-28.48902
1.1178709,-13.5327425,19.446117,0.104251705,-0.009842175,0.64788467,21.533066,10.545956,4.70095,2.8555574,35.291462,0.035763074,1.6242989,7.067702,18.446066,33.31837,1016.44775,1076.8801,-15.602183,2090.3752,650.0434,-14.448948,3378.6824,770.6076,-27.68384
1.1866674,-14.2956915,21.013756,0.11811387,-0.010720372,0.8019266,24.315033,5.589459,1.9050936,3.4706345,35.169464,0.035277296,1.229928,5.3294177,10.580916,30.803757,1093.6431,1160.6483,-14.726359,2154.4915,745.83813,-8.390947,3419.6445,1060.5585,-24.513123
1.2868656,-12.946471,19.759851,0.13281552,-0.012464731,0.9241228,23.053518,-1.2087579,-2.0244832,1.242992,34.81848,0.030354327,0.7278307,4.4522023,2.900954,19.796736,828.7026,1292.3457,-14.244682,1880.6713,803.63934,-8.848566,3035.866,974.9782,-14.115567
1.3757576,-8.605866,12.288745,0.13109608,-0.015736023,0.9399181,19.424917,-8.342205,0.465542,3.5470457,36.814365,0.020267753,0.797966,3.8969495,15.962105,10.765645,569.4368,1273.6859,0.0,1590.8809,803.8428,-0.10431544,2542.3262,952.0935,6.9872384
1.5323611,-4.2913775,6.822357,0.13349761,-0.021599287,1.0380543,15.665962,-12.523537,4.3496327,4.22303,38.902775,0.15909061,1.399434,4.7410436,31.270233,4.400989,288.88293,1195.1212,0.0,1322.4225,719.00287,7.121414,2225.0535,726.0324,26.045244
1.6976043,-1.460432,2.8601065,0.11834115,-0.025042444,0.9614804,13.434167,-15.834163,9.655728,4.1091166,41.1507,0.16303411,2.0655057,3.8489187,47.567093,8.014397,300.7021,1096.353,0.0,1355.628,623.43146,15.916631,2255.4941,724.58984,34.463623
1.7466346,-2.170252,4.6671653,0.09872827,-0.031188717,0.83493406,12.041817,-16.62117,10.343001,1.9800562,38.593807,0.26949444,1.8625771,3.679579,27.699392,10.505719,607.71014,955.24164,0.0,1649.8331,682.97235,10.438195,2595.3652,771.0672,19.180166
1.6873479,-2.461395,5.4869804,0.07510399,-0.03177578,0.7259136,9.44947,-17.634539,11.230999,-0.26200756,35.894585,0.1220515,1.1873218,3.4105113,8.604325,8.702664,920.1602,771.13965,-11.53204,1948.5732,835.53107,5.8720975,2900.1848,982.70166,8.617721
1.5716456,-3.457589,8.103438,0.07940485,-0.03235915,0.7597677,8.621573,-14.341184,14.58315,-3.0190651,33.166584,0.115503214,0.38226745,4.2524805,-9.305454,8.043683,1316.2959,543.05,-9.543172,2308.4255,913.7788,4.1979604,3307.5596,1203.7739,-1.6052617
1.5278505,-3.3103364,9.04398,0.09112164,-0.0375543,0.76926064,8.047935,-12.171786,17.954905,-6.315193,32.90202,0.0069699823,0.40746006,4.620809,-8.165787,4.671478,1354.0358,488.1019,-8.280591,2362.1873,928.33496,4.9940295,3312.787,1324.9701,2.568589
1.5024637,-3.2473009,9.014933,0.089938216,-0.0375976,0.7290552,7.8302703,-10.106961,19.117582,-8.039733,32.782593,0.009414927,0.3515149,4.1539736,-5.930738,5.1466875,1401.2506,447.14185,-8.934921,2406.503,871.113,4.3933372,3326.323,1243.5323,1.967897
1.4802122,-3.7859638,8.376296,0.09572003,-0.040258583,0.60233563,7.4625187,-7.7801003,18.23713,-7.9696217,32.461536,0.009100796,0.48556653,2.721053,-2.0634632,4.4732347,1031.5576,626.14075,-6.6618314,2090.7634,702.3047,-3.909684,2982.6592,1021.03394,0.40809712
1.4318463,-2.3672926,5.6991253,0.087935865,-0.031616163,0.69694394,7.3765206,-5.519546,21.192968,-3.9582589,31.848639,0.008033789,0.53860104,1.3601667,3.3043385,9.546998,675.48926,794.6364,-4.7293973,1771.6842,471.37228,-14.647693,2715.8074,801.34766,-8.0747595
1.2989335,-2.1135778,5.835153,0.10034534,-0.025131626,0.70309,9.096382,-2.2694225,26.936949,2.0816982,31.252783,0.022149406,0.80412513,2.424783,8.908318,11.902665,298.80948,1029.4565,-0.7911891,1437.3539,246.47827,-25.549547,2438.467,616.717,-15.247836
1.0122038,-3.889559,7.6732993,0.0698309,-0.019362835,0.7908387,11.485766,1.9072704,29.024824,7.1479154,30.924006,0.023655945,1.1180451,4.561568,12.996235,13.4166975,314.2351,1063.4725,0.0,1433.278,305.54794,-30.227203,2423.007,603.8381,-21.520277
0.6986499,-10.130634,15.654277,0.049693733,-0.016442714,0.52429605,16.772186,6.544809,25.767237,10.503955,30.606339,0.058853585,2.2980573,6.795398,14.793384,16.43029,513.5218,1146.5066,-14.784682,1572.2089,499.00528,-34.162895,2607.7441,751.6855,-28.572866
0.45892894,-15.803485,23.18104,0.041187946,-0.019579314,0.33277714,24.197372,9.526374,18.634687,14.022428,30.060966,0.07853367,3.1098502,6.972236,15.706965,18.78288,701.38184,1216.0714,-15.057561,1697.9708,718.6949,-35.199173,2693.1755,875.0015,-33.02405
0.36907932,-19.333628,28.593294,0.025153866,-0.024543911,0.14287849,30.725363,8.634364,15.154305,15.957553,29.478735,0.08576781,2.591711,4.6063476,16.40302,19.746786,881.80054,1256.1823,-15.005611,1848.8794,886.9545,-34.32829,2806.903,982.5583,-34.666874
0.35571933,-19.741941,30.230135,0.023248589,-0.027054274,0.1149021,29.29387,11.973086,13.435332,12.755435,29.224287,0.07264982,1.9594808,3.2730265,17.172737,16.317045,916.24316,1262.7874,-76.489624,1971.4283,854.0146,-88.336876,2926.0476,840.83154,-87.81372
0.39823577,-16.81119,25.838995,0.007870428,-0.022141486,0.12835109,19.777424,17.525259,11.638658,7.581051,0.0,0.0,0.0,0.0,0.0,0.0,729.7515,1356.7811,-138.28851,1857.6681,928.08673,-144.11955,2879.337,775.63116,-143.91026
0.4748362,-11.142783,18.548298,0.0116406595,-0.01575538,0.15109678,6.3110027,24.902506,5.5549912,4.137722,0.0,0.0,0.0,0.0,0.0,0.0,587.311,1211.9844,-201.0,1748.8345,799.44855,-201.0,2819.0515,530.96857,-201.0
0.6586434,-2.0224426,5.700445,0.01899934,-0.011594023,0.2061431,-6.95316,25.508963,-3.5187342,3.7216787,0.0,0.0,0.0,0.0,0.0,0.0,388.88196,1026.1998,-201.0,1511.2406,672.60803,-201.0,2523.203,432.69165,-201.0
0.85177535,4.0291457,-2.6068943,0.0106866425,-0.012560021,0.26323327,-14.527226,25.356583,-8.903138,2.897426,0.0,0.0,0.0,0.0,0.0,0.0,448.28165,745.7656,-134.04915,1537.2418,399.6677,-140.05217,2488.4792,262.3152,-138.65112
1.0157838,7.5659804,-7.789638,0.008964451,-0.013707281,0.31086588,-17.273554,25.840303,-7.6500206,0.0030918915,33.60011,0.0,0.0,-0.95013857,9.770609,15.109564,418.0778,846.5005,-66.73139,1481.6328,322.508,-80.508766,2437.9094,183.30653,-76.804436
1.046009,5.322264,-4.1508584,0.004961135,-0.016106956,0.33487532,-13.99202,26.228994,-1.0855594,0.02798275,33.54764,0.0,0.0,0.45018172,8.049019,13.6442995,337.08325,1111.9816,0.4029125,1454.4691,364.3204,-18.723503,2374.396,306.63284,-13.018449
1.0802722,-1.0821861,4.569488,0.028275443,-0.019848678,0.6177233,-4.3050942,23.99251,4.8500595,4.146696,33.357964,0.0,0.0,3.0880706,4.116161,10.741992,302.8826,1170.5887,0.0,1434.0425,393.57764,-17.523523,2349.757,419.81998,-10.118655
1.1862122,-6.1049805,12.019948,0.058368355,-0.021703482,0.6946504,5.277493,16.276655,7.4988275,10.816833,33.14078,0.0,0.0,3.6073954,-0.52532274,6.3300095,296.59113,1156.5542,-0.4232347,1440.253,442.86923,-15.819209,2339.579,647.4509,-6.254923
1.365276,-7.59943,12.2265005,0.07093153,-0.023323284,0.90693855,13.37366,8.213912,8.9580765,17.800331,32.81702,0.0,1.3902422,3.232809,-4.224341,4.6246543,359.82993,999.6962,-0.114807285,1444.4604,469.25717,-15.496583,2390.61,629.34393,-4.7394614
1.5036649,-4.5678024,8.507981,0.048079338,-0.023105154,0.7846288,15.957608,-1.9693514,11.165927,17.507841,32.45029,0.018417746,1.2723812,2.5646229,-5.6834426,3.4353485,368.16296,1022.9939,0.85122865,1438.2993,533.44366,-15.317006,2417.5742,645.3684,-2.5841198
1.5863872,-2.780749,6.7324634,0.044501156,-0.0256323,0.8949569,15.723151,-8.354066,14.696216,10.7712145,32.079964,0.014821121,0.9540615,2.4474576,-5.4886804,2.7361126,335.92386,1064.8228,1.6225713,1420.3815,536.4134,-14.43362,2422.3398,621.1359,-0.57995754
1.546162,-3.16101,8.247035,0.04208253,-0.028114418,0.86605483,15.048635,-10.702877,17.764929,0.62344265,31.764109,0.014602614,0.7358069,2.1832738,-4.556089,1.3512005,266.49573,1161.6099,0.0,1402.8561,549.4677,-15.734454,2413.0369,628.389,0.974253
1.4423052,-3.5380108,7.2594085,0.072381936,-0.03082102,0.80314827,12.947391,-7.37632,20.850481,-3.0423906,31.460527,0.012799581,0.669024,0.7907648,-3.7611015,5.4226623,232.68335,1231.6823,0.0,1384.4193,554.5787,-17.071589,2400.8782,633.1965,-5.365871
1.152114,-4.227427,5.971659,0.07792135,-0.028471028,0.79090977,13.0028715,-3.5885308,19.982069,-2.3825028,27.192286,0.18193443,1.575708,-1.7078118,0.9848957,9.83458,248.26868,1256.7101,0.0,1387.826,596.92523,-12.348603,2398.6758,644.9954,-6.95459
0.8096824,-5.978573,8.915248,0.0649261,-0.019587856,0.6019029,14.227857,-0.1290745,19.155931,2.2803156,23.724625,0.3482125,2.689686,-4.3030877,5.0199847,14.712003,342.65714,1207.3987,3.8774562,1439.4536,709.5249,-8.15105,2437.883,767.5799,-8.793746
0.47792467,-8.388644,13.859141,0.055462796,-0.016289614,0.44690308,18.409655,0.8880124,9.340096,2.2763681,20.293451,0.5150324,3.616374,-8.210544,9.069744,15.195287,390.03442,1355.772,-64.41503,1427.0391,1031.7733,-69.14131,2408.7852,947.7834,-69.857635
0.31528038,-9.710201,16.57688,0.053328276,-0.018441064,0.1947568,19.66487,0.6710852,0.41128,-0.6951516,19.741417,0.5150324,3.616374,-11.35559,0.0,0.0,388.8818,1497.6036,-97.00104,1372.6069,1293.331,-135.99539,2355.9658,980.8117,-135.9835
0.26915717,-8.391515,14.357993,0.07330706,-0.030526483,0.1011383,18.73506,-3.6753156,-9.099755,-5.4469566,18.449183,0.5150324,3.616374,-13.756714,0.0,0.0,360.06494,1477.7059,0.0,1320.0477,1289.726,-138.86795,2288.7207,867.1656,-138.7314
0.36499372,-5.575508,10.326793,0.05886345,-0.029381312,0.123581566,11.223063,0.88597775,-5.887644,-12.059669,17.316343,0.5150324,3.616374,-14.161412,201.0,36.71855,360.09927,1358.993,-96.55964,1460.1012,1101.1783,-138.86795,2322.845,1056.0653,-138.7314
0.63518995,-12.2672,18.595068,0.025790833,-0.030183552,1.4776659,15.854243,11.534535,4.3988724,-6.460047,17.274681,0.5150324,3.616374,-11.064796,0.0,0.0,576.6201,1376.8744,-74.488235,1793.1498,892.80884,-82.49507,2749.1956,982.357,-83.58569
0.9151096,-19.545761,28.073807,-0.01742672,-0.020719483,2.4362009,20.294624,22.823547,16.194155,1.252297,17.05783,0.5150324,3.616374,-6.673718,10.075468,29.506405,808.2288,1489.0778,-88.48414,2039.9332,833.8491,-90.16218,3069.3381,948.0485,-91.45658
1.2224398,-24.149553,34.7447,-0.05349177,-0.019069718,3.6130493,23.56074,22.747152,18.461298,10.60665,17.656221,0.5150324,3.616374,-2.056966,6.8767486,26.083872,790.9724,1584.3075,-25.670166,1904.1295,934.85565,-37.20528,3000.2844,658.7571,-36.456554
1.1754504,-24.345367,35.81636,-0.0765995,-0.016178153,2.9891493,21.13951,21.387625,18.507166,15.868772,18.310884,0.3467815,2.8258038,-1.1696042,7.6622186,23.6038,589.7395,1474.9268,-18.475456,1666.7925,980.67694,-35.462795,2714.6487,781.7427,-35.843765
1.1808556,-22.792967,33.458145,-0.095007695,-0.019984955,2.4587672,19.4684,19.357027,22.60872,19.685778,19.064386,0.26265606,2.0352335,-2.5389526,70.66776,24.848259,349.6415,1350.4219,-9.151474,1434.1244,906.3244,-32.03738,2437.3591,767.054,-34.528614
0.9880777,-23.610487,32.722668,-0.07947571,-0.021575054,2.4612803,22.551651,21.093882,26.410212,25.13157,18.707148,0.0,1.7405386,-3.6203449,78.89695,29.989294,348.34372,1146.4136,-6.0501113,1466.608,644.82874,-27.164259,2525.828,647.4373,-33.638798
0.91230446,-22.779654,29.272102,-0.06981956,-0.024202192,2.237487,22.49766,22.748657,25.91387,24.89345,18.272692,0.028199842,2.236414,-5.0842133,80.26934,33.946854,356.05188,1047.5201,-3.4162025,1443.9528,585.74713,-26.011534,2456.286,639.52606,-32.7525
0.68057376,-23.28045,28.397766,-0.057369664,-0.02064856,2.348681,23.575241,25.538172,20.399517,21.536367,17.117838,0.028199842,2.7322893,-5.100954,19.628605,36.662735,370.93088,1104.4357,-7.853682,1472.8402,717.3162,-30.030203,2524.7957,798.0983,-36.43418
0.48659,-25.780787,31.179571,-0.065462224,-0.020692907,1.1771575,26.966524,25.889277,18.191158,18.498209,16.18415,0.028199842,2.7322893,-5.329294,15.662933,36.801456,378.3892,1206.2921,-15.2706175,1457.9161,923.4932,-31.320513,2509.2683,888.7454,-39.87994
0.34326637,-27.151209,35.6546,-0.09756217,-0.019354949,0.8393938,28.88295,22.15914,15.251706,17.618093,15.264961,0.028199842,2.7322893,-5.39379,9.956273,33.7194,589.23883,1288.1211,-24.704575,1690.307,1426.1263,-36.288357,2568.4329,1058.8009,-41.938694
0.28783894,-29.692932,39.743347,-0.11707539,-0.018784,0.3430655,31.235197,19.229174,12.49218,19.32154,15.59301,0.028199842,2.7322893,-10.296777,5.4338303,30.407248,808.5159,1310.6837,-23.338316,1984.4457,1541.472,-28.620089,2616.5986,1677.7158,-32.429913
0.2463628,-29.498522,42.490997,-0.12697653,-0.017071808,0.47417435,30.345373,16.846243,6.1948757,17.549835,16.2258,0.028199842,2.7322893,-13.2029295,68.01054,29.514593,974.2646,1334.3014,-13.331153,2153.065,1610.4518,-22.094383,2871.5574,1734.2101,-21.260447
0.25366965,-22.94194,33.57183,-0.10322421,-0.014532839,0.3664348,23.348747,16.32795,6.1577454,4.8099675,16.587103,0.028199842,2.7322893,-15.504613,101.12841,30.609539,808.4463,1205.0978,-70.61067,1935.2295,1259.1273,-76.39463,2954.1926,1305.8922,-75.84649
0.7067499,-16.19014,24.372786,-0.035060335,-0.019715196,0.9285698,15.814418,20.502623,2.7140853,-6.132335,15.595048,0.028199842,2.7322893,-13.067612,0.0,0.0,556.45624,1277.64,-132.49445,1565.2994,1264.5684,-137.93459,2842.1218,556.3774,-137.38644
1.2449685,-15.754186,21.403479,0.0062738713,-0.026424684,2.299101,13.858996,28.126413,3.4954655,-10.514838,15.264842,0.028199842,2.7322893,-10.418656,0.0,0.0,596.9241,1253.7032,-145.21605,1726.4391,1042.5531,-147.10912,2957.8313,309.2512,-146.58241
1.5662616,-19.99883,25.027857,0.015463383,-0.030625075,3.3849018,14.088242,40.056023,5.1110473,0.8974638,15.42485,0.028199842,2.7322893,-5.8721013,12.186991,34.89437,543.8883,1329.5339,-85.57305,1738.7001,1019.58624,-95.61786,2869.6045,421.26846,-93.56257
1.3812302,-24.11669,30.616333,-0.059524026,-0.024825731,3.684232,11.473912,46.04088,13.171597,15.031533,16.568377,0.028199842,2.7322893,-1.5363647,9.684906,31.626564,548.5883,1176.4326,-25.370695,1847.86,689.60187,-41.032604,2915.5037,368.4285,-39.84261
1.0688475,-25.94388,32.738792,-0.10812869,-0.018295236,2.544412,7.900612,47.69336,21.939186,22.740393,16.763262,0.039824843,1.8645524,-0.63407606,10.506568,30.197954,318.91992,1135.2709,-20.467127,1542.7856,733.7581,-38.03537,2544.233,384.36008,-38.95351
0.93620807,-27.088427,34.913334,-0.12509137,-0.013071752,1.6952748,10.7513895,38.11248,27.092554,22.957003,16.79874,0.045637343,1.4306837,-1.0264024,10.06892,27.850626,287.9707,1206.7303,-80.11013,1507.6224,650.9853,-89.526634,2470.8665,369.99576,-91.97335
0.93821293,-27.634203,36.07809,-0.10885557,-0.016118096,1.1818875,18.127197,29.654287,24.736193,19.784739,0.0,0.0,0.0,0.0,0.0,0.0,293.86453,1281.1938,-140.31248,1422.9443,819.9903,-144.11188,2429.5947,404.31406,-145.69331
1.1284716,-22.614433,32.12312,-0.09827134,-0.019057112,1.600173,20.669851,18.008131,17.27378,16.115889,0.0,0.0,0.0,0.0,0.0,0.0,341.85547,1309.3232,-201.0,1413.6998,938.471,-201.0,2472.5908,628.175,-201.0
1.3546969,-17.242388,28.522474,-0.09578371,-0.014611735,1.9816891,22.47419,8.104164,5.2792892,15.327878,0.0,0.0,0.0,0.0,0.0,0.0,413.27505,1174.4916,-201.0,1402.1271,935.6306,-201.0,2481.123,719.6369,-201.0
1.4483398,-12.421081,24.082642,-0.09564457,-0.009578434,2.0074956,22.33654,-0.47161594,-2.8027475,14.5683565,0.0,0.0,0.0,0.0,0.0,0.0,466.81393,1084.5515,-135.26805,1405.4209,994.25714,-133.69856,2449.798,758.12305,-135.30626
1.3964162,-8.9027605,18.230179,-0.0830871,-0.0021475262,1.6819824,21.251526,-6.5750346,-6.372583,13.676974,32.717422,0.0,0.0,-1.9804772,3.8599935,3.9648561,485.6875,1000.91974,-69.02946,1379.1758,981.8723,-65.964676,2375.8572,690.92523,-69.09936
1.3372506,-6.1391177,13.172959,-0.062040776,-0.00036380868,1.2410976,17.928278,-7.6467338,-5.895382,12.145551,32.54536,0.0,0.0,-1.0463046,4.056744,4.1640253,496.3596,970.8448,-3.1114416,1361.0697,995.83624,1.667459,2358.4004,640.2947,-3.2187226
1.3673705,-2.4489772,8.418416,-0.042255368,0.0038265677,1.0359722,14.815121,-11.224667,-4.2081017,4.5398097,32.158554,0.016787186,0.6456982,0.29853728,4.9777946,4.7303824,496.6254,909.0249,-3.84056,1344.0594,981.2512,2.31154,2352.826,558.0766,-3.5931475
1.4371041,-0.08009306,6.3718276,-0.030041665,0.007576225,0.69924504,12.44318,-11.62338,-4.6617656,2.727698,31.893015,0.018296633,0.65643,0.90029746,6.953745,5.7825294,486.10306,959.6906,-5.7880936,1322.933,1020.8828,2.4240704,2364.1875,543.06976,-4.616878
1.4815971,2.0116758,5.2896695,-0.01787158,0.010784018,0.6506822,11.925363,-13.567487,-6.587677,-1.5688823,31.602934,0.015195265,0.61274767,0.22353764,9.145348,9.12016,468.36533,962.116,-8.486916,1301.8455,986.632,2.1112518,2363.2878,488.48703,-8.461727
1.3967124,2.0501885,7.571568,-0.0021776885,0.011457302,0.6208699,13.524255,-10.8398695,-12.235612,-1.7015013,31.46729,0.015606313,0.78650475,-1.0960542,10.1870775,11.59726,455.423,992.14606,-11.8641615,1280.5596,969.8144,-1.4259428,2366.1633,485.36386,-13.274345
1.1139511,-0.17268737,11.730977,0.0055650454,0.004293733,0.66990083,18.140455,-5.7364297,-16.227432,-5.229218,31.157837,0.0139441015,0.7710469,-1.0384691,10.7099495,12.221158,427.84363,1002.5576,-12.945034,1237.0763,870.4956,-8.283283,2364.2131,411.07495,-18.140215
0.7710541,-3.4997263,14.482567,0.006238812,0.0031624644,0.5700377,20.160004,-0.81182164,-11.9187155,1.3852085,31.151987,0.016167862,1.667703,0.16313274,9.123701,10.994983,413.67465,1093.083,-13.746336,1216.6432,868.5522,-13.156011,2350.3796,423.16687,-21.334352
0.5035499,-7.0635967,17.369389,0.0048264484,0.0018861644,0.41083756,20.542358,2.9732592,-2.7609224,6.2092896,31.22371,0.021017008,1.4463056,0.7440463,7.1246524,8.705584,336.7463,1337.7682,0.0,1178.765,889.9611,-15.175746,2338.7292,452.35977,-22.151087
0.37176415,-9.430589,19.819319,-0.007388698,0.006099688,0.20641927,20.104803,2.9505928,5.133555,13.15832,32.64792,0.025514513,1.4765047,-0.3828219,5.1053452,11.097575,327.58823,1359.9645,0.0,1201.524,853.95013,-12.47372,2354.0583,468.57788,-22.07074
0.28706336,-9.340627,21.842613,0.00035096394,0.004669284,0.12493911,18.78362,4.8787055,0.4678901,9.854267,33.530777,0.042392146,1.2082249,-0.84672356,3.4349358,15.64399,342.3606,1308.5646,-3.8487453,1227.7216,881.02423,-17.24336,2373.6282,534.2331,-23.339417
0.2413271,-6.92633,18.863913,-0.0019405343,0.0034196477,0.0934689,15.0053835,5.408619,-4.700954,5.4710655,34.239155,0.05496289,1.694333,0.46861836,2.7601604,23.634806,421.67422,1153.3828,-3.0130956,1253.2184,945.0261,-21.704666,2390.492,505.74826,-26.647902
0.33744392,-4.204184,14.296605,0.008672841,-0.0018303036,0.11161753,9.163888,6.6305046,-4.556523,-0.49318847,33.730846,0.06753363,2.180441,3.156151,1.7667993,28.40285,454.43408,1074.9117,-1.6186118,1349.3605,1009.50586,-27.241636,2347.3672,577.3266,-30.021461
0.5549769,-7.3855553,17.584229,0.020628355,-0.017056637,0.45177278,13.980766,12.357905,-3.785877,-9.943315,33.544704,0.06753363,2.180441,5.798828,2.0697253,30.308416,407.27023,1272.9896,-0.5553651,1278.9739,1070.9445,-20.45116,2395.8386,639.43335,-30.18635
0.84324574,-14.024093,24.152735,0.044888955,-0.029465042,0.90250397,24.257639,17.54465,-7.951395,-11.630504,33.39478,0.06753363,2.180441,7.8658576,2.387449,30.513962,377.91434,1346.4757,0.0,1250.6055,1047.7936,-14.18639,2355.7263,743.31525,-29.744818
1.0108914,-20.265242,29.998718,0.068532914,-0.040281568,1.0326519,35.633587,20.011648,-16.612709,-11.73174,33.290512,0.05290528,1.5451795,8.152738,3.054968,31.32543,333.86792,1532.0703,-1.2302327,1109.3462,1090.5127,-9.386264,2355.0764,732.1109,-31.653275
1.0322555,-22.268183,30.027964,0.08449019,-0.04045691,0.8073154,38.4354,18.273527,-18.948084,-7.6152596,32.985714,0.030476933,1.3082384,7.5077825,5.192739,31.579681,338.3889,1484.0737,-3.3193448,1113.2299,1057.9178,-17.146183,2271.696,656.7902,-34.89903
0.8773796,-21.969378,32.101894,0.09515516,-0.039689496,0.5879248,38.76398,18.052305,-17.18261,-6.2172036,32.636387,0.010867673,0.73990947,7.9931426,9.748523,30.522888,330.7539,1499.9834,-6.7932715,1106.1617,1055.9916,-26.284018,2248.918,664.0273,-37.31616
0.64173657,-23.415451,34.976364,0.10378013,-0.027903644,0.5997392,37.776855,21.370535,-8.54346,-1.3029181,32.39777,0.009611496,1.5397706,9.002678,15.242847,30.083166,543.3565,1357.734,-13.103068,1464.2086,892.87744,-34.930378,2665.7498,578.2295,-39.236603
0.45942697,-25.688278,35.993504,0.08046844,-0.022229964,0.49655178,38.044613,23.311691,-0.34759745,5.3903484,32.520847,0.016474344,1.2914208,8.668502,16.38897,27.809458,769.3706,1230.2859,-16.552935,1825.5348,717.5107,-34.889797,3101.1296,544.76276,-38.2076
0.3975991,-26.761889,33.402813,0.05808036,-0.01936993,0.2943611,36.08996,23.710684,7.048424,10.60975,32.711063,0.017562095,1.3411161,5.2015433,11.760441,25.40737,938.8013,1056.8191,-18.227983,2135.9612,537.75287,-32.919765,3495.841,714.6351,-37.18446
0.48405972,-26.420881,32.43523,0.02589718,-0.023496931,0.21964681,32.850544,25.347687,5.8521914,9.578932,28.439478,0.17536747,1.1567863,0.21480799,7.7132607,26.941704,925.6379,1008.0422,-9.445447,2134.7573,472.31396,-21.560076,3519.8137,742.2072,-26.957596
0.7500799,-20.956526,27.350927,0.023656512,-0.025399417,0.28634468,22.060404,28.49354,2.7712572,4.4600253,22.97122,0.33285382,1.6223469,-5.9039383,6.496563,30.768198,874.76337,930.1499,-1.9136175,2121.0596,401.55508,-13.8443575,3386.8809,654.1893,-20.079592
1.1567968,-17.13076,24.211744,0.014240605,-0.027161747,0.77790743,16.737967,27.469141,-3.3296041,2.512667,17.592176,0.49329624,2.1212504,-10.4815235,9.088363,33.024548,723.26855,1097.3756,-1.2575512,1857.6875,678.43427,-9.484373,2998.0273,492.45462,-17.492758
1.5578785,-15.657542,25.581873,0.018506126,-0.030215198,2.0590394,19.806189,23.212358,-3.8303702,3.6267655,16.588654,0.49329624,2.1212504,-9.544479,8.956782,29.865004,702.4634,1242.323,-9.136203,1733.3794,919.06836,-19.81671,2812.2168,591.0113,-24.727247
1.7153724,-17.44763,28.96878,-0.0008355255,-0.024172755,3.2649472,25.707214,16.392553,-0.22996807,9.790368,17.034828,0.49329624,2.1212504,-5.1410995,6.151381,26.845438,735.2495,1271.286,-16.996124,1729.3252,1026.1589,-29.768524,2844.3118,729.6711,-34.167652
1.7130646,-17.433538,31.858063,-0.022433652,-0.023040006,3.9393082,28.576324,12.102128,5.971548,7.721784,17.57244,0.35203028,1.4296643,-0.6269087,4.3637385,26.241236,732.59357,1299.3486,-22.55928,1676.8771,968.27155,-30.18812,2848.0813,672.4554,-38.228134
1.5205132,-17.740332,32.587482,-0.06872064,-0.015630707,3.2737758,27.687933,9.712936,10.217086,5.7437987,18.048876,0.2813973,1.0838712,0.34034953,2.5640244,26.16265,770.9038,1149.7195,-83.1334,1830.587,798.791,-85.52338,2942.6516,559.4248,-94.41569
1.3707367,-17.942133,35.231407,-0.08571897,-0.01624637,2.3520672,30.045721,7.545775,10.487217,1.2358129,0.0,0.0,0.0,0.0,0.0,0.0,520.6641,1375.819,-143.85625,1482.2103,901.5684,-140.03535,2602.9893,528.28644,-147.04463
1.2476171,-18.836798,36.004593,-0.096387856,-0.0107913865,1.9920381,31.769644,7.428532,12.124447,3.5249035,0.0,0.0,0.0,0.0,0.0,0.0,730.9318,1201.5244,-201.0,1838.3834,756.4234,-201.0,2963.045,465.44595,-201.0
1.2857925,-16.484026,32.53966,-0.096914284,-0.014035658,1.7031454,32.918682,4.769577,11.246448,-0.06870556,0.0,0.0,0.0,0.0,0.0,0.0,515.9188,1344.5374,-201.0,1444.807,850.5208,-201.0,2609.0244,461.08536,-201.0
1.2466769,-13.706613,28.11894,-0.10044751,-0.020200485,2.3591154,33.197033,3.9280872,7.7697663,-3.3324642,0.0,0.0,0.0,0.0,0.0,0.0,589.63715,1188.0145,-143.55377,1465.4249,859.61743,-141.06355,2607.9846,414.75806,-147.12431
1.021977,-14.985835,29.400688,-0.120668106,-0.01888609,1.9615402,32.393696,5.9310555,5.0134287,-1.8851525,13.194016,0.0,0.0,-3.0948627,-0.66542625,28.487959,554.6093,1127.9103,-85.43995,1452.7621,821.2005,-89.86504,2633.415,552.89307,-95.78663
0.74500394,-19.269447,33.91203,-0.12351686,-0.021100515,1.7462316,28.491898,16.048912,4.4679127,1.6148082,13.223943,0.0,0.0,-3.374445,-61.354904,-33.269638,754.47723,976.7093,-27.702005,1870.3857,757.5327,-37.362232,3032.364,627.13617,-43.191685
0.5214968,-25.407759,40.505093,-0.13578206,-0.016317118,0.96422666,26.870802,23.302778,7.0195727,7.4403663,13.251775,0.0,3.378405,-5.334516,-64.27032,-38.871395,915.564,916.5796,-25.60732,2205.1265,711.75464,-41.662975,3372.5137,687.15607,-42.11524
0.4063491,-26.522943,40.31451,-0.12772572,-0.021126261,0.9525083,22.6614,23.738594,8.090799,5.123849,13.255497,0.0,3.378405,-6.7910795,-96.135445,-73.9321,936.4537,1140.2028,-83.72114,2222.5403,1000.7126,-92.86148,3256.625,637.4665,-93.452934
0.30638406,-22.128672,36.319897,-0.11003989,-0.016563931,0.87043715,19.426697,13.34566,2.136199,3.9122677,0.0,0.0,0.0,0.0,0.0,0.0,820.9595,1264.161,-141.45909,1869.2145,1349.104,-145.36427,2910.3098,734.3147,-146.04787
0.23393482,-15.441237,29.455591,-0.085215926,-0.014167001,0.63977975,15.00399,4.7103763,-5.4417624,0.3492137,0.0,0.0,0.0,0.0,0.0,0.0,686.1265,1237.2379,-201.0,1609.4703,1422.7881,-201.0,2621.7307,743.15625,-201.0
0.201432,-8.725286,23.49616,-0.04068094,-0.013463713,0.22722363,15.7474375,1.0766255,-12.31409,-2.31821,0.0,0.0,0.0,0.0,0.0,0.0,477.33853,1368.5187,-201.0,1226.5958,1393.3433,-201.0,2345.8018,793.6213,-201.0
0.18302442,-5.938312,19.318203,-0.026796887,-0.014641598,0.086129904,16.061798,1.2669958,-14.030983,-3.326743,0.0,0.0,0.0,0.0,0.0,0.0,427.25034,1329.7313,-201.0,1205.7773,1224.7794,-201.0,2259.233,700.863,-201.0
0.18241775,-6.010839,17.200409,-0.027648516,-0.017794264,0.05261789,16.023329,4.2193856,-9.015929,-5.4634786,0.0,0.0,0.0,0.0,0.0,0.0,441.74747,1392.8168,-201.0,1187.344,1468.8451,-201.0,2191.7693,737.94904,-201.0
0.24547696,-4.1828566,13.164617,-0.049001604,-0.01091747,0.056401968,6.8180823,8.042722,-3.273426,-6.1906667,0.0,0.0,0.0,0.0,0.0,0.0,546.3916,1072.3264,-201.0,1329.8604,1446.3883,-201.0,2216.4846,504.6024,-201.0
0.48248816,-2.2771146,9.130244,-0.013123917,-0.0067846044,0.17842142,-0.857409,14.052528,7.5884337,-7.654087,0.0,0.0,0.0,0.0,0.0,0.0,857.8743,711.3357,-201.0,1678.2867,1154.6703,-201.0,2586.3467,546.5339,-201.0
0.5711179,-1.5710028,8.1584215,0.039452214,-0.0025742345,0.27839708,-2.0645552,14.562739,8.31496,-4.785629,0.0,0.0,0.0,0.0,0.0,0.0,773.5657,844.1296,-201.0,1702.9147,865.6889,-143.32045,2736.8757,579.3362,-140.05656
0.6399925,-4.871578,11.521295,0.07888311,-0.0043065385,0.31361654,2.661485,15.975598,11.981777,-2.002286,35.819313,0.0,3.8362021,0.8841852,17.33527,16.87065,604.65027,1034.2025,0.0,1682.3644,689.8942,-84.0465,2741.1243,702.1841,-76.012184
0.61225945,-9.695151,17.194868,0.07843388,-0.009225782,0.38713548,10.947197,14.757524,10.289582,1.7964745,35.523716,0.0,2.5726836,1.7901112,16.34218,15.50544,253.12366,1354.3229,0.0,1391.8473,742.3899,-24.886332,2440.1355,608.14386,-11.553066
0.9373948,-12.459263,19.370684,0.078666754,-0.01892422,0.91728616,15.598264,14.435889,13.72279,3.591283,34.99737,0.121058956,1.3091654,3.901188,14.782344,13.526982,283.78403,1149.8414,0.0,1415.7604,610.0793,-23.792921,2315.3257,548.8875,-8.400902
1.2437834,-11.919986,18.943472,0.09981224,-0.02296522,1.3813754,19.885544,7.783276,15.190736,7.596392,34.72405,0.08922815,0.767452,5.9393773,12.815247,13.224088,345.13217,989.1648,5.4844236,1425.2562,483.33847,-23.882772,2331.3965,597.3643,-7.663728
1.4574596,-9.536927,14.831563,0.104974866,-0.028234368,1.3891973,18.734179,4.3266263,18.85669,7.1376114,34.54523,0.060381845,1.0215844,7.1838894,12.264768,13.349593,353.16785,943.1568,0.0,1454.2021,390.73868,-23.859718,2340.414,639.9013,-7.2419586
1.4997268,-6.5935426,11.240079,0.10964825,-0.02702638,0.90552014,14.557694,2.6301825,23.17251,6.053249,34.369534,0.022206642,1.2909423,7.197052,12.504726,12.431289,342.43945,954.82965,6.678134,1467.5172,293.16513,-22.261389,2385.9504,646.62213,-5.9644394
1.5132413,-5.911471,9.655648,0.1125165,-0.031082297,0.5274537,11.000529,4.206139,25.511917,2.6808689,34.163464,0.0153149525,0.6414819,6.5216517,12.911496,11.832364,326.73007,965.93555,6.678134,1474.2513,221.1685,-19.618902,2407.0808,655.3733,-5.312203
1.5230595,-5.321102,9.406069,0.116111845,-0.030893147,0.500135,8.961945,5.708807,26.433863,1.9937407,33.988327,0.005646562,0.44290587,4.3167224,13.251838,10.9673815,312.53824,996.9538,0.0,1478.7256,176.66077,-14.721341,2431.3157,684.6126,-4.6606393
1.4931688,-3.9167109,8.149147,0.11880249,-0.027857885,0.52682596,6.734936,6.0231595,28.479446,0.36099163,33.926178,0.005434846,0.3294585,0.6945443,13.657033,11.085643,295.32993,1004.67474,0.0,1471.52,141.51587,-6.5817113,2439.365,671.96564,-4.6823516
1.532241,-3.2363598,7.7052636,0.10759277,-0.025072396,0.5553965,4.0732393,8.905599,28.049095,-0.23046613,33.60558,0.0059937504,0.32381454,-5.025551,12.569832,10.6412,280.81378,1012.32715,0.0,1474.6256,107.85728,-0.49373674,2450.2598,676.841,-4.2984195
1.9860502,-0.720244,6.563837,0.08968725,-0.0072505004,0.99318665,2.6162193,3.9999638,16.429922,-1.3907765,33.31274,0.00631485,0.5860613,-12.794667,11.372662,12.606766,495.714,968.639,0.0,1675.085,256.5715,0.80958253,2737.6848,594.49725,-6.209713
2.6398337,1.0884185,6.110748,0.065977246,0.0030084855,1.377371,2.2563448,-1.5072359,3.571975,-1.2828794,33.24315,0.0044333753,0.7212967,-13.543351,11.5994425,14.3797,703.6701,987.5454,-0.37575126,1865.298,438.82507,-2.6023943,3014.3108,532.15814,-7.714008
3.0004017,1.8948889,6.6945267,0.04925443,0.011423054,1.7786814,4.4570627,-5.8448005,-6.1867847,-3.8468678,34.101315,0.0023285672,0.9457423,-11.577266,13.688373,16.389801,941.6157,908.1668,5.2452393,2100.5618,589.28815,-2.8490248,3291.3594,476.39,-6.563439
2.9567344,1.3764652,8.178205,0.0642098,0.0058322907,1.688519,4.4500346,-7.0116296,-6.1202035,-5.213003,34.16886,0.0082260715,0.8004723,-5.7197213,16.020615,14.062438,934.38055,987.6058,6.6136613,2073.5283,683.5108,-1.6307985,3197.4592,579.4195,-3.3212738
2.8138943,0.79154474,9.621732,0.06660108,0.005691903,1.7585659,5.9256535,-8.188127,-8.511544,-6.480473,33.99235,0.016198365,0.68185925,-3.4316216,17.61035,11.411714,669.96954,1391.6943,8.788997,1705.0297,1007.0249,-1.6131965,2789.3367,727.38116,-0.30688882
2.6117816,-0.41065502,9.879903,0.07960541,0.0023316743,1.7773422,7.684082,-9.985408,-7.9918537,-5.491638,33.21536,0.02732467,0.49421367,0.14741118,19.88679,9.38969,667.12274,1435.2162,0.0,1666.7733,1040.8082,-2.6091378,2699.4626,856.1037,-0.6031863
2.237892,-2.310354,9.785605,0.05287305,0.00095575984,1.6545528,10.39801,-6.588201,0.46235085,-2.2685003,33.234142,0.03378515,0.6207266,4.268221,22.486582,11.08535,704.6971,1380.4302,-13.967411,1667.7294,957.3863,-4.188458,2716.056,912.2095,-2.418423
1.6967748,-4.45423,9.567388,0.05190325,0.0023464486,1.1767507,10.726311,-0.7145334,13.020616,3.7845752,33.248245,0.02641037,0.75477463,6.990496,24.740366,13.425906,1028.2787,935.13947,-15.244344,2026.5587,625.84235,-4.873401,3064.0771,915.96783,-4.676434
1.3963913,-5.790896,9.127735,0.0373352,0.003965302,0.7008837,11.132754,3.486603,21.535055,9.609141,33.250935,0.015534352,0.7639858,8.111855,26.05976,16.075663,1159.9884,1005.4346,-18.060228,2025.1743,723.6473,-8.401324,3116.949,962.7515,-7.568006
1.2363116,-7.352739,10.373014,0.061777364,0.0036979942,0.42521378,11.591737,6.0416837,22.554337,13.811378,33.21008,0.0017398847,0.91342926,7.5682607,26.444704,20.289698,1327.8705,920.8636,-21.220127,2130.68,948.0236,-10.620892,3185.1277,1104.2719,-13.161401
1.1006566,-10.199667,13.265681,0.07429624,0.0015679059,0.3853475,12.871555,9.389806,24.84764,16.983604,33.113228,0.002010753,0.8778569,5.5362935,25.031439,20.191006,1069.0896,1008.6795,-16.03408,1975.6459,928.7768,-18.465014,2933.2952,1090.2494,-16.808151
0.9568735,-12.041215,15.082505,0.07877032,0.0018277398,0.41599712,14.148254,11.425029,24.48834,18.265297,33.04281,0.0032361504,0.90690714,3.9431658,21.359709,20.115343,724.90894,1049.7012,-13.436259,1818.0846,861.0478,-27.226507,2679.1765,1057.1239,-22.787977
0.7345739,-15.531654,18.98661,0.040363375,-0.000622313,0.6246431,16.2955,16.383247,25.398554,19.71975,28.915194,0.17031229,1.8157673,2.0087078,19.247526,22.670115,575.8459,1310.3802,0.0,1760.1659,650.1254,-31.04724,2697.4963,1036.1188,-23.571068
0.53311396,-18.890127,24.920073,-0.0039474317,-0.010777275,0.60588056,20.78382,19.402885,22.256609,16.477276,24.889605,0.19355698,2.0314295,0.23322876,17.249924,26.85708,778.73566,1284.8174,-22.620758,1938.6547,675.5251,-28.476934,2978.2732,1025.1989,-25.026888
0.3883705,-22.125174,30.219957,-0.032797925,-0.014880235,0.5347149,22.94422,22.903412,24.864737,16.033361,20.85936,0.22137852,2.5135057,-4.859752,16.750872,28.689112,787.9778,1290.9751,-16.355959,1976.4484,772.22406,-25.353317,2906.3633,1157.7367,-23.542883
0.34372082,-20.538038,28.771677,-0.029223626,-0.02142107,0.3315332,23.114874,21.200113,25.40001,8.594034,20.916174,0.08036922,1.7114105,-7.2467613,15.252069,25.601376,553.69995,1206.7701,-75.53168,1827.2549,1091.2645,-84.33602,2487.9263,920.34406,-82.214485
0.31947586,-18.064577,24.405008,-0.03650978,-0.014155461,0.28645715,19.222153,19.147635,27.585556,7.3548903,0.0,0.0,0.0,0.0,0.0,0.0,372.29153,1264.8905,-135.27545,1698.5426,1304.4346,-143.49382,2134.9187,895.1297,-141.7154
0.30318293,-15.043141,20.619644,-0.047693193,-0.01676883,0.26310432,16.72579,15.918114,24.559969,2.4077857,0.0,0.0,0.0,0.0,0.0,0.0,560.3291,1227.2675,-201.0,1822.4186,1123.1716,-201.0,2405.469,745.4343,-201.0
0.33315995,-12.654178,18.064552,-0.06333042,-0.010783342,0.17382729,12.7571745,12.099265,25.050354,5.9598002,0.0,0.0,0.0,0.0,0.0,0.0,562.6204,1155.531,-201.0,1745.255,681.3681,-201.0,2528.9998,730.2537,-201.0
0.40575805,-8.094256,13.304695,-0.07197165,-0.008786564,0.16618718,7.4601293,8.193802,27.581415,10.433596,0.0,0.0,0.0,0.0,0.0,0.0,520.96155,1217.6287,-201.0,1622.8911,266.20236,-201.0,2640.865,711.85333,-201.0
0.52253366,-3.358366,7.9292526,-0.06516619,-0.0043889885,0.15663733,2.3229876,4.626428,27.166693,13.401615,0.0,0.0,0.0,0.0,0.0,0.0,400.95972,1117.8026,-201.0,1426.5394,274.80222,-201.0,2468.05,724.8072,-201.0
0.67395425,-2.240158,6.13561,-0.062326152,7.139519e-05,0.23063326,0.31379807,5.3559337,27.442703,17.370077,0.0,0.0,0.0,0.0,0.0,0.0,697.5703,920.55255,-201.0,1702.224,451.1722,-201.0,2763.3145,909.6748,-201.0
0.7730983,-1.0411084,5.600703,-0.043231275,0.00037954407,0.29419625,-0.7168899,6.0186,23.628593,15.332862,0.0,0.0,0.0,0.0,0.0,0.0,1020.21857,527.56757,-201.0,2038.2574,682.4207,-201.0,3068.3708,927.0052,-201.0
0.86489844,-1.7286282,7.76599,-0.03467359,0.0019496026,0.3591062,-1.8760103,8.683071,27.778376,17.209566,0.0,0.0,0.0,0.0,0.0,0.0,1232.6278,245.83064,-201.0,2294.7854,721.5451,-201.0,3345.339,821.15063,-201.0
0.9583047,-0.12074954,7.3195796,-0.017859943,-0.0005603729,0.3553194,-2.8384447,7.5891995,26.799444,15.185164,0.0,0.0,0.0,0.0,0.0,0.0,854.7839,661.99664,-201.0,1936.4293,557.04254,-201.0,3016.3484,625.3144,-201.0
1.0802482,0.058009744,8.024579,-0.01894991,-0.0032583273,0.36242953,-4.1262784,7.473189,27.861029,16.673534,0.0,0.0,0.0,0.0,0.0,0.0,802.99286,578.2104,-201.0,1922.6722,481.2789,-201.0,2992.3047,567.3215,-201.0
1.1466671,1.2708093,6.937967,-0.023263007,-0.0062434166,0.3970776,-4.412884,5.4600143,24.672998,16.50711,0.0,0.0,0.0,0.0,0.0,0.0,778.6177,635.97406,-201.0,1943.4847,476.4642,-201.0,3013.8186,670.89294,-201.0
1.1853513,3.1934822,5.033544,-0.026737183,-0.0056466158,0.42071787,-6.713331,4.434924,23.384552,15.163606,0.0,0.0,0.0,0.0,0.0,0.0,945.5069,574.49414,-201.0,1896.2281,533.7473,-201.0,2991.1875,667.2256,-201.0
1.2136785,4.3975544,3.0200102,-0.019552356,-0.0125752175,0.44545373,-6.3745213,3.0053003,18.611809,11.515392,0.0,0.0,0.0,0.0,0.0,0.0,694.6901,1052.2539,-201.0,1528.1205,492.40564,-201.0,2667.8733,622.54047,-201.0
1.245907,3.9724748,3.1083355,-0.023556123,-0.011843167,0.48241988,-6.9931183,4.3624783,19.137882,9.943493,0.0,0.0,0.0,0.0,0.0,0.0,472.36368,1426.644,-201.0,1184.4133,364.0333,-201.0,2316.4055,513.6442,-201.0
1.1883715,2.7932892,2.0061548,-0.028256482,-0.017992012,0.5009867,-5.9916077,6.4103317,20.43354,9.958444,0.0,0.0,0.0,0.0,0.0,0.0,383.57153,1356.007,-201.0,1254.4843,290.53525,-201.0,2335.2805,470.1968,-201.0
1.1050841,1.1177337,2.716587,-0.043080967,-0.009581528,0.46514454,-4.9014416,7.1747456,24.659386,14.40688,0.0,0.0,0.0,0.0,0.0,0.0,642.9954,993.9526,-201.0,1622.0875,337.36356,-201.0,2668.653,557.90106,-201.0
1.0182657,1.6810406,1.7205681,-0.04491602,-0.01047982,0.39049545,-4.660024,6.007872,23.261673,16.170273,0.0,0.0,0.0,0.0,0.0,0.0,604.11774,1197.2804,-201.0,1550.0255,399.23264,-201.0,2665.7852,477.68643,-201.0
1.0235826,0.70149374,4.0688376,-0.050646883,-0.0047569405,0.33249488,-6.0498714,9.353461,18.377172,18.360296,0.0,0.0,0.0,0.0,0.0,0.0,851.5398,889.5191,-201.0,1896.5211,367.84354,-201.0,3008.126,489.55954,-201.0
1.0321671,-3.2068064,7.9253235,-0.03997456,-0.007961932,0.5085631,-2.7174652,17.106256,11.627505,15.671684,0.0,0.0,0.0,0.0,0.0,0.0,537.25116,1273.9232,-201.0,1562.797,431.1035,-201.0,2719.5266,388.74088,-201.0
0.9859585,-7.4838424,11.870468,-0.040191814,-0.007875924,0.60841507,0.17961939,24.770533,5.9338627,13.731789,0.0,0.0,0.0,0.0,0.0,0.0,516.8808,1166.8801,-201.0,1657.5277,671.2746,-201.0,2715.7869,496.33472,-201.0
0.9683326,-10.140339,14.127732,-0.039236244,-0.008951089,0.7076439,4.6114364,25.731184,9.464383,9.597022,0.0,0.0,0.0,0.0,0.0,0.0,551.87476,1296.8042,-201.0,1635.3285,641.36847,-201.0,2733.8574,477.04822,-201.0
0.9671881,-9.212397,13.246844,-0.038868345,-0.009391586,0.54891276,5.0521665,21.925095,17.131388,5.596283,0.0,0.0,0.0,0.0,0.0,0.0,934.26434,1019.30444,-201.0,1976.1823,459.56055,-201.0,3063.8828,447.94962,-201.0
1.0746417,-7.745457,11.4601965,-0.039155323,-0.0063638077,0.5230083,5.671578,15.166781,21.478302,3.9386303,0.0,0.0,0.0,0.0,0.0,0.0,996.719,906.4211,-137.6827,1953.0962,355.8112,-138.04675,3084.719,333.3165,-139.7417
1.3042349,-6.8390136,11.554751,-0.0149173895,-0.006163355,0.77125484,8.470696,8.689406,17.10002,1.7976617,34.273056,0.0,0.0,-0.31133112,0.2984004,10.887766,718.37555,1037.1864,-72.48802,1611.7233,600.7068,-73.62652,2732.38,285.38034,-79.74653
1.5625415,-6.0475082,11.859408,-0.009400674,-0.0033774057,0.98468524,12.98006,3.973981,7.692662,-1.1058172,34.18177,0.0,0.0,0.5079835,2.0318615,12.504222,408.88705,1279.3431,-5.9696136,1220.9325,881.56396,-7.166443,2374.9207,301.93405,-18.473835
1.7410609,-6.310158,13.797115,0.00430022,-0.003647931,1.2341341,20.125708,1.105487,1.4306656,-4.326409,34.006958,0.0,2.9059236,1.7409453,4.8750644,16.307444,395.7709,1262.6293,-2.660423,1200.7717,948.78394,-3.199834,2374.2456,383.99112,-18.967867
1.6971512,-6.0253677,15.033265,-0.008974037,-0.0047291443,1.0965958,24.856726,-0.20652787,-4.1997466,-5.9396195,33.803806,0.045825392,2.5766935,2.2962854,6.368645,19.023314,400.70065,1284.4414,-1.5468415,1182.0917,1004.8023,-1.0697699,2371.4934,479.63077,-20.570156
1.5898517,-5.822696,16.984835,-0.014344049,-0.006786596,0.9158242,26.789213,0.767129,-7.679762,-4.6795707,33.49445,0.037991315,1.2110273,2.0663671,6.926501,19.05263,414.89526,1244.6376,-1.9167972,1196.1925,1000.18976,-0.45683464,2386.679,544.81525,-20.969427
1.5393177,-4.1453433,18.86367,-0.008300929,-0.01152623,0.8491631,26.406828,1.9130541,-12.556588,-7.318608,33.128338,0.030276148,1.0573035,1.1070226,6.671561,19.960047,406.47226,1254.1001,-3.2712305,1182.9542,976.8005,-1.1360828,2404.028,531.1401,-23.23128
1.4827067,-3.309601,19.996254,-0.018493878,-0.015096261,0.9783537,26.582552,3.057408,-13.209031,-9.903511,26.29902,0.013801302,0.78208876,-0.3783048,2.8791492,17.565317,405.15076,1211.4396,-2.935324,1176.2266,934.82184,-3.0827582,2400.6807,502.96506,-20.440405
1.3972968,-4.516957,19.700682,-0.026533328,-0.020210667,1.1354198,26.01422,4.4855423,-11.431449,-13.992541,19.653002,0.009540373,1.0925888,-1.1392432,-1.3756467,17.708946,406.92807,1194.4456,-1.6997046,1168.6211,953.95435,-6.0085025,2364.3948,485.53354,-19.739481
1.1705875,-8.6038265,17.289978,-0.051751044,-0.022881791,1.0814574,25.602499,7.6369643,-3.5182648,-11.868949,13.090699,0.009540373,1.0925888,-1.0137239,-5.777472,19.643093,581.58234,1118.3849,-1.7767005,1531.226,796.47656,-10.324782,2657.5798,754.74146,-20.283415
0.9967863,-12.599415,18.730474,-0.056174237,-0.019250164,0.91707975,25.497313,11.258987,4.021261,-5.859798,13.068729,0.23858786,0.90095425,0.18453081,-7.4179826,17.3076,738.97754,1048.0352,-2.8066616,1852.0192,693.8256,-12.140961,2853.9695,999.3946,-18.48162
0.87669915,-14.484744,18.97486,-0.048194844,-0.014324408,0.73471946,26.322174,13.295082,8.612235,2.713589,13.012486,0.3531116,0.7093198,0.49834064,-8.721712,14.21259,908.3515,983.8348,-4.3015637,2204.7734,584.15454,-12.45287,3031.7344,1249.3743,-16.22062
0.90198785,-13.240113,18.744785,-0.031386375,-0.009389929,0.57436407,26.55853,13.555507,10.051301,6.2353587,13.044507,0.0,0.9372713,-0.15763347,-8.998591,8.186664,923.73517,965.1529,-3.807969,2187.8596,622.2277,-10.147742,2925.2908,1114.3672,-9.949636
0.9419815,-12.306019,16.67432,-0.018168435,-0.007138057,0.51114064,26.903566,13.450927,9.804565,7.587438,13.189124,0.0064967163,1.3101954,-1.4971222,-8.109641,8.609207,951.13007,998.10956,-4.346914,2221.0547,620.35016,-8.818212,2978.4578,1150.2911,-8.818212
0.9782854,-11.6044855,15.534261,-0.020605667,-0.0068800002,0.6053866,26.330729,12.588918,10.5765295,10.039191,13.160194,0.0064967163,1.6831197,-2.5516121,-6.835499,10.169322,957.28156,989.6473,-5.9188247,2204.5352,570.7601,-8.192608,3105.6282,1474.9156,-8.192608
1.134612,-11.802402,17.024801,-0.014715101,-0.006219233,0.9154108,27.230568,11.253085,8.715264,8.810555,13.011163,0.0,1.365353,-2.7883136,-6.023487,12.774755,756.4202,1036.4469,-2.1669893,1870.8906,634.2344,-6.8722215,2880.2668,1298.6467,-9.439891
1.2834833,-10.039634,15.923469,-0.012035064,-0.006658656,1.1605967,26.026695,7.9782944,5.4970193,6.6461926,12.713142,0.037096106,1.0942483,-3.2174947,-5.6932144,15.132314,558.58185,1047.6086,0.6928217,1542.4865,674.309,-8.023694,2630.7153,990.8171,-11.655915
1.3863653,-10.215513,17.505838,0.0050165043,-0.0119831255,1.2284125,25.17485,8.469906,-0.06651799,3.7437127,12.831073,0.0,0.7916417,-4.585945,-5.4310203,17.654772,376.96704,1081.4396,-0.13329506,1257.7736,772.8052,-12.387737,2355.4333,429.52893,-14.966949
1.2919894,-12.021568,19.400972,0.007188954,-0.019085618,1.0115467,21.89366,13.496693,0.29725122,5.146695,12.877175,0.054347493,0.76013994,-6.1412864,-4.4339175,19.90454,390.58383,1037.3922,-8.735833,1306.9238,766.4751,-19.640974,2411.587,420.1064,-18.31602
1.1387924,-13.704075,20.412796,-0.012414156,-0.01912956,0.87822646,13.569241,25.462133,4.6577888,7.1832314,13.035464,0.054347496,0.7286382,-7.296396,-2.041135,20.218401,638.2474,1018.50214,-18.545647,1641.766,585.37646,-24.556643,2691.7432,513.45807,-18.987808
1.0674515,-10.185262,15.021873,-0.04349083,-0.013926908,0.8220196,1.8065275,35.257156,10.2133875,6.5378895,12.945946,0.054347496,0.7286382,-7.0869184,1.0710473,17.748514,1033.679,962.061,-23.706186,1899.48,381.41977,-25.884455,3003.4746,621.52386,-16.290201
1.0341812,-6.0126457,9.286311,-0.06949029,-0.008770823,0.7218234,-8.034869,42.517284,14.956673,8.939317,12.938994,0.054347496,0.7286382,-7.6255326,3.5889823,13.600169,1445.6305,661.71295,-25.351206,2229.3555,284.40927,-24.978083,3296.8914,782.34845,-11.573696
1.04077,-3.1530533,6.0142646,-0.08072749,-0.010662752,0.5213515,-12.476078,43.731945,17.61743,11.759107,12.890492,0.054347496,0.7286382,-8.391602,4.8527856,10.76339,1581.8125,478.27725,-23.347855,2233.0317,402.41336,-23.099882,3326.2048,895.36786,-8.689939
1.0059088,-2.388252,5.4399266,-0.07836128,-0.010851453,0.4560196,-12.420509,42.63368,20.219286,11.574521,14.079801,0.054347496,0.7286382,-8.542438,3.0293655,12.985127,1615.1284,270.37222,-19.661068,2181.8933,582.9152,-19.851597,3305.1497,797.25665,-9.386021
1.0524157,-1.4442463,5.0034127,-0.075850785,-0.00978371,0.47317705,-12.859942,41.086636,20.60467,8.697333,15.314176,0.054347496,0.7286382,-8.053994,2.0672338,18.609354,1628.3522,339.3173,-15.01459,2053.646,605.8891,-15.215165,3318.7715,763.5987,-10.276535
1.2219671,-1.5278586,3.3750184,-0.030821638,-0.012516834,0.67025167,-10.075481,38.695698,19.30676,5.110789,16.475767,0.054347496,0.7286382,-7.963904,2.0784686,26.742418,1223.1697,523.81024,-5.822502,1815.107,442.84964,-10.510061,3066.3484,498.59753,-12.729173
1.4940238,-4.967438,7.20022,-0.004990903,-0.016495578,0.9010973,-3.8356886,36.628147,12.203732,2.9733603,16.383034,0.054347496,0.7286382,-9.805987,3.6316676,30.876526,785.64874,788.71405,-67.83989,1631.8975,450.51553,-72.52744,2863.8943,414.82483,-75.880615
1.7757546,-11.238513,16.606176,0.0135935,-0.023173854,2.293895,10.040584,30.88709,2.8623483,4.4684215,16.355427,0.054347496,0.7286382,-9.345616,0.0,0.0,279.4788,1371.4254,-65.511604,1349.2147,771.9265,-81.10633,2411.083,566.0726,-86.658104
1.7010317,-18.772404,26.307877,-0.015176043,-0.023577636,3.2997372,17.742193,34.154102,-1.7732401,7.924093,16.432734,0.054347496,0.7286382,-6.4032903,9.518166,41.394196,282.24326,1553.1494,-74.34844,1259.028,1189.4011,-92.47288,2449.2585,822.55005,-97.5502
1.5238485,-22.338713,30.292322,-0.05447413,-0.02690878,3.9971974,19.186008,37.955914,2.265149,11.33665,16.56409,0.16533381,0.4887201,-2.373771,9.920772,40.98973,273.7206,1625.1703,-17.401726,1273.0641,1330.4164,-37.705353,2456.2747,748.2798,-46.017193
1.1888827,-25.091599,29.995844,-0.07937911,-0.028144108,2.9036026,15.083801,47.223164,7.300799,12.014828,16.362324,0.16802858,0.24880207,-1.9020077,9.215809,39.644238,298.48337,1551.5536,-20.027853,1298.4951,1396.7059,-36.091785,2566.3298,693.138,-45.120617
1.0632035,-26.720205,33.277714,-0.096123435,-0.03004138,1.9156908,17.117174,44.881817,9.044743,12.261597,16.094576,0.17072336,0.008884001,-6.606195,6.825628,35.598167,308.59927,1468.4829,-17.391397,1299.4415,1310.4894,-29.120981,2491.5642,612.56305,-39.36343
1.0406271,-28.420776,37.808784,-0.074350856,-0.027934497,1.4554421,24.404665,38.63998,7.753651,11.876499,14.736802,0.062431812,0.008884001,-10.953372,3.48194,29.677986,322.88406,1448.0287,-10.30283,1256.6486,1244.4396,-21.206892,2395.5007,893.63354,-31.749949
1.1985824,-25.124842,37.280025,-0.07101682,-0.022784876,1.6368407,29.322388,26.866262,4.948225,9.617917,14.109486,0.062431812,0.008884001,-15.364207,0.4697299,22.166986,380.65588,1196.9589,-9.710729,1281.8428,961.51483,-13.105737,2400.5266,723.5263,-24.251917
1.3741368,-19.0816,32.106415,-0.062523395,-0.017968277,2.0801442,31.02204,15.969101,-0.83602554,8.846103,13.465175,0.062431812,0.008884001,-14.348998,-1.5320826,15.268935,405.16898,1149.0358,-5.8705535,1288.6132,928.26276,-7.760424,2372.2874,721.2802,-18.10125
1.5372959,-13.277377,26.243858,-0.07141056,-0.012811202,1.825183,27.285088,7.4673023,-4.628457,6.941284,13.84925,0.062431812,0.008884001,-11.728439,-1.8969154,11.004613,425.1505,1086.6387,-4.021217,1277.8307,884.25824,-6.575498,2358.1023,596.3486,-15.040196
1.6083932,-8.623862,20.666628,-0.06530954,-0.0073262844,1.634025,23.074821,0.69234896,-6.911776,3.066289,13.748588,0.062431812,0.008884001,-7.530279,-0.94153565,10.037934,436.49524,1054.2191,-2.0911248,1271.6215,874.8122,-8.772046,2340.1826,560.53986,-13.807744
1.6509053,-6.6424346,17.252115,-0.055637777,-0.0043344204,1.1785179,18.811201,-2.2639132,-2.934124,-3.6154659,13.832512,0.10333089,0.7686842,-4.7768574,-0.13391256,10.958366,468.30533,1036.2247,-2.4783826,1264.764,984.4123,-8.228045,2317.3464,526.62115,-13.999695
1.6657845,-6.275593,14.806793,-0.052613962,-0.0041040215,1.1539502,18.01702,-3.3090591,-0.52621347,-5.1242137,13.926857,0.12378044,1.5284845,-3.8498163,-0.13949871,12.445717,467.3575,1023.0659,-1.4644289,1268.7687,994.3191,-5.8450623,2290.3118,518.86005,-14.0827055
1.6856632,-5.8067565,13.356933,-0.0382081,-0.004634331,1.092697,17.902792,-4.443802,0.08152167,-4.473843,14.051665,0.0,2.2882848,-3.2616155,-0.09550413,12.988442,464.17227,1029.2994,-0.46533266,1277.9976,1002.78204,-3.2927234,2275.126,554.0735,-13.831765
1.7372503,-5.4429107,12.336151,-0.034998313,-0.0054957345,1.0212119,18.478498,-2.9029884,-1.9290215,-2.7184067,14.038661,0.0,1.9678808,-2.7902222,0.5484088,13.042928,436.22656,1018.883,0.11509975,1271.8153,879.8093,-4.616081,2278.5896,543.7789,-13.850834
1.7698746,-4.8716,11.86004,-0.03626617,-0.003967944,0.9300041,18.068132,-2.1523614,-3.1550446,-2.0945623,14.04937,0.016164687,1.647477,-2.3232806,1.5269057,13.371422,427.52002,1015.9382,0.30834436,1270.2977,835.31445,-6.9381843,2276.9185,546.0192,-14.51135
1.7241154,-5.9541645,12.588618,-0.050433327,-0.0073506995,0.83437586,18.690582,-0.66931826,-1.87291,-2.8207874,14.03862,0.0,1.5986458,-1.3442831,1.9915652,15.523965,415.56543,1030.4027,-2.8448913,1268.2441,815.2705,-10.3361845,2269.6091,527.38904,-16.933825
1.5777985,-7.7702527,14.37854,-0.04354221,-0.009028836,0.888653,21.547935,0.8123304,1.2661127,-1.8091055,13.973305,0.011818786,1.8702184,-0.9211681,1.3839936,17.734484,400.46988,1047.3236,-4.6114902,1270.0936,797.0137,-13.028111,2264.755,516.22437,-19.001417
1.2289463,-11.992252,18.342827,-0.033929292,-0.012519337,0.91843957,24.654594,6.06736,8.09492,-1.8126224,13.782313,0.0,2.0761516,-1.1755143,-0.3056415,18.624228,392.67984,1058.1702,-5.2426267,1301.9552,829.8997,-13.552411,2307.67,553.6017,-19.26988
0.96439046,-16.13038,22.30908,-0.029594546,-0.0148186395,0.8008689,27.92811,10.947825,15.35387,3.5235097,13.548794,0.00867166,2.0405722,-1.8512398,-1.9909493,17.403631,395.75,1098.7496,-2.0648432,1343.526,899.6672,-11.331757,2335.951,675.9948,-17.25436
0.92764497,-16.987352,22.143492,-0.03441094,-0.0137273995,0.87646407,29.88965,8.994316,21.281305,8.057686,13.17146,0.00867166,2.0049927,-2.5786202,-2.8314018,17.52582,660.0141,1156.0499,-3.8853915,1642.0582,937.7891,-10.215526,2741.1584,750.6772,-16.609415
1.1129808,-13.219378,18.601637,-0.025761774,-0.012186647,1.0242491,29.617289,1.9942989,19.55726,9.946721,13.352963,0.0,2.2128575,-3.1995575,-2.5276518,15.636044,599.5207,1328.9823,-4.5191536,1593.8828,943.263,-10.880032,2680.3704,771.19293,-14.150024
1.3392429,-11.340808,16.170774,-0.018753221,-0.0144269345,1.3929095,29.911192,-0.44879994,18.1641,9.345394,13.594392,0.039852172,2.390662,-3.5111856,-1.7296807,14.745366,595.4067,1274.0287,-4.1663766,1569.9362,850.9207,-11.732441,2650.3955,668.8633,-12.752391
1.4316765,-10.810107,15.70757,-0.008495671,-0.020799613,1.4554785,28.62751,-0.42817244,12.867366,4.0003104,13.450645,0.0,1.7354735,-3.4706786,-1.0018897,12.778104,330.76425,1196.7026,-0.6122549,1300.4495,797.18536,-12.709393,2250.7854,618.7115,-10.442522
1.4394263,-13.368881,16.896196,-0.015463968,-0.026507154,1.3164452,30.309471,2.829509,11.45314,4.716335,13.419106,0.07169277,1.1822464,-3.0753326,-0.61008215,13.508522,393.8627,1015.4417,-3.3287132,1353.1066,775.5632,-14.432092,2265.4773,594.2519,-10.995755
1.3892708,-14.206215,17.294024,-0.0056561492,-0.030578503,1.1075473,30.590904,3.151864,6.068064,7.1411977,13.394809,0.07169277,0.62901944,-2.995674,-0.522387,15.386371,399.2964,1033.2074,-7.6401978,1383.5155,819.46484,-17.048182,2280.0137,639.08563,-12.995854
1.2975055,-15.417861,17.414156,0.0013544252,-0.033208955,1.0252056,31.120565,6.4620996,7.6421895,13.288554,13.950103,0.0,1.0798907,-2.4164762,0.010640621,19.0454,400.92993,1009.6504,-10.223406,1402.8604,803.8943,-20.804514,2271.3774,638.4577,-17.240341
1.1177856,-18.187225,20.978422,-0.0059109763,-0.030111285,1.0824674,30.648483,12.6620245,11.508816,16.575014,14.007792,0.010883863,1.2509958,-1.5791245,4.623696,25.287615,399.18814,1033.0219,-9.9642,1388.8729,885.1379,-23.899553,2236.4456,647.1281,-23.953394
0.9250094,-20.38294,24.620361,-0.015969427,-0.027227888,1.0915343,28.640863,19.722467,13.689354,11.721657,14.047105,0.0,2.0206048,-0.4006503,9.013656,30.23187,401.47464,1036.3773,-13.002469,1372.4014,969.04395,-27.276072,2218.2483,638.0034,-28.841116
0.77064484,-22.25904,28.470991,-0.035490617,-0.02511402,0.9320763,26.70816,25.438192,12.618039,5.3001704,14.081569,0.004390143,1.5773664,0.64737576,12.00369,33.73274,407.51822,1091.82,-10.2467985,1358.5016,1113.39,-29.53586,2262.084,699.39435,-31.882242
0.7312889,-23.010262,30.282537,-0.032556683,-0.027366994,0.79040176,24.412268,29.304413,13.412758,2.3929155,14.072128,0.004390143,1.1341277,1.24897,9.98136,34.173717,419.47244,1114.534,-6.291027,1396.9452,1321.0669,-30.743858,2290.9382,739.249,-32.11298
0.69510144,-23.435434,30.170156,-0.03869349,-0.026905334,0.67031854,23.334383,31.459959,16.545563,1.5647589,14.07101,0.0,0.20080785,0.8428297,7.720674,33.03221,433.11987,1132.5898,0.85319597,1488.476,1557.0303,-30.60156,2317.015,916.608,-31.203371
0.66001076,-24.799149,31.105982,-0.046924252,-0.031188726,0.5553892,23.290075,34.46884,19.561514,1.5378995,14.070737,0.0018979728,1.3215375,-0.14092575,6.0504494,30.208895,465.03687,1176.6881,0.55538815,1396.2411,2347.285,-28.648355,2236.7397,866.63153,-28.652496
0.8161618,-20.564852,25.664572,-0.05119698,-0.03227164,0.5049725,17.89968,37.061413,17.786325,-5.417032,14.06914,0.0018979728,2.4422672,-1.0307388,5.3163347,28.03803,462.16956,1120.4154,0.41297755,1550.9707,2381.1587,-27.54818,2307.7595,607.7498,-26.434832
1.032589,-15.625653,18.572226,-0.030276647,-0.036962863,0.6347038,11.147597,37.28198,11.984401,-9.124778,14.02567,0.0,2.4103527,-1.0112725,5.1361794,26.645971,452.65552,1061.9723,0.6019322,1606.7173,2026.6461,-27.606659,2417.8953,440.0526,-24.841835
1.2212305,-11.815482,13.839901,-0.016131854,-0.034052085,0.9089413,5.8068237,39.07056,8.542793,-11.082722,14.004669,0.007946362,1.3661317,-0.48469618,5.1964746,27.787445,416.69925,1044.184,-1.3376936,1693.589,1301.2842,-28.982485,2531.5173,242.50829,-25.943031
1.1930342,-13.402026,14.9211035,-0.0044148937,-0.034996573,1.0199825,7.3192515,38.485134,2.8388004,-9.158133,14.008026,0.0,0.5091249,0.24715547,5.21493,27.904661,411.99844,1034.1229,-1.5095059,1520.0088,1037.0199,-30.80539,2562.1797,317.93408,-26.259222
1.0776254,-17.064465,20.530005,-0.015831294,-0.041736607,0.87642527,11.742745,39.174038,4.951092,-8.234142,14.026772,0.01635449,0.95869446,0.45112467,5.0869465,27.9527,436.72427,1119.6715,-1.8312407,1356.036,1667.6976,-29.903961,2418.0789,292.91812,-26.379965
0.97333246,-19.753044,24.59716,-0.019503936,-0.048097145,0.8125067,16.279562,35.884598,8.081303,-6.5126166,14.016042,0.01635449,1.4082642,-0.5217853,5.0403748,25.690374,542.6784,1144.7299,-1.4348034,1585.6807,1433.8317,-26.091211,2615.7327,502.98267,-23.811012
0.938883,-19.952158,25.807878,-0.003909552,-0.05230515,0.8305432,19.381285,30.055153,11.615972,-7.516065,14.020874,0.0,1.7232084,-2.4849207,4.6077666,20.754587,548.62006,1181.2067,0.31374502,1662.0092,1516.1313,-18.658497,2526.8584,821.09357,-18.447527
0.9984167,-18.86835,24.04391,-0.013345414,-0.04635808,0.87319535,19.70295,26.817278,15.661347,-6.8832245,14.843026,0.0068798023,1.7757975,-3.8585856,2.5233977,14.568444,528.04987,1141.5161,3.43237,1744.5519,1120.3817,-12.930242,2557.8025,792.9561,-12.154289
1.1630664,-16.05333,21.436457,-0.010275851,-0.037689973,1.0278982,18.674578,21.429459,12.977421,-7.475619,14.861947,0.0068798023,1.8283867,-4.4762454,-0.23217995,8.902987,417.02945,1047.3461,8.274259,1546.2026,1115.4047,-9.967565,2373.16,775.5474,-6.8624225
1.432551,-13.909375,18.227861,-0.004338099,-0.033332005,1.553811,19.19635,14.023246,14.212939,-4.647577,14.798312,0.0068798023,1.8283867,-4.5038605,0.29577336,4.688099,392.74487,996.3069,8.889507,1478.6195,852.4424,-11.530522,2368.7686,581.64056,-3.2743263
1.6835527,-11.20571,15.606647,0.027261624,-0.03078179,1.9294378,20.850885,6.7126217,17.835894,0.4585069,13.954347,0.0068798023,1.8283867,-5.2351756,2.1496112,2.406416,372.02966,934.1779,7.3146706,1443.8903,502.42227,-14.272586,2371.0715,610.13873,-1.5306815
1.8781258,-8.568716,12.404506,0.040894758,-0.0384506,1.9283904,20.473932,3.0837498,23.55429,1.3455237,13.920795,0.0068798023,1.8283867,-5.5559096,3.2325532,1.1336502,367.46622,867.9244,5.1386437,1444.5195,363.39914,-16.791252,2315.7659,566.67645,-0.6315462
1.9721407,-5.1710286,8.1822195,0.023160227,-0.0390014,1.5367942,16.981686,2.8854163,28.079279,2.2809734,13.914472,0.0068798023,1.8283867,-5.3065405,1.6413323,1.6018311,374.41748,840.5673,3.4272766,1447.4054,299.40747,-18.298052,2339.7185,546.19696,-1.3469847
2.003442,-3.829197,5.6835074,-0.0032450398,-0.041152343,1.2571781,14.687234,2.3293393,30.424643,0.22868131,13.884252,0.0068798023,1.8283867,-4.6057777,1.6428148,1.6847261,376.7429,839.7004,2.0087075,1447.2484,265.32394,-19.445135,2352.5532,538.3177,-1.4853731
2.0213456,-3.0153744,3.2658684,0.026447134,-0.03981742,1.3071922,12.705266,1.8474935,30.167048,-2.201429,13.855197,0.0068798023,1.8283867,-4.282183,4.581863,1.1995109,376.80893,857.78906,-0.25232992,1457.6392,267.93448,-20.018911,2370.7527,586.9848,-0.8014576
1.9649901,-3.3236237,3.0129764,0.02386388,-0.043892443,1.1982142,12.53326,3.3817732,32.941708,-3.4992177,13.925668,0.0068798023,1.8283867,-4.8605905,6.1432633,0.7982103,382.45364,830.2781,-0.43627062,1477.806,219.82088,-17.18643,2391.3965,596.4538,-0.17624934
1.9439718,-3.07351,2.888769,0.023314103,-0.045566488,1.1568071,10.994037,5.078124,31.153131,-3.4456837,14.009364,0.0068798023,1.8283867,-5.892133,5.149883,1.1056606,391.33618,777.2447,-0.23690581,1495.185,189.68108,-13.9456,2410.4368,609.3829,-0.53766567
1.9310244,-2.7296345,3.1474724,-0.011522151,-0.049347788,0.99029607,9.849762,6.992518,31.697195,-2.0211427,14.273881,0.030799262,1.2225747,-6.1114464,2.0918918,2.0165665,397.94644,763.1108,0.7050824,1497.0538,190.1219,-11.844853,2411.619,601.88336,-1.6389513
1.9761804,-3.1160343,4.138707,-0.008483133,-0.050043743,1.0422262,9.390029,9.13956,32.0574,0.15025043,14.368907,0.05471872,0.61676276,-5.136242,-0.21147251,2.9845707,394.37576,791.1858,0.4985881,1499.8617,220.04839,-13.029575,2414.8513,627.19635,-2.7187824
1.9695197,-2.3657043,3.7948725,0.0015043545,-0.048670795,1.0704763,8.430213,9.255087,31.086617,-0.16917665,14.427711,0.07863818,0.010950747,-3.40678,-1.4488474,3.7846572,388.4506,809.5345,1.8620825,1495.1666,200.64302,-15.026402,2411.2976,620.93866,-3.43877
1.9055802,-3.1329234,4.6596384,-0.010149994,-0.04362361,1.1052071,9.043712,10.8769455,32.179867,2.5827005,14.262666,0.060106475,0.075160034,-2.4237583,-2.0486205,3.9343636,386.17273,803.30273,4.813069,1499.1356,154.8252,-16.112337,2407.2546,608.5399,-3.3895752
1.8802506,-3.6928523,5.9799504,-0.013588797,-0.0423976,1.0849547,9.314335,11.5264635,31.91627,1.5758133,14.159057,0.050840624,0.13936932,-2.1479905,-1.9149503,4.7922087,380.9663,781.6237,7.253178,1502.0546,87.18283,-17.356903,2407.2441,562.1924,-3.890813
1.8808212,-5.6966,8.525402,-0.004197687,-0.043425057,1.1112953,10.348123,13.675021,32.225414,1.013343,14.0732,0.0,0.5767711,-1.8656454,-1.3922533,6.9589934,370.39502,799.5401,6.9739537,1505.4008,82.79676,-19.84201,2418.2224,520.20776,-5.662827
1.8567384,-7.3781495,9.681194,0.01174328,-0.047656264,1.0781393,12.0379715,15.213702,32.56557,3.4288795,14.016459,0.022509638,1.2437844,-1.1646973,-1.346767,11.371633,362.29257,849.6011,3.8487332,1503.5221,160.38094,-24.004622,2437.6755,500.6144,-9.860826
1.5815854,-10.13416,11.450664,0.009116408,-0.05168526,1.1781996,14.642554,18.32141,29.061104,4.5284367,13.988416,0.022509638,1.9107977,-0.49373296,-1.941208,19.118828,377.51523,930.5059,-0.13445497,1522.7377,366.2242,-28.291517,2461.1145,539.66504,-17.731836
1.2103715,-16.27304,18.642523,-0.008308353,-0.059486434,1.1940203,20.204573,24.76384,25.855478,4.168527,13.975456,0.0,2.288123,-0.19961114,-2.0672941,26.722788,512.05865,996.39496,-3.6210725,1682.915,548.1388,-31.003962,2609.1655,616.26,-25.641775
0.87019104,-23.582972,26.62037,-0.023676798,-0.06490528,1.1397762,27.857367,29.771746,22.534378,-0.63100696,13.995982,0.006288211,1.9221717,-0.84262866,0.37413517,31.605215,660.1366,1035.6256,-5.140447,1884.7057,637.37274,-31.346426,2945.502,788.50903,-30.460833
0.67194,-28.125397,32.79997,-0.009952791,-0.064442165,1.15842,34.013935,30.213404,19.507544,-5.954197,13.996984,0.006288211,1.5562205,-1.6188871,3.5383956,29.778482,786.0744,1019.0125,-5.6992784,2041.8027,656.01855,-29.375359,3062.2273,961.2995,-28.44845
0.64502114,-28.424723,33.033813,-0.0124466745,-0.06265513,1.134361,35.245197,31.57399,22.503904,-13.611583,13.938048,0.0,0.9327092,-3.1426876,4.490482,23.413263,794.97266,1005.5423,-4.9167466,2174.3347,602.482,-24.165903,3188.1582,792.4588,-22.071882
0.70506877,-24.923355,30.307802,-0.007827625,-0.056661423,0.972923,30.30779,31.584173,21.774042,-19.074894,13.89333,0.016041357,0.8456813,-3.7443507,4.0886617,19.138515,726.4926,1125.2501,-70.02206,1704.3907,1240.7744,-81.17059,2794.1892,566.2558,-78.96291
0.8832724,-19.37036,23.860825,-0.015291196,-0.05211882,0.80396533,19.342604,37.66841,18.73197,-19.774885,0.0,0.0,0.0,0.0,0.0,0.0,612.07935,1211.153,-135.19336,1446.305,1609.5903,-139.61107,2674.9136,228.23132,-138.44395
1.3304291,-11.884048,16.60721,-0.015433617,-0.028185604,0.86784774,10.826423,30.557472,8.211708,-10.24775,0.0,0.0,0.0,0.0,0.0,0.0,691.69385,1174.6097,-201.0,1481.4131,1593.6632,-201.0,2689.7598,370.40543,-201.0
2.2158625,-3.930899,10.076728,-0.0015058083,-0.011012656,1.548083,3.667415,17.821142,-4.4101667,-6.1746354,0.0,0.0,0.0,0.0,0.0,0.0,846.5236,1103.0078,-201.0,1979.2064,1055.7944,-201.0,3017.2676,348.36026,-201.0
2.8986843,0.6357482,7.375644,0.0045777,-3.4573488e-05,1.9415873,1.7926521,3.2544591,-10.319961,-1.5532979,0.0,0.0,0.0,0.0,0.0,0.0,864.44305,970.39984,-201.0,2088.7256,780.7608,-201.0,3011.5183,823.6057,-201.0
3.223298,2.6916482,8.7218685,0.013425139,-0.0022171785,2.193964,1.8917093,-3.0521357,-14.207215,-2.282267,0.0,0.0,0.0,0.0,0.0,0.0,708.9639,1005.2202,-201.0,1799.0801,2190.1057,-201.0,2514.4128,952.04816,-201.0
2.712632,2.0371733,10.172349,0.0060223863,-0.0031843067,2.0618703,2.3628638,-0.5644588,-11.444409,-0.6815212,0.0,0.0,0.0,0.0,0.0,0.0,528.7204,880.2925,-134.33247,1587.5819,2251.2751,-138.64383,2256.7585,1250.6597,-140.80264
2.1312582,-1.7313604,13.585042,0.0012896279,-0.0025902234,1.7355253,6.224233,4.451905,-6.6412034,1.033912,33.28807,0.0,0.0,-0.2346195,3.7593818,25.823933,482.13425,999.1536,-65.971825,1519.2594,2175.3296,-72.7157,2244.135,945.71063,-81.45188
1.6106504,-7.1773896,15.597701,0.009402424,-0.008139019,1.545589,12.117002,10.205946,-0.65588975,0.9406511,33.192966,0.0,0.0,-0.19944252,2.6030493,26.800375,381.2529,1158.7806,1.542263,1369.0293,931.58203,-6.313378,2410.4158,761.1555,-22.567581
1.4810529,-10.258492,19.01443,0.008562897,-0.01504946,1.4082335,19.559862,12.392686,-1.6554037,-2.2702634,32.957035,0.0,0.0,-0.6151027,0.6764467,27.83776,302.50186,1386.3408,0.0,1227.952,916.0415,-2.9427745,2354.459,576.8127,-23.785418
1.4927849,-10.279593,22.55509,-0.00046346398,-0.023179576,1.4128879,25.29525,12.709068,-6.55933,-7.294212,30.64194,0.0,2.1403544,-3.1383886,1.9816738,24.944817,300.63025,1406.9604,0.0,1149.5725,955.88995,-4.7783074,2334.0425,526.66907,-21.536856
1.3715204,-10.65743,24.274216,-0.005515208,-0.0299837,1.2482003,27.076317,14.424126,-12.74041,-10.852204,28.048662,0.0,2.1403544,-5.56677,1.8062853,21.731842,337.5198,1380.3085,-0.81184983,1141.3529,993.33563,-6.603039,2342.9617,591.2911,-19.05311
1.1744508,-13.199258,23.156912,-0.011215371,-0.0341005,0.9517099,28.078192,16.754702,-12.117526,-8.009877,27.877417,0.0,2.1357129,-5.0057716,3.1265688,18.649187,362.09827,1412.8776,-0.5334862,1117.2676,1073.2047,-8.238458,2298.8662,569.71313,-17.18569
1.0530139,-14.542628,19.735453,-0.013870797,-0.035305437,0.7327638,27.377802,15.604985,-6.7852654,-7.0137916,29.824236,0.061984196,2.1310716,-2.3861287,2.346762,18.755045,532.06537,1433.3627,0.030596256,1450.982,970.53546,-12.805087,2585.2607,756.29083,-18.049894
1.1225512,-13.770053,16.896822,-0.018707063,-0.033627983,0.6908888,26.841545,12.338246,-0.7221063,-8.240922,32.05348,0.05450542,1.8329906,0.17919356,3.7831385,18.829641,706.2959,1395.1342,-3.0503082,1821.2394,824.2264,-17.23874,2878.3008,1096.7877,-19.274
1.2648295,-12.810432,16.074055,-0.0077177663,-0.036653433,0.72185117,26.652803,10.825363,3.6832922,-11.866506,31.909842,0.03776444,1.7836088,-0.040614706,4.3312993,18.392681,710.7343,1334.6188,-3.8500907,1848.913,799.52325,-16.78322,2917.0735,1053.5992,-19.63682
1.4183716,-11.573044,16.663563,-0.004822586,-0.03467455,0.7896643,25.995768,10.408291,1.5999885,-14.818496,27.69329,0.1875338,1.2493533,-1.5010834,3.2445824,17.014706,741.53094,1277.6049,-4.9768715,1894.6836,824.07355,-12.768242,2893.1418,1016.82666,-16.831001
1.4984418,-9.992115,16.931313,-0.017662855,-0.030940378,0.76922387,24.483358,9.609009,1.5437659,-14.831477,23.387291,0.17906225,0.946923,-2.6907082,1.7559028,14.214845,529.8823,1450.0267,-1.3509256,1488.4224,989.51904,-8.349433,2595.7695,611.21234,-12.38889
1.5369121,-8.54016,16.364489,-0.029855326,-0.02260977,0.79822713,23.180983,7.524381,4.7931323,-14.790017,19.105764,0.1798529,0.40043554,-2.8046367,0.13956387,12.57002,522.48486,1436.9447,1.6780976,1491.049,913.78,-9.434509,2618.9753,555.05347,-8.526523
1.434206,-9.003116,13.398204,-0.023611235,-0.019372486,0.9483371,22.566711,7.129383,9.999353,-10.426934,18.882677,0.014133241,0.33882126,-1.9704763,0.4080502,13.303124,303.75882,1515.3375,5.9650283,1128.255,1010.2453,-9.98257,2343.3357,363.9752,-8.903881
1.2831954,-10.485071,11.844066,-0.012406039,-0.0189318,0.9209698,22.886856,9.041113,13.047432,-5.6098137,18.79995,0.02315844,0.806372,-0.9675293,0.9810686,14.405116,601.4538,1269.7128,0.16911538,1565.8853,809.4017,-10.683072,2650.1038,679.8829,-9.627685
1.138939,-13.169591,13.187935,-0.0059375823,-0.01753441,0.9551573,24.407824,13.078557,12.914646,0.8444314,18.7685,0.022800317,1.0346469,-0.7666976,0.83188456,13.700753,601.2381,1230.4066,0.16579103,1600.7311,791.99,-10.95069,2647.49,742.31036,-9.09629
1.0601898,-14.799409,15.116244,-0.012917173,-0.016913062,0.92167443,25.640574,15.338185,10.692403,3.358055,18.823301,0.027133856,1.2629219,-1.2150544,-0.035111904,10.554677,587.09406,1311.3065,-0.6681161,1601.9282,861.60376,-9.695956,2651.5183,786.32623,-6.5501647
1.0120908,-16.416765,16.384352,-0.016443424,-0.016651062,0.9466937,27.795403,16.887785,10.188241,6.1060963,18.92546,0.0,0.75088173,-2.349269,-0.5549383,8.596742,321.64343,1408.252,5.403343,1230.4047,1014.06366,-7.5060725,2364.0234,482.10327,-4.7598863
1.016693,-14.820992,13.895373,-0.016621144,-0.015898127,0.82431525,27.729021,12.768127,11.194598,6.985052,17.30982,0.00511454,0.47811732,-5.0297265,-1.2618089,7.2564607,311.24033,1467.2578,3.9633653,1235.3243,1039.1875,-3.7384932,2370.0564,532.38477,-3.9800518
1.2456919,-10.561482,9.656765,-0.015037787,-0.011323192,0.8213741,27.655611,3.7264128,13.094991,6.719126,15.60149,0.00511454,0.20535295,-6.3860893,-0.805223,7.889834,319.30737,1413.4526,3.0410588,1232.7589,954.0921,-1.5261106,2359.595,588.3992,-5.572726
1.4977903,-7.023106,7.1420436,-0.01495451,-0.005526647,1.0010549,25.960272,-2.802119,14.46458,5.7216706,13.845906,0.00511454,0.20535295,-6.5076656,-0.30598322,10.712665,310.1079,1473.4323,0.42904815,1223.11,970.6523,-2.5490854,2345.528,680.0536,-9.811227
1.521073,-4.1138225,8.01599,-0.006998355,-0.001640021,1.2701725,25.156616,-3.9717789,8.842751,2.2056673,13.8278265,0.00511454,0.20535295,-4.768049,1.6931549,20.759628,579.8244,1327.116,-4.374628,1591.7203,831.34595,-11.767343,2816.1191,584.62555,-19.782999
1.2117372,-9.425663,15.978226,-0.00093217223,-0.008920756,1.2369262,26.872324,4.9316564,5.519812,0.36048386,13.918621,0.00511454,0.20535295,-3.4617386,3.2625668,29.948938,610.35236,1250.2526,-7.413133,1602.3765,858.1159,-16.762323,2845.6055,531.8833,-28.11614
0.8430713,-14.284058,23.468073,-0.007176465,-0.018077115,1.0897809,31.125723,11.852239,2.9039347,-1.0797473,14.00948,0.08467523,0.8383936,-2.5224516,3.2340138,36.432697,621.285,1181.195,-9.104265,1592.8456,825.5361,-20.572163,2870.9773,426.75027,-35.034763
0.6250992,-21.597494,31.770895,-0.022106633,-0.0292229,0.788274,37.819927,19.420145,4.4917355,-0.90082264,14.034562,0.093721725,1.7232046,-1.6131124,1.8750261,36.714653,372.76462,1338.3514,-8.130482,1212.2145,995.61084,-17.144415,2449.7239,539.2819,-37.06776
0.55127126,-23.419014,36.82195,-0.03535324,-0.030544186,0.6549838,43.43294,20.923622,1.3066708,-2.1244504,14.031372,0.13802533,2.6080158,-0.967491,1.0366777,34.98222,385.91135,1534.0391,-7.772429,1229.378,1108.8304,-17.396208,2542.0544,714.6004,-36.69194
0.5163,-24.113762,39.63103,-0.025171258,-0.036329463,0.52030975,45.728348,22.219713,-1.4619137,-5.844298,14.049404,0.0,1.9372972,-1.357469,2.5826123,30.956015,388.5587,1579.6783,-6.87229,1226.9274,1153.57,-15.999279,2554.7092,825.6712,-31.56846
0.5166753,-23.737503,41.0224,-0.027838076,-0.03982465,0.4942316,44.272064,25.369982,-5.100261,-7.6291585,13.998325,0.0228321,2.3941534,-2.8030875,3.9343312,24.63793,387.53622,1521.8229,-4.130826,1217.2612,1116.3097,-15.0846815,2500.4812,931.64575,-22.836546
0.6447949,-20.850752,33.949036,-0.027871018,-0.042900857,0.51198894,32.044945,33.36058,-4.26243,-8.230105,13.736049,0.0228321,2.8510094,-5.031118,2.9613807,19.647163,354.5306,1408.8214,0.8620205,1157.2979,1034.3755,-11.4443655,2488.1946,613.2642,-14.6492
0.9080257,-15.934211,25.038515,-0.028120287,-0.03628285,0.63780135,18.534904,34.214813,1.633474,-4.901859,15.593394,0.0,4.2303543,-5.1841564,2.230673,19.667887,356.0815,1257.4891,3.7451851,1327.0986,772.96234,-15.344859,2462.2688,665.18304,-14.179974
1.2170385,-11.403842,16.223963,-0.0114547545,-0.03536753,0.7558053,8.549809,29.388926,9.144193,-1.6488762,17.681377,0.0,4.2303543,-3.8584318,2.998986,22.168411,352.08072,1207.9774,8.953467,1452.91,672.60876,-15.640031,2442.8367,678.0958,-13.324613
1.3290681,-11.486747,18.009035,0.004101743,-0.028875435,0.94384575,11.566764,23.859138,9.851986,2.6771421,20.132162,0.0,4.2303543,-1.9411374,5.3620687,25.779734,570.23926,1060.5448,5.977093,1804.0162,521.2552,-20.151789,2700.539,799.1328,-15.773304
1.3322194,-12.831149,22.85288,0.018544069,-0.02772657,1.083577,19.339388,21.768148,3.9255698,-0.45301405,22.327354,0.0,4.2303543,-2.4083123,1.3593143,23.491167,800.0456,1066.1674,3.058512,2032.18,618.8955,-17.504593,3019.457,705.24774,-14.4984665
1.2555857,-13.288199,25.848,0.022362309,-0.02130195,1.0737983,25.981323,19.890324,0.10204673,-5.0132947,24.35962,0.0,4.2303543,-3.4620926,-3.305063,18.995789,774.014,1158.2771,-1.8231648,1880.3574,697.3886,-13.372804,3063.201,494.9276,-14.757186
1.2683738,-12.621066,26.092188,0.037484128,-0.024191478,0.98310417,29.002333,16.712929,-0.1107885,-9.9110565,28.95397,0.0,3.6985705,-2.1977847,-7.0092735,17.254107,481.89053,1382.1019,-2.65184,1526.6162,812.12354,-4.721147,2753.3828,479.72714,-15.051412
1.310347,-12.325011,22.447866,0.029934788,-0.02318047,1.0599836,28.229586,14.902523,-1.5401624,-11.29625,31.52201,0.51052135,2.7808409,-0.4655725,-6.5068564,13.234601,254.7004,1403.3522,0.0,1135.8994,880.9058,4.9548655,2465.0896,323.56067,-8.483949
1.5502092,-10.576231,21.436766,0.016745338,-0.022868097,1.3645066,25.959839,12.558453,-8.071983,-15.2127075,34.07662,0.34540272,2.226014,0.93204,-4.2981553,9.891699,288.2346,1248.9764,7.8480263,1163.5873,818.2795,10.322419,2466.9285,262.33005,-2.654566
1.8100095,-6.387773,16.2031,0.0018039068,-0.020115348,1.6206185,21.21152,6.593907,-11.126353,-23.118042,33.862072,0.020089364,1.5127543,0.3400686,-4.248091,2.4927292,374.9224,1025.819,5.317675,1189.9456,747.6065,12.106155,2452.3916,156.67274,2.8249462
1.9786634,-2.8914216,11.452096,-0.004500333,-0.015282013,1.578488,16.646315,2.2221887,-9.812418,-24.200056,33.767685,0.01705952,1.5619353,0.073680095,-2.86444,0.26114026,396.4299,967.6411,1.2591931,1204.3154,754.1455,11.058324,2429.6006,143.23285,0.9980528
1.9848825,-1.703009,7.7502403,-0.005932117,-0.010283914,1.3818318,11.80099,-1.5570618,-7.834791,-24.645004,33.695007,0.015988762,1.2482134,0.12136495,-1.6781026,-0.59309006,380.05722,1001.1016,-2.258773,1206.7958,779.7866,9.145074,2406.8713,157.2252,-1.6656832
1.9641438,-2.2862532,7.015461,-0.028430969,-0.004580407,1.1253849,10.5471,-1.4307023,-5.970539,-19.057104,33.64904,0.01120814,1.2473764,-0.052286435,2.0387342,-0.18031359,411.19937,932.8254,-2.4836986,1234.7192,783.5823,6.8859525,2415.6821,192.3277,-2.303385
1.9967699,-3.0854723,9.443652,-0.04102118,-0.004282869,0.86521095,10.869012,-3.1327603,-5.0559916,-18.68412,31.090393,0.12971218,0.76828605,-1.4926119,3.5558732,1.4249592,414.47464,906.53467,-1.4658896,1252.0839,777.39386,3.638668,2421.8848,225.68251,-2.2821863
1.9978046,-3.2442846,9.535844,-0.038298476,-0.004594932,0.7289639,12.234708,-4.901586,-1.9227567,-16.533045,24.599907,0.2850427,0.3211086,-2.3766258,2.4605582,3.2432253,449.34753,828.42725,-0.9161711,1281.4033,784.26825,0.1484859,2426.2195,242.76912,-2.6540072
2.008425,-3.6746006,8.517578,-0.015845211,-0.0057211,0.73671955,13.626938,-6.372087,1.4244086,-15.159355,18.133423,0.44111833,0.25126263,-2.8031814,-0.39462113,7.027065,447.58023,872.97095,-0.917356,1292.929,822.75104,-1.2732579,2397.7861,288.49905,-4.10034
1.9416795,-3.2384994,6.7713737,-0.0065326206,-0.0075516854,0.7861766,14.135998,-6.587784,2.261861,-11.997528,14.222817,0.3244598,0.26984227,-2.743749,-1.0757666,11.797118,444.09912,920.6695,-0.5884862,1305.6378,835.2292,-1.3231996,2382.468,343.86478,-5.2844276
1.8533481,-4.1783013,7.1718955,-0.008980646,-0.0109308,0.84072083,15.659977,-3.8301914,0.582006,-5.2399297,14.181328,0.2477173,0.2565089,-5.097917,-1.0149677,15.188442,434.6091,997.3455,-67.13858,1310.3163,854.14923,-67.209785,2365.6936,434.74243,-71.05976
1.7284994,-4.8335166,9.07237,-0.028168553,-0.00976331,0.81870884,17.372606,-3.1424372,-2.1261156,2.220503,13.729144,0.0,0.8300684,-8.179833,0.0,0.0,429.1351,1015.0764,-133.99812,1312.6733,839.65894,-134.3061,2339.72,509.90463,-136.05937
1.6303068,-10.86169,17.667265,-0.03042092,-0.013731431,1.6953751,20.8724,4.772924,2.8471406,7.529555,13.211147,0.0028490527,1.4169613,-9.411533,0.0,0.0,651.2243,1104.7877,-138.6559,1600.7633,815.59717,-142.51918,2664.102,545.5169,-142.98006
1.5448442,-14.389499,23.362082,-0.05023928,-0.007851926,2.0023906,21.207052,8.004461,11.500155,11.366567,13.231144,0.0,2.0038543,-8.638852,1.0693026,34.81829,893.3543,1099.2919,-79.17615,1904.3887,797.14404,-87.68104,2966.3633,516.5709,-89.35717
1.2569557,-19.354353,29.938131,-0.047318745,-0.017752053,2.619254,24.969004,13.614175,15.094402,7.7706127,13.640653,0.0,2.0038543,-7.0420456,2.931193,35.69606,893.0046,1212.5435,-20.388344,1890.1569,997.0627,-31.759363,2954.8438,579.4654,-37.58289
0.9462523,-20.844128,31.988493,-0.065375656,-0.02058692,1.8725091,26.990242,14.338837,10.947335,4.8892903,14.116521,0.0,2.0038543,-5.6203933,65.40838,37.627132,802.59283,1252.3887,-24.696991,1944.8623,1179.5038,-40.081623,2832.5234,859.9742,-45.444275
0.6815944,-26.407946,38.350098,-0.07948237,-0.033884674,2.1344748,32.394012,20.823874,5.7639947,0.80846167,14.099919,0.0,2.0038543,-3.9364643,66.45518,36.21358,726.31537,1319.0209,-26.233328,2021.9537,1238.5176,-45.264614,3097.9167,1580.2897,-49.309147
0.6381776,-31.232193,44.83782,-0.10258559,-0.03829135,1.6595079,34.37546,25.780273,3.0125577,-0.5131719,14.021098,0.0,2.0038543,-2.3458226,65.655846,34.305492,855.1846,1247.6005,-26.994806,2283.118,1207.1333,-50.549343,3355.931,1717.3701,-49.79453
0.63022524,-33.174255,47.191837,-0.109332405,-0.03846958,1.8019234,35.537167,26.503485,1.4596621,-1.8715078,13.933515,0.0,2.0038543,-2.3000367,2.65656,29.985056,823.4898,1338.173,-21.994043,2286.0186,1248.3898,-48.102123,3592.1677,1572.7931,-46.66566
0.59391665,-33.40059,45.75966,-0.10519183,-0.038684253,1.1211276,35.465633,25.479818,2.738923,-4.3286133,13.915218,0.0,2.041878,-2.3400047,-1.3081427,26.88536,777.54083,1310.5498,-15.648866,2213.5474,1351.6898,-43.594135,3163.8447,1023.0798,-41.705227
0.58937365,-30.927588,42.574978,-0.0995391,-0.035960138,0.96828264,32.950756,21.96054,5.847897,-5.227428,14.033123,0.098465495,2.079902,-2.8723078,-5.4780793,25.309433,695.3112,1375.2203,-7.5726013,2216.1711,1555.0836,-37.70873,3038.6204,1004.4871,-36.631855
0.6037708,-28.554434,38.8593,-0.09397882,-0.03905531,0.7652611,30.580566,20.633162,8.402503,-6.5211463,14.248715,0.098465495,2.117926,-2.5252392,-8.127286,25.612823,625.90454,1263.8217,-3.4488707,1874.2157,1931.9867,-28.412407,2561.4055,1064.2384,-31.109894
0.64411145,-25.723043,35.098537,-0.0848324,-0.040629834,0.947402,29.231604,20.582148,9.757404,-6.862585,14.594734,0.10144457,2.7379391,-3.5022945,-7.617307,27.937422,637.81665,1241.8945,-2.0494802,1843.6803,1755.8514,-21.285631,2672.7773,996.5633,-25.678558
0.7105677,-24.325556,34.194206,-0.049402636,-0.041423842,0.9420076,30.950235,23.672884,3.564829,-9.124276,14.877335,0.10293411,3.3579528,-5.992043,-4.8094897,31.242994,774.0835,1197.8512,-1.4211162,1973.7295,1442.3656,-15.907688,3009.788,862.02856,-21.80716
1.0173695,-22.60148,31.332335,-0.011458407,-0.04094015,1.1763922,27.660875,30.688614,-3.2534468,-12.417114,14.456204,0.0,3.2664044,-8.395476,-0.18996334,35.83286,908.72345,1115.9171,-1.5727183,2445.2424,946.2705,-13.671582,3325.672,692.5608,-19.504566
1.5277853,-19.597122,30.719587,0.01491453,-0.031262297,1.9922767,26.443968,27.899786,-8.728144,-7.169351,14.101907,0.031104015,2.554843,-10.686162,3.7917287,38.226765,1000.3205,1246.4106,-9.530515,2440.1777,1188.8864,-16.613754,3367.792,856.00116,-25.329355
1.7103128,-19.602013,31.35235,0.0028211325,-0.023587987,3.3059826,25.143219,25.052927,-4.215451,4.689363,14.55119,0.0,1.8432814,-7.7452693,9.866717,34.21799,785.53204,1328.3154,-14.837753,2052.0918,1198.6674,-22.738647,2942.4785,915.5252,-28.425032
1.6783062,-19.954214,31.233889,-0.03211652,-0.016749455,3.7197368,28.55063,16.559608,2.7172422,19.869852,15.400627,0.0,1.8432814,-4.805962,15.568016,28.157171,596.0893,1425.1749,-21.48085,1576.1523,1194.6322,-31.384392,2613.2195,981.4456,-32.006947
1.4288201,-20.399977,28.789751,-0.05382082,-0.023755616,3.4373467,28.075598,15.5334635,7.290989,23.027489,16.077265,0.0,1.8432814,-1.3917106,77.82217,22.268503,370.62085,1261.1654,-19.025702,1350.6494,950.664,-30.982534,2296.491,819.3571,-28.265722
1.4210416,-19.692724,24.931993,-0.07492804,-0.031295653,2.6857965,26.915022,12.527466,15.015846,20.720108,16.101107,0.0,1.3776112,-3.2415247,80.00656,20.979513,391.9393,1191.0981,-19.301558,1441.542,933.98395,-26.376328,2261.9434,867.0999,-26.365297
1.4105266,-18.950981,24.962992,-0.08720666,-0.03337275,2.6651764,25.214806,10.150512,21.439371,19.264713,16.021225,0.15673226,0.80277985,-8.048982,76.1087,19.25717,386.91446,1143.0275,-15.645421,1479.5826,788.3169,-17.400198,2304.511,854.2171,-20.963808
1.3784195,-18.038855,25.13205,-0.089898944,-0.031637482,2.8744164,23.099632,9.817479,26.612947,21.077408,15.924751,0.13929838,0.22794841,-12.168973,13.386386,15.918826,364.5569,1167.29,-11.969361,1454.9858,706.809,-15.023894,2304.0864,791.6585,-16.0737
1.4260448,-13.068744,20.104578,-0.07706723,-0.030661335,2.9360163,19.055273,6.2942843,22.766096,18.669384,15.539685,0.10443059,0.118787415,-12.124188,8.072169,11.958262,378.35815,1072.7887,-10.065766,1415.7114,594.59753,-11.724117,2321.1416,716.27423,-12.47457
1.5006628,-9.46344,15.778268,-0.05290227,-0.03204136,2.3200572,17.840235,4.033391,18.488558,12.6162405,14.962808,0.10443059,0.118787415,-8.734867,6.911448,10.431661,403.1211,974.76373,-11.219406,1416.1691,603.1548,-12.780118,2311.9512,718.55194,-13.861484
1.5567918,-6.981882,11.978573,-0.043653768,-0.026160063,1.5077119,17.620323,-0.6788478,13.097664,9.032074,14.118495,0.10443059,0.118787415,-5.3537917,5.196902,9.574256,436.68527,930.1848,-10.567124,1431.1903,676.1365,-9.531196,2319.1658,777.3879,-13.76506
1.4999443,-7.411476,12.680186,-0.047952056,-0.015690504,0.9220304,19.472727,-1.1348612,9.646655,14.523552,15.128049,0.10443059,0.118787415,-3.912669,2.9062817,9.429169,428.0619,979.13477,-7.16785,1389.048,719.8542,-7.687227,2263.7957,732.3461,-12.249023
1.4081932,-6.2054076,10.9918375,-0.042874962,-0.0074705803,0.9435789,20.1239,-3.4010708,5.2759314,17.151802,16.61278,0.10443059,0.118787415,-3.1498291,1.5970659,8.670962,411.8114,1092.71,-3.7516396,1330.7238,785.74786,-5.8577843,2215.8894,697.8296,-9.62426
1.3784746,-5.687479,10.170424,-0.032615867,-0.0035673932,0.9635618,22.41094,-3.6172335,3.425703,17.057468,16.593994,0.10443059,0.118787415,-3.2761412,1.1917905,9.024474,391.1207,1172.9479,-2.5864847,1269.1207,821.34174,-5.0909514,2169.9612,623.6701,-9.713142
1.3930445,-4.552073,8.249343,-0.010153804,-0.00021878273,0.9415929,24.365013,-5.495602,-0.5877258,9.390868,14.851237,0.10443059,0.118787415,-3.3168173,0.78284425,11.214271,386.93845,1179.2267,-3.1178439,1245.6974,857.17633,-6.2931,2164.0276,593.60986,-13.009903
1.3383603,-6.0864263,11.036922,-0.015162475,-0.0020611992,0.89567477,28.627756,-3.8626938,-2.5881543,7.3592763,13.073024,0.10443059,0.118787415,-2.5391276,0.45013586,15.807037,392.05746,1224.6664,-3.6645186,1217.7982,937.9375,-9.208668,2163.195,579.44836,-18.499695
1.1656545,-6.4284663,13.9934845,-0.022766272,-0.005843653,0.862715,31.637314,-2.5622797,-5.8532906,3.5776231,13.012748,0.12644483,1.5483804,-1.2696458,0.3562653,23.278723,383.60117,1343.9829,-7.2762265,1181.4032,1027.38,-14.554723,2163.8586,605.1219,-25.82312
0.8866327,-11.196617,21.73377,-0.036646526,-0.011257165,0.8350223,34.314762,3.5452461,-1.490273,5.4972816,12.942128,0.13745195,2.9779732,-0.3493118,-0.8374174,28.797173,382.94995,1362.1028,-7.3878098,1209.9669,1036.9683,-20.081076,2222.466,655.6774,-31.419586
0.6618616,-16.55712,29.740469,-0.041128132,-0.010696578,0.81891704,36.82776,10.334156,3.4528065,9.694672,12.944176,0.0,3.3563716,0.30189276,-2.1341732,31.267042,378.9208,1308.5934,-13.308677,1260.4681,983.77386,-25.022703,2267.074,742.6133,-34.610382
0.5157936,-21.253977,33.985386,-0.04162722,-0.010848619,0.7577091,37.40684,15.546971,8.717044,12.137375,12.984418,0.003901064,2.6435354,1.0111488,-2.140559,31.324411,387.60803,1189.3563,-15.41628,1303.4541,933.55304,-29.213623,2291.171,756.4765,-34.922607
0.47606865,-23.94213,34.368774,-0.045316715,-0.011638112,0.58207494,38.62599,18.779888,11.724049,13.956948,13.025841,0.003901064,1.9306993,1.2002312,-0.9936463,31.091093,392.24097,1201.4155,-15.322789,1307.0992,1033.9564,-32.171165,2234.748,801.5975,-34.036556
0.43108645,-26.003586,31.669092,-0.04267913,-0.020833405,0.41896036,37.089153,22.022757,13.380783,12.035893,13.015392,0.0,1.95126,0.29221413,0.20934303,28.723816,496.35947,1237.0006,-14.684499,1533.7588,942.20483,-30.012445,2699.9163,744.8011,-30.49671
0.39081588,-29.300257,34.363117,-0.04927242,-0.026210735,0.39893627,36.016735,27.591959,13.292762,14.886439,12.968982,0.006598282,1.6334618,-1.8964881,0.34300923,22.955606,542.95197,1290.3673,-8.339427,1736.207,944.0315,-24.83587,3091.2932,798.7459,-23.959122
0.3836998,-31.11647,36.902348,-0.04829889,-0.029906826,0.48285517,33.97182,33.083736,13.492953,15.098493,13.054222,0.0,2.2106402,-4.390539,-0.16335328,15.08299,631.47894,1311.4391,-10.375273,1909.8917,848.8846,-19.262783,3431.2783,697.8135,-15.67438
0.6367801,-23.628,31.439322,-0.041033726,-0.027507171,0.59143406,25.807167,25.77095,13.082352,13.644126,13.1616745,0.0032345215,3.1056168,-6.3274636,0.06625215,11.544384,526.71497,1292.1104,-6.7928085,1701.8179,898.7117,-18.994173,2962.2078,753.53143,-11.176643
0.9170699,-14.681713,19.956194,-0.021632759,-0.02375415,0.61963457,17.207655,17.97236,16.303062,6.58749,13.168694,0.0,4.0005937,-6.1763844,0.21340728,10.765575,479.0043,1247.4285,-11.333327,1617.0421,843.4214,-21.417048,2555.987,777.2043,-10.312653
1.1742411,-5.27827,9.218174,-0.011611584,-0.019637158,0.70408726,7.471885,10.344565,24.48044,3.0989625,13.912641,0.0,4.0005937,-5.5439744,-1.9213601,10.5184765,347.46704,1208.331,-12.218742,1506.306,570.1298,-25.385126,2314.7432,917.396,-12.029762
1.1838444,-4.2187953,6.4034305,-0.014501971,-0.012725477,0.695316,5.838123,12.3229475,33.19215,-1.48464,14.526217,0.0,4.0005937,-4.4611726,-4.693087,11.374795,348.5663,1097.9642,-10.153694,1588.815,329.6775,-28.444693,2377.6394,962.88257,-14.085927
1.1188539,-5.386593,8.384847,-0.03135471,-0.012248237,0.7075092,6.706981,14.967891,36.728977,-3.6802883,15.549385,0.0,4.0005937,-3.130283,-7.923616,14.738927,352.35086,1090.0474,-3.821761,1704.1537,160.05112,-29.332388,2393.2483,1197.1464,-17.473724
1.1067003,-8.814378,11.867589,-0.034229904,-0.017964343,0.75011325,11.099342,19.799782,32.016563,-11.334137,15.7128935,0.0,3.0273044,-1.8840829,-8.9137,19.978426,413.6333,1172.3812,2.6455119,1573.1031,988.14404,-22.096352,2318.2773,890.5532,-20.538141
1.1062994,-12.847114,17.696676,-0.029399058,-0.025317544,0.7218969,14.73396,25.724258,22.59138,-16.434391,14.949599,0.15614405,2.6191401,-5.363554,-5.965054,19.703962,559.01715,1226.371,-0.30635294,1778.484,1008.8638,-17.445198,2589.942,720.8581,-19.265093
1.1784734,-15.90034,22.733887,-0.0052069705,-0.029337212,0.81007034,18.49492,31.37011,12.279663,-19.196114,13.962414,0.1677856,2.210976,-7.8470135,-4.287291,19.058104,540.9959,1259.3348,-1.4144651,1495.6823,1204.1678,-8.248169,2677.6648,232.05267,-17.17499
1.2618152,-16.612616,25.16453,0.013650142,-0.029127099,0.8488502,21.543192,31.799303,2.6210597,-18.457352,12.840617,0.1315208,2.2012236,-11.074506,-2.8630838,20.345652,506.26074,1179.5142,-0.52128726,1503.4655,619.54083,-5.2429724,2756.2039,285.1531,-14.695277
1.3134772,-14.797818,24.422018,0.03059805,-0.02592881,1.0608276,22.658453,28.053,-4.4969687,-15.535756,12.66763,0.071972884,1.626347,-9.758864,-70.442955,-47.39796,336.26218,1219.3729,5.6308403,1143.4673,825.5892,0.07124305,2458.8254,207.08867,-14.075143
1.5199267,-13.180341,24.899027,0.02819048,-0.02124758,1.5930581,24.075438,21.747507,-6.5072255,-8.88325,12.397401,0.012424976,1.05147,-11.524307,-69.14451,-45.594288,330.7737,1275.4908,6.414783,1175.3265,857.90497,-3.0957587,2405.16,421.53903,-13.009004
1.620196,-14.802231,28.788513,0.012398389,-0.02044755,2.5657737,27.933294,16.789978,-4.9966173,-0.49989524,13.31115,0.012424976,1.05147,-10.474408,-66.136826,-45.94338,275.18106,1577.3549,1.3541931,1181.9546,1095.087,-13.391175,2276.9502,811.2173,-17.23725
1.7192316,-17.491407,31.338379,-0.012206629,-0.022483572,3.1733935,30.067472,15.320165,-0.7657513,5.6726418,14.270584,0.012424976,1.05147,-8.038051,2.255407,24.73765,308.20926,1615.6127,-6.18611,1252.2911,1241.7369,-25.113625,2229.3892,1109.0151,-23.3721
1.5957383,-19.391012,29.30659,-0.033113927,-0.03146154,3.1805122,30.251593,15.072335,6.863442,7.880939,15.700198,0.012424976,1.05147,-3.7065516,6.118984,23.709534,356.3217,1537.8301,-12.20423,1402.8619,1185.263,-31.790369,2321.259,1090.5728,-29.068289
1.5188965,-19.169657,26.075346,-0.054849755,-0.032228403,3.0010645,25.342255,14.771434,14.077136,9.72635,15.94457,0.012424976,1.05147,-2.53982,9.227191,21.901075,424.27905,1329.0482,-15.225799,1581.5778,942.40875,-32.659275,2529.3584,1085.3555,-28.223679
1.4512286,-19.810266,25.57652,-0.07301578,-0.03517593,2.634255,23.917078,14.546696,24.432367,13.000886,15.996081,0.012424976,1.05147,-5.761785,11.64536,19.358631,416.28653,1276.1653,-16.473099,1666.0968,731.0654,-32.241596,2638.2712,975.9069,-25.576319
1.3926859,-21.39299,27.705046,-0.07892754,-0.03097563,2.4196007,23.451326,15.442662,29.306547,14.167632,15.720166,0.1542157,0.7576046,-13.043991,11.2001505,15.928523,386.79175,1286.7272,-16.9265,1665.4253,770.4096,-33.487,2545.327,1095.3418,-22.616539
1.3810215,-18.187082,22.951706,-0.07621675,-0.032149803,2.4830894,20.383762,14.931329,33.67577,14.271523,14.678981,0.2960064,0.46373907,-14.361122,9.332241,11.879837,379.23697,1107.7687,-16.124945,1617.2246,544.2345,-35.537533,2462.0447,888.0118,-20.058586
1.3748106,-16.117838,20.576569,-0.07488552,-0.040942397,2.7194777,17.937141,16.198606,36.14339,10.757474,13.849704,0.34034935,0.19551416,-12.669229,7.630029,8.946124,381.14404,1001.2598,-11.983096,1611.8168,405.22925,-33.467133,2437.425,858.76337,-16.857592
1.4191755,-12.262341,15.979145,-0.08139703,-0.047619432,2.6543298,13.527635,15.4466505,39.997253,7.1508617,12.911761,0.2916255,0.22115467,-7.754118,6.2592335,7.097212,386.12463,867.19403,-7.1668925,1591.173,128.63974,-30.344156,2483.919,753.97894,-12.332107
1.4356422,-10.793376,14.057597,-0.075124525,-0.05087131,1.9809662,12.287216,15.93543,42.618633,2.9745705,12.82249,0.0,0.24679519,-7.5895486,5.1506925,6.1041045,393.31454,846.3963,-2.8094037,1609.3179,96.2763,-24.455866,2497.9404,771.8234,-7.5849023
1.4513102,-7.881565,9.115058,-0.05307871,-0.04588742,1.5029973,11.438492,15.04622,40.933895,-1.0118448,12.663022,0.0,0.24679519,-7.910628,3.5219371,4.8231387,392.86557,827.49335,1.0237566,1601.5958,80.24354,-21.34697,2477.4207,796.3154,-3.7576358
1.3966902,-4.160598,4.2115126,-0.03213342,-0.04542007,1.3146801,9.03291,13.633652,39.089413,-3.4524167,12.495995,0.0,0.24679519,-7.9073105,1.5048758,2.6761503,393.77725,823.3377,4.285636,1590.1774,53.22981,-21.06663,2483.995,821.8288,-0.631092
1.3892773,-2.7545865,1.7664069,-0.0077284067,-0.04828615,1.0883343,9.504178,12.863345,38.03346,-6.1080403,12.329738,0.0,0.24679519,-7.722765,-0.11277834,1.645861,390.13852,820.9824,6.558584,1586.8213,48.85811,-22.569,2487.0952,877.206,0.37316522
1.3501825,-1.413611,0.62803364,-0.007269323,-0.0460849,0.99499375,8.886518,11.630332,38.736668,-7.628982,12.6671,0.0,0.24679519,-7.2240505,-0.96204996,2.3598058,389.6036,844.6821,8.134777,1597.89,58.047375,-24.121613,2499.7834,980.69977,-0.07065376
1.3850912,-3.424072,2.5608065,-0.0024729804,-0.04730475,0.90877825,12.068303,15.055261,40.623997,-5.6327806,13.019982,0.0,0.24679519,-6.210266,-0.6912263,3.3841321,387.4397,893.528,9.454846,1648.8691,111.9517,-22.038443,2578.7246,1059.7544,-0.08909464
1.3149382,-4.485258,4.0844626,0.0020326797,-0.048832644,0.9475422,13.167458,15.727555,39.43642,-7.0709004,13.421356,0.0,0.24679519,-5.375239,1.3216804,3.8458068,386.4907,927.6956,10.364312,1671.9712,165.35954,-21.222677,2606.721,1135.832,0.48194566
1.2649646,-6.30018,5.395247,0.0075958297,-0.054175064,0.96379215,14.95742,19.201014,39.56876,-6.226753,13.418973,0.0,0.71021956,-4.1518292,3.3220155,4.193121,395.46793,961.3799,9.050367,1731.8248,246.1311,-20.12868,2531.453,1425.3809,0.6726992
1.2377049,-6.6932883,5.9237537,0.015914472,-0.050302807,0.98268276,13.4385195,19.432884,35.83115,-10.463916,13.307261,0.02907253,1.1066451,-4.030598,3.2463932,4.3843236,387.89536,982.16425,8.57533,1758.7198,229.63545,-20.81859,2380.4407,1713.901,-0.034879047
1.244003,-7.3646965,6.223837,0.0035217127,-0.04323018,1.0310341,12.409993,21.913261,30.437706,-10.0116625,13.174606,0.02907253,1.5030707,-3.6696203,1.0729238,6.816981,398.56308,992.7388,5.6904883,1827.5801,268.9565,-19.153372,2181.3074,1922.7875,-3.7920897
1.2198595,-8.158012,7.102257,-0.004275396,-0.041227985,1.0628872,14.574336,21.185316,27.352158,-8.097964,13.0546255,0.0,1.24527,-3.9377062,-0.4280591,6.238636,469.56015,1113.1729,4.0152745,1884.026,296.07645,-15.424279,2378.5203,1631.2207,-4.2825522
1.1507394,-8.059533,6.263382,-0.0037012447,-0.043742552,1.0915511,16.837831,20.951729,25.506258,-2.957102,13.0290985,0.02850778,1.0544682,-3.9977138,2.7862155,8.313258,568.29694,1188.4298,0.81909615,1924.712,360.23755,-14.180181,2561.18,1276.4742,-6.3588223
1.124848,-8.481778,7.3700104,0.00045831144,-0.047241237,1.0751736,19.12171,21.024284,29.525019,2.9615142,12.921668,0.0,0.5923268,-4.716186,3.684288,9.738565,629.7741,1307.6549,0.1120464,1917.7152,384.4773,-14.816648,2807.6306,962.7002,-7.1577797
1.0873123,-8.098775,7.863896,0.0017062171,-0.049414456,1.0269613,17.03769,22.723877,29.119608,5.7719994,12.870105,0.005700862,0.32098743,-5.1970882,3.5988195,16.41194,564.08685,1217.5553,1.0816324,1848.5529,413.2087,-21.847513,2736.7058,997.1543,-13.551994
0.97529536,-12.5976715,14.17783,-0.009760968,-0.053897757,0.8955849,20.779305,23.955114,28.957151,6.6137967,12.961667,0.0,0.049648065,-5.860798,2.8017747,24.196085,576.41833,1224.1549,0.70858836,1872.254,510.19934,-26.944952,2800.9333,1118.7225,-21.034721
0.7824578,-18.104622,19.48443,-0.012284567,-0.057615966,0.7090967,25.895798,25.490074,23.944998,-1.9577503,13.038867,0.0,0.049648065,-6.5658345,1.1598245,32.084972,648.65094,1119.2695,0.32004753,1994.8951,492.5281,-31.043406,2999.0508,1015.39056,-29.41538
0.6150655,-25.273996,27.852493,-0.015178627,-0.060816634,0.5860453,33.13632,27.20636,20.679903,-8.507499,13.041534,0.0,0.049648065,-7.0868735,-0.588768,35.33546,790.1179,1114.8712,-1.1230854,2165.7246,454.73245,-31.762247,3238.1506,820.87866,-33.417904
0.5384144,-29.565445,32.23975,-0.009272511,-0.062403202,0.52776736,38.086864,30.2358,19.810995,-14.179,13.038709,0.0,0.049648065,-7.170145,-1.3208588,32.655964,828.08887,1026.462,-1.1667279,2251.125,402.41833,-30.964386,3467.0393,618.4542,-30.295301
0.51308805,-32.305805,36.530148,-0.006783199,-0.067794465,0.5178717,41.386448,32.214386,19.335724,-14.451152,13.200974,0.0,0.049648065,-7.669609,1.9434,27.029388,629.9137,1250.4495,-1.1000816,1825.6509,613.4116,-24.357351,3125.987,552.0539,-23.003235
0.519862,-32.77169,37.41109,-0.0019401734,-0.06557884,0.54180074,40.37521,35.01462,15.241364,-13.861053,13.367733,0.0,0.04964807,-8.008036,5.471918,23.593203,373.0013,1542.8856,-67.70345,1372.087,818.2656,-80.470634,2781.7812,462.56906,-78.76717
0.7290352,-25.316673,29.995222,-0.00906109,-0.056957107,0.553987,27.204285,41.39275,10.880084,-13.602817,0.0,0.0,0.0,0.0,0.0,0.0,259.53384,1619.1998,-134.31401,1007.2026,1373.3668,-137.7903,2366.0803,445.4976,-139.0186
1.0454811,-16.377516,19.998894,-0.012096896,-0.034656208,0.5745751,14.634431,39.308903,1.6783772,-7.298151,0.0,0.0,0.0,0.0,0.0,0.0,309.64035,1449.7286,-201.0,1161.4956,1346.518,-201.0,2447.4854,511.85043,-201.0
2.0501177,-4.50822,11.034192,0.009609602,-0.012251801,1.417193,4.2585616,23.186966,-5.397143,-5.640873,0.0,0.0,0.0,0.0,0.0,0.0,613.07837,1173.2203,-201.0,1557.979,1303.1525,-201.0,2738.542,510.9713,-201.0
2.6165855,0.46900955,9.045099,0.019817106,0.0049288417,1.8625294,4.868519,2.8053427,-10.446612,-1.0599666,0.0,0.0,0.0,0.0,0.0,0.0,752.09357,1101.457,-201.0,1859.0648,842.3698,-201.0,2991.383,457.41626,-201.0
2.846432,2.6834345,9.0793,0.012891348,0.008529062,2.200636,4.9954896,-5.0285625,-5.6827416,1.4085783,0.0,0.0,0.0,0.0,0.0,0.0,913.7132,999.6424,-136.59467,2075.3162,756.9287,-138.15414,3214.1672,478.75977,-139.81804
2.7227173,0.6097093,9.059984,0.0017779836,0.0036264912,1.9882034,7.2904515,-2.869798,-2.7422054,2.235637,34.236797,0.0,0.09435583,-2.4385982,14.731915,18.218449,792.1062,1014.48047,-75.98437,1991.9867,723.9382,-77.35995,3206.6013,538.22723,-80.13348
2.5984144,-2.226327,11.908793,0.017306117,0.0014306788,2.0518515,11.459338,-1.1148843,-1.32262,1.8720866,34.21591,0.0,0.09435583,-1.2779279,17.239538,18.56567,805.69434,985.0926,-16.784302,1965.2948,711.4755,-19.100893,3201.2512,572.8785,-21.006659
2.4405508,-3.838733,12.32301,0.012433286,-0.0060524293,2.3262239,14.408698,-1.6711068,-1.495727,1.3432547,34.29768,0.0,0.38977054,0.19803436,22.019453,17.44517,683.34576,1226.0122,-15.341933,1661.9987,1071.7792,-24.290197,2826.3464,621.35724,-20.898912
1.8982563,-6.307161,14.017909,0.008868885,-0.0056007314,1.7982341,15.23349,2.6952546,4.852394,2.4627492,34.51282,0.09719196,1.1195651,1.2377993,25.15451,14.761692,830.624,1202.6759,-18.486963,1767.272,1023.34,-23.492973,2811.7688,792.33466,-17.932901
1.5467572,-8.302292,12.820071,-0.0034797222,-0.010098147,1.3450495,13.610626,9.183377,11.114888,5.0912967,34.60097,0.09099717,1.5375353,1.7440068,29.509354,12.300946,914.7016,1415.0492,-21.801315,1820.8746,1097.5391,-19.757242,2743.9531,1032.6508,-14.643036
1.4686552,-9.062779,12.20702,0.014166462,-0.00989049,0.78792053,12.293246,13.221806,16.030333,3.1179316,34.436695,0.061330687,1.9370685,2.290882,33.18452,11.372088,869.92267,1281.0809,-21.890373,1984.8046,772.16876,-20.427967,2787.7493,1203.7476,-13.803235
1.4248481,-9.355049,10.684045,0.0053069424,-0.017656166,0.79105777,12.673562,15.5618925,19.35374,2.6023004,34.17717,0.029546188,1.7115183,2.3880162,33.24446,14.99388,645.55096,1346.2555,-13.822431,1882.9775,1175.7396,-23.891611,2375.0264,1115.6589,-18.32605
1.4271878,-9.718965,10.319703,0.0024205355,-0.0224759,0.846277,13.1922,16.5201,23.695473,-1.7526697,29.802744,0.17154281,1.5080546,0.8454874,30.982256,15.599483,379.14062,1191.787,-0.65251476,1761.5621,1022.6502,-26.432907,2108.6895,1389.6732,-15.52785
1.374669,-8.941357,8.7010355,-0.0064349747,-0.025839305,1.0256099,13.650467,16.62462,24.666702,-2.2221744,25.43738,0.17386661,0.9638855,-0.6225857,28.993553,18.092888,516.946,1312.0312,-2.5240927,1844.2445,957.51215,-20.995884,2347.5588,1179.7853,-14.004101
1.346907,-8.420678,8.330045,-0.0011456754,-0.030648833,0.965056,12.70298,18.231298,25.016586,-3.407508,18.70662,0.17585671,0.6104197,-1.8885508,17.401943,13.17278,548.43787,1393.6298,-1.816989,1823.4596,457.63562,-16.009932,2667.0034,1162.5184,-7.536186
1.3325365,-8.555097,9.273854,0.006522827,-0.039432522,1.0160115,13.313268,18.74624,24.159332,-3.9952538,15.914992,0.1336022,0.85301274,-2.4217055,5.182491,11.993403,547.622,1392.09,-3.0118456,1823.6489,524.64667,-13.605155,2649.5642,948.91797,-9.0870905
1.3069111,-10.496066,12.259548,0.008368467,-0.048092473,0.92778426,16.159395,19.457884,25.005745,0.5463279,13.075526,0.19466013,1.1593336,-2.57736,-7.718409,11.339523,418.2941,1222.1885,0.7659773,1690.9955,591.54565,-17.85212,2407.708,1030.3687,-11.015412
1.1459347,-13.110911,15.318395,0.016495371,-0.045802355,0.98659927,21.908234,15.943751,20.20952,4.5567956,12.737287,0.0,1.6992365,-2.9161232,-6.0206847,18.300379,577.0102,1183.4565,-1.3957275,1787.236,747.9931,-21.508879,2496.9968,1208.389,-17.758165
0.91697866,-16.395731,20.714111,-0.0036769242,-0.04804938,0.90347654,29.060919,15.993327,14.017449,8.021179,12.790948,0.048650596,2.0146475,-3.4770343,-1.6823717,24.76616,537.66125,1408.8671,-1.800675,1544.7686,933.0246,-19.102678,2525.8079,939.0568,-23.608612
0.7283184,-17.797491,24.644056,-0.0028005084,-0.045972843,0.92173433,32.98318,14.379201,7.7758737,1.0124859,12.96872,0.048650596,2.3300583,-4.046306,-0.6525107,28.90947,513.6958,1618.3099,-2.9912214,1403.4502,1089.7295,-12.833328,2539.4724,859.44385,-27.272177
0.6468095,-18.288221,29.136328,-0.015532975,-0.050491575,0.76687545,35.963207,17.529861,4.0472894,-3.8518631,13.048748,0.0,2.4118872,-3.5096695,-1.3949203,29.007818,291.03842,1744.5189,0.48616448,1060.1411,1213.0327,-7.7418313,2277.781,687.79266,-26.792826
0.61584896,-16.774069,29.087547,-0.012445316,-0.046641756,0.62942684,35.51143,15.939755,1.5877299,-6.4362526,12.961296,0.0,2.4118872,-2.1655,-5.752871,27.587105,324.71494,1607.462,1.7768621,1089.052,1149.1053,-7.362719,2299.223,686.53174,-25.226702
0.604615,-17.95267,32.190166,-0.008122378,-0.043598484,0.4098958,37.279095,19.373875,0.002985115,-6.3600364,15.456718,0.0,2.4118872,-1.5092007,-1.3656181,27.976515,328.3366,1560.2379,4.6670957,1100.6658,1089.5552,-7.8554344,2341.1702,662.1949,-23.05281
0.6111414,-18.315157,31.915186,-0.00673654,-0.03907242,0.42415485,36.185574,19.647493,1.4641043,-5.2736382,22.04423,0.0,2.9593258,0.49072027,1.5241275,27.105158,336.17514,1486.203,4.1756415,1114.7762,1049.924,-10.368563,2345.8887,596.90826,-22.993734
0.735565,-18.875254,30.218992,0.0024222306,-0.032791268,0.6587928,32.689274,21.371435,6.41107,-8.535024,28.643236,0.5283759,2.5941603,2.883504,3.7386284,27.652086,494.33472,1418.4208,-0.38092613,1424.7448,900.0532,-18.55506,2640.132,481.923,-23.819437
0.93066186,-18.654936,27.016375,0.0031270292,-0.034993347,0.8721287,29.647242,21.210806,6.8813624,-14.312543,32.634575,0.38289574,3.2486887,5.6214957,-1.1749864,26.255198,471.73145,1445.5167,-4.1182585,1400.5189,905.7786,-18.641207,2613.5276,421.64526,-24.658976
1.1492727,-19.82791,24.805395,0.012160037,-0.040471908,1.0200667,27.335978,23.620214,7.9719925,-21.249842,32.56656,0.050308984,1.917791,6.178515,-4.42181,26.478195,648.4665,1311.1498,0.0,1784.291,655.6773,-21.709654,2937.55,384.75513,-23.243126
1.2255512,-20.692467,25.814016,0.009953225,-0.049414963,0.9757026,26.599768,26.158651,-0.021444162,-26.25345,32.422337,0.039664518,1.7999343,6.018493,-6.009909,26.194452,398.69894,1598.5013,-0.5833578,1398.6022,882.14404,-10.960931,2657.7327,408.97958,-21.36361
1.2450655,-21.5187,27.748735,0.013942697,-0.05283134,0.8484819,26.12397,28.24647,-2.9434822,-27.66394,32.207005,0.0100276405,0.5901877,5.6179886,-6.3051677,24.612158,441.87173,1495.5299,0.0,1432.9325,893.7168,-11.901908,2711.8303,452.9683,-18.618597
1.2351032,-22.030083,29.915985,0.016465122,-0.056918155,0.7926791,26.439865,26.758377,-7.322783,-31.074442,31.98089,0.011065784,0.77024883,5.53787,-6.182368,21.54214,251.26006,1627.5555,6.488812,1019.25116,1124.9916,-1.9514545,2393.4795,403.0455,-15.475591
1.2512722,-20.984028,28.078127,0.018009061,-0.059258815,0.8360164,26.897354,24.002165,-8.440651,-33.272552,31.809616,0.012012243,0.72199184,5.8203907,-6.5950394,18.920546,548.20325,1294.6536,0.0,1499.972,797.55634,-6.0044975,2755.8213,384.88968,-14.035371
1.2901425,-20.702322,26.133827,0.013361182,-0.06205382,0.84309226,26.9027,23.161001,-8.588436,-36.4782,31.704176,0.0140563175,0.83190614,6.1882977,-7.366406,16.206871,513.97504,1354.5879,5.3660574,1460.0297,752.98456,-0.37689972,2719.3499,286.69815,-13.095136
1.3095616,-18.910873,23.067225,0.010515335,-0.06293774,0.7737696,24.352201,23.930647,-9.418645,-39.61086,31.636091,0.015109123,1.0140742,6.1716094,-7.8322444,16.558609,734.9909,1164.7642,0.0,1891.56,477.4026,-6.7176833,3044.1843,293.83505,-14.973651
1.3307352,-18.728098,22.020319,-0.00072399963,-0.06481438,0.56539077,23.74203,24.440184,-6.3798327,-40.217533,31.589571,0.007528793,1.2596096,6.0475526,-7.7929783,17.0218,707.4803,1154.2731,3.3065248,1869.4258,460.9305,-7.9074364,3015.839,305.0281,-16.20784
1.3617349,-18.11087,21.873177,0.017646007,-0.06931381,0.5218796,20.232378,26.22023,-7.9173293,-39.46733,31.558203,0.0048202206,1.2477828,6.044886,-7.2832665,19.233475,905.1631,961.22577,2.6685445,2296.161,207.7622,-14.962255,3344.6719,336.26962,-18.539581
1.4382939,-17.68373,21.53351,0.017096372,-0.06950524,0.548292,18.484573,28.813156,-9.427939,-36.3998,31.537643,0.0040834267,1.1871939,6.4234443,-6.6206055,19.730152,892.56305,962.96185,1.354452,2306.2805,206.15253,-16.515022,3351.8079,324.917,-18.86415
1.4937595,-17.945086,22.87384,0.02784857,-0.0694016,0.60727614,17.15785,31.291489,-11.983288,-35.50946,31.537668,0.0052385614,0.79825145,6.768564,-5.9822373,20.187714,887.47284,964.729,0.07978439,2312.5469,223.96721,-17.921993,3335.8127,329.0848,-18.948233
1.4668741,-17.75281,23.170364,0.012503632,-0.06525264,0.61842364,18.102419,30.044031,-10.18894,-35.3875,31.559626,0.008096058,0.55332214,6.97114,-5.700109,21.07094,893.77655,990.28784,-0.87501127,2321.4365,240.56563,-19.336424,3320.3088,336.58243,-19.5249
1.4088982,-18.195345,24.385672,0.015356973,-0.06272424,0.5581079,20.563597,27.98088,-6.350178,-34.927494,31.60385,0.0077593992,0.66665936,6.9198685,-5.9853477,21.447958,885.78424,1021.20734,-1.4918876,2332.684,253.58205,-20.648727,3288.996,384.25925,-19.915236
1.367252,-18.379446,25.120913,0.037748557,-0.06146924,0.56045794,22.165354,25.67911,-4.6348386,-38.444767,31.65567,0.0065659303,0.68060464,6.9117293,-6.701513,20.898355,898.23175,1023.45435,-2.0219786,2364.8103,214.69026,-20.717728,3296.62,401.1565,-19.686466
1.3718566,-19.266975,25.677896,0.039368313,-0.059860453,0.6403683,24.677324,25.662577,-2.6206686,-39.925694,31.693054,0.0053594094,0.8814884,6.8469124,-7.6807036,19.07556,905.1846,1057.0624,-2.0702307,2409.3398,216.01343,-19.24748,3296.791,510.68604,-18.305033
1.3605283,-19.828882,26.173716,0.04303926,-0.062497806,0.7695432,24.319885,24.75418,-6.088639,-42.59116,31.704742,0.005088045,0.61280465,6.95599,-8.735027,16.455584,911.01904,1037.0353,-1.5296308,2427.8896,216.31175,-16.451769,3279.1465,581.16095,-16.154629
1.3399458,-20.455156,26.015755,0.017549967,-0.06343759,0.80237055,24.485512,27.0651,-6.2949586,-37.527145,31.703619,0.0059357476,0.57126224,6.914637,-9.8622265,13.35247,629.5993,1347.3457,-0.9662223,1934.0585,542.77185,-9.743844,2965.1125,522.7758,-13.493367
1.2945014,-20.334816,25.617975,0.015144748,-0.06769489,0.76397973,23.586456,25.85499,-8.5935545,-38.73581,31.73223,0.0057055964,0.38103676,6.5764294,-11.014453,10.366397,647.3985,1309.5435,0.0,1920.7897,497.1632,-7.2943864,2974.6907,490.20096,-11.043908
1.2887172,-19.678032,23.963297,0.008774517,-0.06692324,0.65554553,23.797256,26.039408,-6.6141167,-36.473125,31.799128,0.0055708014,0.24703693,6.0334086,-11.826546,8.885985,674.1801,1307.6528,0.97691596,1915.2201,449.4264,-6.0161514,3030.5967,458.9829,-9.765675
1.2688802,-18.424332,21.781672,0.022639176,-0.06350972,0.58988124,22.55512,24.044336,-7.464407,-35.914295,31.86992,0.0044940747,0.32711408,5.671482,-12.146239,9.407156,975.8559,1015.4598,0.75733024,2406.6306,122.38293,-10.174664,3354.9817,606.58826,-10.174664
1.2826868,-16.889254,19.89894,0.03493321,-0.05758379,0.5143866,21.430532,22.614746,-9.11655,-32.004368,31.904974,0.0049191834,0.47991386,5.3943768,-12.290413,10.387301,983.7048,1002.54395,0.82886535,2399.1042,129.36696,-11.022981,3370.0115,632.15466,-11.022981
1.2750918,-14.237666,20.546213,0.035752404,-0.0498964,0.57410526,22.193344,19.95163,-9.896937,-27.753607,31.89762,0.004515777,0.8364784,4.5501523,-12.924958,9.987716,774.2544,1070.7418,-0.10446191,1971.8141,384.11618,-7.529688,3052.2188,522.5277,-11.039094
1.324087,-10.939036,22.269876,0.02717636,-0.044589598,0.6385184,22.314758,15.960339,-14.42777,-27.143913,31.874975,0.0047941706,1.2672648,2.580506,-12.059585,9.483689,528.6999,1165.8278,-0.3157723,1544.9834,607.4991,-4.6124096,2744.574,361.9905,-10.83722
1.3563322,-9.488046,22.728403,0.006416,-0.0390103,0.75356346,23.005875,14.278649,-12.460805,-22.674963,29.608229,0.08484742,1.1251351,-1.6802071,-6.5907917,11.9685335,320.22598,1203.704,0.0,1143.9188,811.9974,-4.5996127,2433.841,186.51819,-13.562767
1.2476536,-9.179223,20.708996,0.005552595,-0.032698177,0.908518,24.227457,11.350429,-10.76855,-22.215355,23.318216,0.16613586,0.85900426,-3.3847039,-2.8822143,15.265653,330.8751,1155.0479,-3.133968,1166.8385,785.32855,-7.3901315,2443.6838,186.3587,-15.748418
0.99294823,-12.136983,22.216688,-0.0025346268,-0.02877221,0.8793159,27.355051,12.196484,-4.224602,-15.908577,17.029926,0.24672884,0.36969283,-5.057792,-1.6969718,13.543377,382.32178,1181.1951,-0.8066221,1174.1322,917.59735,-8.887179,2402.701,345.3298,-13.060867
0.7528267,-12.80091,22.642868,-0.002391339,-0.026026642,0.74453634,28.554611,11.178544,-1.9236159,-11.935616,12.908867,0.24672884,0.36969283,-4.540853,-5.7173514,7.275334,404.4515,1228.9308,5.3110595,1179.4819,1028.7266,-7.1751647,2395.23,444.55533,-5.9013734
0.72986966,-13.855777,23.488304,-0.004144088,-0.022927076,0.55068827,26.382719,10.999986,2.986873,-5.767082,12.795292,0.24672884,0.36969283,-5.521525,-7.6961036,0.96668005,402.4475,1311.9031,8.815184,1200.7526,1118.2496,-5.661034,2374.8103,556.8303,0.26705027
1.0486116,-11.334431,17.035131,0.009781472,-0.021946104,0.8607554,22.172392,6.9708533,7.297774,-6.1757584,12.567174,0.3527236,0.94002056,-6.034243,-9.118137,-0.27861795,383.45468,1190.8036,10.483162,1270.5465,933.93164,-5.120086,2396.285,449.20706,1.1356516
1.4077749,-10.4164,14.249669,0.012921172,-0.019390237,1.1020609,19.014137,5.030585,13.413867,-5.226766,12.638143,0.40572095,1.5103483,-7.1042466,-10.079101,2.1420553,361.78882,1095.7227,9.011074,1328.4722,751.34406,-5.9150844,2382.552,402.1564,-1.3667873
1.6426172,-9.94849,12.585439,0.019031065,-0.026817614,1.1439286,17.318419,5.0262465,12.615188,-6.4385266,12.64351,0.0,2.080676,-8.02573,-10.357983,6.885136,361.49344,946.189,8.082124,1367.151,574.8504,-8.17207,2378.4333,319.69742,-5.6849704
1.5291964,-12.03407,15.065116,0.012423805,-0.0287565,1.143573,18.100388,10.721465,12.284245,-4.634026,12.815178,0.0,2.080676,-8.808547,-8.345597,13.226474,375.1338,902.91797,5.696068,1371.4604,570.13995,-10.049542,2379.7935,316.69543,-10.763004
1.3118638,-14.0685625,18.059824,0.020049213,-0.032984875,1.0390402,18.192507,17.422747,8.211102,-2.2049572,12.888019,0.0,2.080676,-9.093741,-3.1170864,18.763357,376.48294,934.99396,1.4291676,1360.5817,621.4191,-11.127919,2371.591,371.99252,-14.599377
1.1731957,-13.504123,18.089195,0.0049224137,-0.032016587,1.1176661,13.889262,26.80242,9.173741,-3.6415684,12.993736,0.0,2.080676,-9.71701,0.2332797,21.720285,378.26254,1177.1803,-67.834816,1309.8134,1072.016,-74.873276,2362.5232,312.25345,-78.03329
1.276632,-6.983848,12.112102,-0.008147339,-0.02940555,0.98720455,4.1732316,33.625317,8.541172,-9.427821,0.0,0.0,0.0,0.0,0.0,0.0,400.8164,1107.5455,-135.39943,1484.0887,1172.6696,-137.99342,2306.9143,592.7627,-139.74974
1.389461,-0.7467752,4.054038,-0.03539573,-0.02840252,0.9879751,-5.3250203,38.504974,7.8850007,-13.529414,0.0,0.0,0.0,0.0,0.0,0.0,431.9047,998.14105,-201.0,1665.9072,1104.6959,-201.0,2312.4294,678.7629,-201.0
1.4459848,3.7535744,-1.6040354,-0.037000667,-0.033624843,0.84883755,-9.80939,40.051655,3.865783,-16.208464,0.0,0.0,0.0,0.0,0.0,0.0,455.6721,716.4632,-201.0,1866.7594,788.2508,-201.0,2253.8857,866.2049,-201.0
1.3747648,3.6400948,-1.9793911,-0.020532655,-0.040556636,0.637037,-10.568621,39.155437,2.893494,-17.930586,0.0,0.0,0.0,0.0,0.0,0.0,452.58383,750.92554,-201.0,1877.9459,672.6379,-201.0,2307.414,981.2122,-201.0
1.3570112,3.542884,-1.1037489,-0.0102839945,-0.04347487,0.5704617,-10.457948,37.472515,5.0428576,-20.492867,0.0,0.0,0.0,0.0,0.0,0.0,456.3392,753.77374,-201.0,1882.7206,645.9285,-201.0,2264.9817,993.78217,-201.0
1.402256,2.840965,-0.6847353,-0.00030064513,-0.037472386,0.57374805,-10.4467535,34.90794,4.973063,-21.920176,16.182224,0.0,0.0,-13.148468,0.0,0.0,457.62244,803.51294,-131.24004,1844.3219,866.5698,-138.07722,2253.5798,889.85913,-139.18404
1.6845803,-3.626269,8.614756,0.01419269,-0.02941786,1.64608,-0.6449725,29.59597,1.9913225,-12.551698,16.280136,0.0,0.0,-12.716939,10.080604,37.365776,761.633,1011.36786,-75.4335,1955.2604,1825.7611,-85.26107,2439.1125,612.2714,-84.87677
1.7245936,-13.391357,22.061043,0.019301942,-0.029082455,2.9811218,13.101857,28.197332,-0.1979583,-3.8850482,16.353209,0.0,0.0,-8.521954,10.214058,37.179554,890.23804,1254.8252,-20.969688,1996.474,2214.003,-34.02302,2650.9521,671.3424,-31.908484
1.5658482,-24.381598,36.356937,0.0048765317,-0.028813949,3.8388243,22.976562,31.83364,4.651125,7.4129047,16.34053,0.0,0.0,-4.344847,10.797829,39.457596,843.67084,1504.062,-30.169418,1812.7793,2177.658,-43.4895,2788.1904,688.90924,-44.016354
1.1356312,-29.173208,39.96282,-0.05567153,-0.033201504,3.9230983,22.418097,38.472492,11.127252,10.85339,16.333948,0.0,0.0,-0.58226347,11.254174,42.104527,510.9209,1490.0248,-26.979483,1561.5859,1489.2452,-44.764378,2691.2678,650.89624,-49.306187
0.8818705,-32.395237,43.12657,-0.085408546,-0.027434722,3.3863542,21.814478,41.04918,14.677463,15.025627,16.36703,0.0,0.06907826,-2.0061538,12.09412,47.02907,338.10352,1553.0446,-20.480986,1352.6831,1456.194,-43.46728,2635.53,711.03253,-53.48645
0.7606928,-34.134247,45.59642,-0.113357455,-0.02543638,3.2922757,25.885,37.977688,12.151638,17.349615,16.44655,0.0,0.06907826,-6.5665364,11.454987,50.556416,529.4754,1490.6403,-22.280602,1669.7767,1438.2416,-45.512386,2868.6453,1066.7367,-54.355366
0.72198886,-36.04726,49.48413,-0.097938575,-0.021751052,3.300307,32.660778,35.258522,11.598067,20.58244,16.425344,0.0,0.06907826,-8.410189,8.51896,50.466846,673.20197,1621.941,-20.784384,1814.8086,1472.9932,-44.834198,3070.052,1320.341,-53.083645
0.6978905,-35.159813,48.464954,-0.088787615,-0.029371781,3.1608384,33.802055,36.896763,9.820694,19.158958,16.322945,0.0,0.06907826,-7.8992286,1.7687143,38.08215,685.8587,1701.4059,-16.436073,1717.7227,1563.5297,-37.02238,2966.6328,1333.0472,-45.030697
0.7407033,-32.2411,43.389797,-0.053913068,-0.037651118,2.9021978,33.62019,37.73265,6.797947,12.6604805,16.148798,0.0,0.06907826,-5.386708,-65.85441,-36.28008,419.74316,1976.3809,-12.2950325,1315.9584,1566.1417,-26.791407,2653.4043,1047.0018,-36.922382
0.80639935,-28.604149,37.371143,-0.05196916,-0.046444353,2.1592062,32.057766,35.112965,0.7666498,4.8926945,21.46341,0.0,0.77021676,-3.748846,-66.68035,-45.057373,289.43494,1833.3463,0.0,1045.9615,1427.5712,-15.490535,2356.8381,736.22534,-27.25032
0.94433117,-23.613611,31.292624,-0.04227556,-0.042496193,1.7806983,31.839136,27.52436,-2.690464,-1.2946994,26.792511,0.8091497,1.4713554,-1.7252046,-63.311066,-43.870346,292.18784,1620.901,-0.12390971,1063.1387,1173.596,-11.851432,2311.3818,511.6141,-22.878931
1.1161994,-18.181343,28.24346,-0.03701156,-0.032649126,1.4028635,30.568369,19.772844,-0.70282465,-1.3844763,32.22169,0.8091497,2.172494,0.36918673,2.831251,17.790363,369.31656,1314.92,0.96798974,1137.0975,997.76605,-9.202113,2302.836,445.46512,-16.822372
1.2478554,-11.876521,23.704622,-0.016361313,-0.016680801,1.2002565,27.74592,11.311421,1.0084689,-2.7930584,32.114635,0.55842847,1.4958552,0.7252601,4.336695,16.464106,323.46518,1342.4052,1.8883181,1147.9819,911.85516,-9.714971,2289.9158,456.09982,-13.857452
1.395764,-7.9552555,18.25699,-0.0005461492,-0.008008909,0.9621845,24.69026,3.902972,4.996484,-3.778537,31.773306,0.29102242,1.3861729,0.28635454,8.048701,17.94914,309.8721,1306.1396,0.0,1179.5637,810.48,-14.032292,2315.6682,409.65714,-14.487984
1.4362202,-7.031325,13.985809,-0.009336487,-0.005993338,0.9182019,22.312498,-0.4194633,7.795691,-4.2899337,31.466654,0.023860663,1.1313256,0.4957938,11.617352,19.985765,322.5486,1241.9762,2.1848357,1235.9851,773.0393,-20.925573,2334.953,411.02722,-17.181433
1.2860402,-10.093436,14.049121,-0.016257824,-0.00863834,0.8222696,23.057917,3.5314648,12.180352,1.6657734,31.15697,0.0072351224,1.5978254,1.0676609,14.377826,21.35447,358.80566,1114.7836,1.6627892,1287.1012,732.3562,-25.824936,2344.5547,406.87698,-19.691679
1.073991,-13.768433,16.19702,-0.016245794,-0.013098863,0.8510676,23.899912,10.560082,13.368796,5.186287,31.100374,0.017336078,1.1904134,1.5994477,13.95638,22.072296,361.15958,1121.1055,0.910608,1303.5752,787.0173,-24.825342,2327.4094,431.82205,-21.161688
0.9243441,-17.309069,17.880632,-0.015006031,-0.017663362,0.89545137,26.051659,17.323236,17.656096,8.101378,31.011496,0.026845003,0.9801567,0.98721117,12.20329,19.720236,364.79947,1109.1279,0.9875965,1317.9481,862.8804,-19.26702,2297.4058,435.98434,-18.732641
0.9154148,-18.048231,17.403,-0.011629174,-0.018920934,0.85640305,26.818382,18.38169,20.263098,6.5018997,30.868223,0.031805314,1.5750891,-0.12858705,9.804226,17.354269,362.01114,1113.8915,1.2652429,1322.0991,887.2783,-11.949168,2275.927,447.42615,-16.089027
1.000192,-17.254168,15.857571,-0.01786944,-0.018760791,0.808219,28.41867,15.420697,23.000128,6.620565,30.65271,0.024677178,2.5085933,-1.0592852,7.317518,14.095413,366.18274,1137.216,1.3006481,1326.669,914.0837,-5.871104,2277.3494,500.69482,-12.7947645
1.1885961,-12.244773,13.047836,-0.013761255,-0.011980469,0.9407355,27.75917,5.0977626,17.25451,5.3313174,30.40479,0.033690695,2.3185797,-1.1562881,5.533173,13.032138,362.559,1156.8052,1.4171529,1300.1464,839.85565,-1.9771676,2299.3557,522.80334,-11.614985
1.4856157,-7.7659745,12.345548,-0.019697456,-0.009903916,0.9958294,25.75945,-1.8563055,11.076045,2.2115023,30.215128,0.047437806,1.2786685,-0.6857278,3.901989,12.010608,380.32303,1175.7919,0.9799123,1288.7754,858.029,-0.14067014,2333.194,560.6172,-10.217254
1.6894784,-3.4483044,9.624999,-0.017284038,-0.0035448463,1.0693296,21.81678,-6.7972393,3.4751542,-0.90769243,30.110268,0.046323072,0.95257765,-0.4102334,2.5067117,11.315392,396.54135,1161.6528,1.4848455,1262.1775,856.94434,0.15273094,2330.6973,550.9212,-8.655888
1.7191147,-3.608371,10.310767,-0.024383152,-0.0056015253,0.9308465,20.282019,-3.5964296,0.8875471,-3.59908,30.063711,0.028157292,1.102569,-0.5646847,1.3084785,12.829005,403.5255,1231.8007,2.2612064,1220.3768,948.64484,-0.7593107,2300.0632,554.8311,-9.393141
1.6511704,-4.131126,9.633237,-0.012202988,-0.008768248,0.88959163,21.155706,-1.7795652,-1.9885863,-7.504432,27.741568,0.0099915145,1.2525601,-2.1592596,-1.3451351,16.758078,622.33575,1213.6798,-1.9578444,1530.1963,854.38776,-7.2143917,2624.3445,518.02484,-15.42159
1.4928445,-7.0522895,13.562299,-0.013474903,-0.01958499,0.8821464,23.932035,4.6089463,-2.9321213,-13.371287,25.429512,0.0087344,0.6571146,-3.0470684,-2.8402169,20.318869,586.622,1377.1727,-3.024079,1466.5236,944.11847,-13.232834,2611.2478,504.28134,-21.5437
1.2886356,-12.601293,18.833082,0.008051052,-0.030684084,0.98235303,26.110361,12.977153,-2.444363,-19.905424,23.085459,0.0087344,0.6571146,-3.704999,-2.5565286,24.21044,523.6567,1494.8058,-5.627289,1407.3356,951.92505,-18.701155,2642.3066,417.41238,-28.038477
0.990886,-18.018257,25.43981,-0.0026040494,-0.033245962,1.0694683,28.173048,20.85016,-0.39945403,-16.302816,23.066473,0.111186765,1.0928077,-3.0135267,1.475844,27.666845,296.7998,1553.4819,-1.9273707,1079.6464,1113.485,-21.626326,2321.5784,486.97116,-31.184187
0.74293894,-20.505228,29.169779,-0.0017569034,-0.02911006,1.0139493,28.404943,22.995758,2.774615,-9.916163,23.105753,0.21363913,1.5285006,-3.0859318,4.34261,31.623652,321.3533,1427.4569,-2.1233475,1139.9366,1079.0392,-26.818163,2351.116,516.9197,-34.702602
0.5744522,-21.227896,32.11769,-0.018615982,-0.018148422,0.7545802,29.66598,24.144524,4.86371,-0.10149392,23.202261,0.31609148,1.9641935,-4.075475,5.357544,32.8223,383.72302,1241.0222,-1.0610477,1232.9452,1045.9825,-30.882858,2371.8503,646.5238,-35.653076
0.4835371,-21.19266,32.16052,-0.012750198,-0.021602334,0.55861884,28.835327,27.145218,5.6020474,-5.2038536,23.26927,0.22381897,1.565039,-7.061005,3.9383612,30.022715,383.50943,1321.5734,-0.5618568,1197.3673,1139.1449,-32.19637,2407.0374,627.6572,-33.082153
0.48619935,-22.952139,32.840866,-0.015909797,-0.023081034,0.5330212,27.55739,35.716583,3.6058471,-5.1111064,21.970484,0.13154648,1.1658845,-7.200151,6.857351,26.876719,386.14047,1323.667,0.06740133,1186.519,1134.285,-27.65666,2563.876,575.49713,-27.418814
0.5924779,-18.606241,25.268517,-0.006582391,-0.022217862,0.5677173,18.234339,37.844288,4.2655454,-4.6573806,25.018303,0.039273966,0.76673,-5.0562363,8.736339,26.673609,380.58322,1285.9907,-0.11119127,1294.8866,1053.4899,-28.695425,2621.8455,533.72455,-26.58017
0.7955187,-15.53333,21.092321,-0.0060773008,-0.015698005,0.569982,11.172978,37.356846,8.202334,0.9690493,28.13417,0.32940403,1.350166,-0.37256718,11.187646,30.864252,374.24356,1133.2262,0.75184184,1442.0201,804.30273,-30.983788,2677.5198,352.74292,-28.723822
0.9815758,-14.85878,20.517702,0.0037840214,-0.017065046,0.78458565,10.630504,33.405506,10.023994,1.678617,32.6901,0.6195341,1.933602,1.8868771,8.761741,32.813263,377.62622,1118.2246,2.1291072,1492.2894,871.54126,-31.87699,2542.9312,439.76328,-30.684156
1.0513318,-18.504309,26.47476,0.010664948,-0.027415738,0.99186546,17.47838,32.833897,5.1774993,-4.804074,32.911945,0.61627775,2.4971526,2.7661335,6.187327,31.456215,354.05795,1267.3553,3.7274754,1323.6552,980.8198,-24.030416,2488.9822,422.26184,-28.253159
1.0939206,-23.091278,30.082502,0.02545315,-0.04083334,1.2118567,24.658379,33.812492,1.8375196,-14.009051,33.04828,0.32166293,2.7926838,2.835899,3.0913994,24.731024,535.95667,1268.2782,0.0,1587.6924,905.7207,-18.726767,2740.8086,431.5287,-22.614832
1.1139693,-22.034897,26.889145,0.029640466,-0.04867506,1.2360693,26.377539,30.264908,0.22199722,-23.205317,33.01507,0.033015452,2.2952354,2.1705153,0.8684961,19.52546,489.39517,1441.5831,-7.843938,1459.3911,860.9699,-14.260269,2708.2686,303.13504,-19.665838
1.2491583,-20.725708,23.292547,0.02093585,-0.048554763,1.1994586,27.661982,26.016907,1.7108359,-25.316942,32.934742,0.030732216,2.0167012,1.4964849,0.044145584,15.263865,505.70175,1398.4717,0.0,1467.939,832.2427,-13.438037,2688.6863,271.97662,-16.954426
1.3136111,-14.5538225,17.6584,0.0031296955,-0.040967684,1.2582926,24.735336,18.151865,-0.93550915,-21.266329,32.861774,0.026576692,1.091169,1.6155764,-0.08126656,14.166036,304.87402,1567.9603,-2.729826,1046.8337,1063.9637,-8.946821,2325.581,380.68637,-16.647234
1.4525499,-10.304881,15.367923,-0.0063994266,-0.023936763,1.0941924,22.485336,12.202933,-0.47951427,-14.705295,32.796387,0.019827673,1.4555794,2.4052477,0.226353,12.008197,587.2475,1297.246,-5.547909,1496.1582,829.3703,-11.278606,2710.2678,404.30167,-14.581966
1.5506397,-6.163975,12.174747,-0.008421314,-0.013602509,1.0641407,19.082506,5.6753716,3.3727973,-10.336892,32.720463,0.012851966,1.1982503,2.975702,1.3171864,11.439872,845.20044,1114.0377,-9.719598,1902.875,632.79956,-12.91827,3072.8699,358.59402,-13.44643
1.7159142,-6.880015,11.835122,-0.006784529,-0.010180242,0.99751335,18.57913,4.7919927,8.956021,-6.321877,32.631924,0.009691515,1.133794,2.533755,4.1836376,12.450503,862.5049,959.63885,-8.73645,1974.4164,518.26874,-15.861922,3086.504,348.01614,-13.473912
1.7556802,-6.7889733,10.516693,-0.006321151,-0.015910221,1.0384983,17.41738,2.649338,13.340634,-5.2777276,32.495472,0.0020302988,0.8781776,2.0281863,7.9277043,15.076579,615.7238,988.3952,-4.9300613,1644.5377,575.51855,-18.469017,2722.598,323.6251,-15.267738
1.6620699,-8.371374,11.606439,0.0005954516,-0.018511238,1.0170611,18.189049,3.3798354,18.30323,-1.3872362,32.42787,0.0029087837,0.8483367,2.2302659,10.698508,17.688301,354.08508,1074.9537,0.036450226,1340.3744,636.61475,-23.12731,2370.1235,413.7159,-17.65185
1.3914895,-11.678248,13.97939,0.009987495,-0.02437213,0.91754985,21.326067,6.2162337,22.411776,-1.3815584,32.39212,0.002833343,0.70822716,3.1244802,11.365597,19.591835,365.9502,1101.442,-0.14872153,1418.0753,885.8929,-26.5362,2301.057,505.95618,-19.740555
1.1423225,-15.909764,16.825598,0.0058381557,-0.02909868,0.8979628,26.164831,12.024986,24.727137,0.587621,32.438244,0.010127106,0.5509374,3.6105137,10.640046,21.68722,372.07254,1146.252,-0.9204729,1402.0776,1033.7653,-31.01854,2272.485,532.116,-22.607695
0.9847793,-20.259878,19.87982,0.007197531,-0.031061828,0.8812942,30.309584,17.943565,22.181961,0.6032508,32.399685,0.023749111,0.62175196,3.0260687,9.42728,23.646057,385.8206,1135.5166,-2.0211911,1359.2383,1134.1259,-34.820736,2249.4707,481.93945,-25.667246
0.92485476,-21.805796,21.897135,-0.0031530533,-0.03600109,0.93295413,32.2784,20.301607,18.476665,3.5970252,32.294033,0.039172888,1.2764689,1.9374715,7.301868,24.429777,387.63162,1166.7557,-4.4538727,1283.785,1058.1742,-38.987263,2299.5557,468.33945,-28.88365
0.8545611,-23.588308,26.060404,0.007935538,-0.04093328,0.86430293,32.231945,22.68138,14.924127,3.8500216,32.387135,0.050987277,1.4607223,1.2773952,5.021955,20.733057,393.80835,1196.0934,-6.276193,1284.8672,1111.0929,-37.932983,2286.289,578.61395,-27.009249
0.76782274,-23.948196,27.941591,-0.005351532,-0.047125366,0.8330783,32.11375,23.3881,14.869082,5.216336,32.74367,0.05644697,1.9041318,1.1484314,6.187046,17.06308,400.36377,1216.0197,-5.067434,1323.1317,1138.4281,-32.524357,2328.6726,662.0926,-22.130514
0.7348282,-23.901442,30.65744,-0.0075849122,-0.043625195,0.7970293,31.606728,22.33709,14.953186,5.3003383,33.193787,0.06034432,2.0126154,1.7572412,6.5697136,13.651135,400.51138,1221.64,-0.854706,1336.3522,1123.4152,-25.05172,2367.3591,785.5532,-14.505841
0.9230396,-19.896475,24.50164,-0.008897117,-0.041068975,0.9905998,28.940994,17.843573,20.18757,6.0007386,33.448727,0.053744256,1.7082659,3.0674164,6.4358845,13.920288,391.65054,1198.9961,3.3291595,1421.6963,1021.10077,-17.807047,2391.831,803.39325,-10.591129
1.2809473,-14.732167,19.72619,0.013423693,-0.03919011,1.1901696,23.395037,10.4699,20.133415,4.8865194,33.477947,0.05010699,1.1167425,4.683446,3.3831756,13.848798,320.78513,1273.3893,4.8876085,1407.3485,916.11273,-16.013039,2360.83,808.36847,-9.676502
1.5582429,-10.639982,12.817637,0.020600127,-0.034656648,1.3437672,19.112453,6.493,18.249796,6.8455963,33.428795,0.046291023,1.3037896,5.3983974,2.4740689,17.45227,316.73056,1169.9403,0.0,1436.0953,750.8354,-16.540907,2330.139,690.9288,-14.549698
1.633207,-11.324855,13.704578,0.025884962,-0.030544149,1.2056397,19.343702,6.759187,12.679454,8.627285,33.266674,0.035428133,1.2803779,4.1715317,2.3734236,21.582998,319.4631,1170.7252,0.58731914,1368.3896,796.0066,-18.539917,2308.7727,632.7476,-20.277563
1.4420131,-13.282482,14.399223,0.01445531,-0.024814852,1.1117134,22.199188,11.110508,9.990903,7.8534846,33.158676,0.027793732,1.6563815,3.1266048,2.549256,25.308472,372.90405,1164.6371,-66.60845,1328.1691,931.0617,-79.67784,2280.7263,600.57764,-83.48077
1.213863,-16.237368,18.091375,0.023271352,-0.030104423,0.8282917,25.105873,16.444183,10.221916,3.4324408,0.0,0.0,0.0,0.0,0.0,0.0,265.96747,1683.2299,-133.92897,1133.7408,1292.6652,-140.17876,2220.016,663.5818,-142.55551
0.90151435,-19.403679,21.623972,0.02142822,-0.03549226,0.85727644,28.068995,20.373545,10.425114,-2.037227,0.0,0.0,0.0,0.0,0.0,0.0,286.61252,1841.7091,-133.1361,1014.6738,1470.7382,-140.7538,2209.8567,659.1801,-144.17072
0.6759972,-23.916113,28.579893,0.016405571,-0.043136824,0.7187478,33.073483,24.455107,12.121468,-1.2301183,23.091978,0.0,0.0,-1.2360674,5.4315567,31.081848,437.75467,1802.9176,-74.1339,1352.421,1399.3514,-84.29835,2384.4365,1212.732,-87.71525
0.5622898,-24.882463,30.124367,0.034617778,-0.04468498,0.792171,35.61819,23.916155,11.442859,-3.507754,23.13589,0.0,0.0,-1.7857838,4.8495817,27.85856,551.8736,1486.9507,-6.519918,1411.9867,1281.3612,-21.54482,2419.75,1127.2917,-28.392975
0.5308836,-26.172083,32.292828,0.061724603,-0.04819031,0.518017,38.5696,25.344572,10.041402,-3.291083,23.180016,0.0,2.2257633,-1.5902987,4.1063924,26.232458,698.8501,1365.6107,-74.383835,1827.5566,990.6011,-81.791016,2791.0977,1204.0986,-85.22227
0.5102983,-26.029814,32.472828,0.06827351,-0.05097956,0.38411093,39.602863,27.295877,6.5819354,-6.6110864,0.0,0.0,0.0,0.0,0.0,0.0,563.5174,1511.2086,-133.386,1439.4833,1155.7833,-138.24648,2666.716,729.84357,-141.67772
0.53173316,-25.166224,33.262115,0.040628735,-0.049646243,0.2758452,38.604847,26.004692,2.7157733,-7.4705253,0.0,0.0,0.0,0.0,0.0,0.0,621.8572,1540.52,-201.0,1299.8657,2023.4266,-201.0,2515.0767,979.1504,-201.0
1.3907262,-14.475548,25.270163,0.009799937,-0.02707038,1.2362148,26.58848,14.462197,-4.7171,-6.542803,0.0,0.0,0.0,0.0,0.0,0.0,463.36044,1601.3086,-201.0,943.2917,2272.7305,-201.0,2166.386,1055.7399,-201.0
2.2622535,-4.232833,14.646259,-0.00068215496,-0.0068009063,1.7071514,13.713021,2.413371,-6.8974586,-3.416404,0.0,0.0,0.0,0.0,0.0,0.0,535.08124,1330.2072,-135.24107,1093.3961,2600.5867,-136.50783,2032.3756,1098.5566,-136.64827
2.9572468,1.2759799,8.76215,0.0061707124,0.0064605554,2.286971,5.4406447,-1.6772352,-7.3395934,1.3447237,32.24987,0.0,0.0,-2.5311155,4.2399445,13.8180065,709.1536,1152.8281,-66.951866,1553.0992,1618.5968,-72.58625,2524.2148,755.8926,-73.7515
2.9986017,-0.42548785,10.844823,0.013350263,0.00080918684,2.1167176,7.386849,-0.41773143,-4.733421,2.4682581,32.20619,0.0,0.0,-1.1286705,2.367225,16.477724,853.2593,1031.3014,-2.971917,1799.6484,1420.8268,-10.69115,2770.3313,583.8846,-12.398911
2.7026198,-2.592921,14.3030815,0.030345103,-0.009323919,2.1519847,11.44915,1.718233,-7.428842,-2.7930691,32.12617,0.0,0.0,1.4573759,-1.0045075,21.817085,956.46356,1045.5487,-4.3337216,1968.5118,877.302,-14.935649,3136.445,452.85684,-17.667723
2.3488157,-4.1687455,16.312597,0.022164457,-0.013350099,1.9951319,15.386102,1.6394768,-8.922704,-4.427843,31.971148,0.0,0.0,3.3310585,-3.7030926,24.035057,926.908,1083.6749,-8.60357,2004.5853,818.1792,-19.589628,3137.114,574.94305,-21.23894
1.8320752,-8.091339,19.9354,0.026212757,-0.020121535,1.5642709,19.379278,5.717385,-8.755869,-7.187509,31.794907,0.092374966,1.8890824,3.9395552,-4.596319,23.815964,749.50903,1189.1644,-4.720066,1779.6844,893.5948,-18.250105,2881.4102,648.3144,-21.774706
1.6458821,-11.493004,24.267984,0.019312002,-0.019625813,1.2784528,21.82041,8.421903,-7.3052936,-7.543072,31.609558,0.067387246,1.531065,2.6338427,-3.5979288,22.194778,561.2095,1318.8842,-0.7205308,1523.5132,995.18365,-15.2326765,2656.2786,730.1707,-19.415483
1.5591631,-12.8097105,25.13833,0.027323512,-0.019894378,1.1011356,22.404718,10.119427,-4.4595623,-8.453839,28.690783,0.15843862,1.7302307,0.26706472,-3.7644017,20.538485,340.75986,1264.4359,3.0569742,1247.7377,952.0109,-12.8679,2352.5098,673.7712,-19.349083
1.4308496,-13.427312,22.347723,0.012310695,-0.020891039,0.95723754,22.11589,12.282365,-1.1603377,-9.08561,25.815985,0.28129175,1.1396168,-1.1649791,-3.49278,21.68794,363.2527,1122.9526,2.1478608,1267.3385,840.2608,-16.258446,2381.839,540.80975,-22.488663
1.186167,-13.885297,19.721516,0.010077902,-0.01828591,1.075962,19.682756,17.023666,2.262477,-6.7554893,22.974777,0.41323173,1.3019102,-1.5409025,-2.775758,24.072527,361.33813,1088.3496,-0.46767673,1274.1447,793.95026,-21.4509,2350.8406,416.0519,-27.315962
1.0247221,-13.305011,17.331118,-0.0018467102,-0.020984622,0.87329817,16.274471,25.545395,1.2491144,-10.338592,22.955473,0.28274205,1.267805,-1.121749,0.4415222,25.292582,377.59482,1070.2172,-1.3872846,1301.726,864.9257,-24.972525,2519.8662,360.09396,-28.920496
0.88286084,-12.67347,17.052126,-0.0050073722,-0.02543906,0.74472064,13.607211,32.01663,-1.3903952,-15.669617,22.973719,0.14709155,1.1764549,-1.8507853,4.401502,23.894545,389.64273,1101.3563,-1.3137802,1304.0214,973.16766,-26.519432,2682.1472,384.98022,-28.345568
0.83095723,-12.196198,15.717015,-0.01737369,-0.036369298,0.46231332,12.545311,35.948376,-3.514951,-20.22628,22.986586,0.014021471,1.1137272,-2.3377824,6.343018,21.83318,436.68088,1153.4634,-67.09489,1248.6444,1251.7769,-84.59208,2758.301,324.0223,-84.96041
0.84125304,-10.192159,12.694183,-0.014074877,-0.038158465,0.43988958,11.023533,35.94654,-3.3056564,-23.21501,0.0,0.0,0.0,0.0,0.0,0.0,436.84262,1156.9437,-133.97215,1243.8125,1281.3673,-142.70284,2684.2986,406.8212,-142.74782
0.9027154,-8.460639,10.192982,-0.020992853,-0.03548318,0.4438994,8.291961,37.971573,-3.4642885,-19.729837,0.0,0.0,0.0,0.0,0.0,0.0,445.95908,1146.7065,-201.0,1295.9642,1385.2812,-201.0,2675.2676,341.96738,-201.0
1.0950049,-5.793495,7.34981,-0.012723339,-0.031017097,0.4579941,4.430063,38.9027,-4.483422,-15.459068,0.0,0.0,0.0,0.0,0.0,0.0,419.7251,1054.8934,-201.0,1455.2948,1147.7167,-201.0,2717.3074,519.5478,-201.0
1.175443,-5.7265167,8.223368,-0.011216454,-0.027648747,0.49672583,2.897359,36.563065,-7.1332145,-8.3775625,0.0,0.0,0.0,0.0,0.0,0.0,419.57556,1020.02374,-133.70686,1487.4227,1013.9096,-134.70534,2703.3418,520.4569,-137.88184
1.2218682,-7.4944115,11.268204,0.014807397,-0.024235256,0.6477758,6.0272927,30.51902,-8.5842705,-4.8910947,31.00333,0.0,0.0,-2.063862,1.6574514,14.433173,359.31174,1151.1561,-100.060295,1400.6571,900.48224,-68.44823,2502.1165,618.5496,-76.285255
1.2944447,-8.475763,12.495664,0.018527685,-0.020439247,0.9358332,13.511106,19.85319,-9.6929865,-5.054532,30.77793,0.0,0.0,-2.1325204,2.2400856,14.590812,347.53018,1150.6348,0.0,1277.6581,830.6032,-2.8086147,2356.254,501.8054,-14.399783
1.4893441,-8.423923,13.684704,0.025099272,-0.015669426,1.1766711,19.297516,10.168633,-8.679769,-6.037049,30.46227,0.0,0.0,-1.0401868,3.1201332,13.58524,338.85126,1183.1908,-0.52238226,1208.111,869.215,-3.4444125,2246.273,445.6683,-13.8897705
1.6357466,-5.5403533,11.635971,0.0146560995,-0.009376759,1.2350645,19.931082,1.1604263,-7.334747,-4.878838,30.208183,0.0,0.6232754,-0.35626867,3.2817383,10.96284,382.5352,1074.7415,-1.7508112,1231.4812,824.6953,-4.432941,2262.343,453.58926,-11.617435
1.6820339,-4.479382,11.499045,0.022319602,-0.0050497516,1.0719565,18.572485,-2.8696492,-4.600586,-2.9613762,30.186913,0.03385722,0.98473865,0.76060265,3.279628,8.608958,403.0952,1073.5326,-3.0059395,1260.718,878.46924,-5.6945014,2263.8303,543.317,-9.385674
1.6426674,-3.7849438,10.549431,0.0183003,-0.006319042,0.8943054,17.821974,-6.155333,-0.8619996,-2.435516,30.24801,0.026604295,1.8472776,0.74161404,3.5206459,7.6873,411.61465,1073.7701,-4.627937,1288.3143,883.8606,-8.207982,2263.7126,622.5361,-8.794593
1.6937846,-3.4377878,10.147216,0.0128762685,-0.0118628815,0.8033319,18.667334,-7.809961,3.8672745,-2.4449341,30.300062,0.012951404,2.0193655,-0.8028087,4.0370812,7.7393913,414.3754,1048.9974,-4.461975,1310.1162,824.9326,-11.636588,2269.9075,653.2351,-9.776936
1.7262245,-2.0513856,8.280349,0.0060181227,-0.016212061,0.7801592,17.375368,-9.58108,7.454787,-2.5402002,30.318436,0.008883353,2.1752155,-1.7446014,4.3561106,7.6868644,392.38095,1036.3951,-70.06101,1315.378,716.0733,-76.01464,2269.492,622.81616,-73.894165
1.6080812,-3.7317677,9.84223,-0.002268319,-0.023502806,0.8475232,18.371225,-6.2838707,8.812123,0.93219185,0.0,0.0,0.0,0.0,0.0,0.0,393.4294,975.34576,-66.32928,1352.8629,637.1206,-76.52082,2271.1233,620.83075,-70.73321
1.4011397,-5.5241413,10.447254,-0.0042680777,-0.027773649,0.7913148,16.5951,0.2594379,10.81042,3.824564,12.575375,0.0,0.0,-5.0986533,-5.727171,5.6597233,392.6936,926.15497,-63.216488,1420.9946,543.09814,-77.81622,2300.9333,676.57635,-66.90647
1.2314178,-7.2074637,11.054158,-0.013071012,-0.030168457,0.68529224,14.113052,8.290867,15.446185,8.065849,12.604323,0.0,0.0,-4.90964,-6.013214,6.9723244,399.49136,857.39044,5.231218,1480.047,386.68295,-17.81583,2361.714,690.08966,-1.4294263
1.1789676,-6.845447,10.535408,-0.0087441625,-0.028516337,0.57103485,9.59513,13.5085745,21.247843,4.296219,12.484089,0.0,0.0,-4.1845183,-6.6829476,8.569794,388.99796,841.7554,1.1416683,1522.5225,207.4707,-20.293894,2421.8838,678.1202,-3.2593348
1.2158805,-5.9615383,10.217885,-0.0122562,-0.029411277,0.5414733,6.8878827,16.082829,26.202864,-0.56281406,12.690277,0.0,0.0,-4.44793,-7.354243,8.865315,384.38925,811.7299,0.9979563,1531.1217,70.129616,-21.179468,2452.9553,615.5255,-3.532381
1.1707484,-5.6048617,11.236046,-0.00971022,-0.03549028,0.54055864,5.3911786,18.87002,28.677534,-7.634543,15.511093,0.0,0.5603817,-3.8016765,3.9540966,10.80366,380.04028,792.7576,-1.9381905,1558.4595,123.06064,-23.832163,2488.7126,614.24554,-4.0319686
1.1960148,-6.5477147,12.267146,-0.019177279,-0.04012595,0.59091175,5.7894015,21.264704,30.105314,-7.8530154,22.75772,0.0,0.662261,-2.807347,8.4514265,10.710431,382.45923,821.14325,-3.200857,1606.1625,124.48762,-28.427603,2489.9324,798.284,-9.176052
1.260443,-7.147049,12.9191475,-0.015847014,-0.046540767,0.6976897,6.417876,22.341848,30.709711,-8.091832,29.783464,1.0,0.7641403,-0.5271018,18.81518,14.572281,380.65756,855.07764,-5.770382,1634.9872,120.413506,-33.27039,2542.1472,871.07837,-15.739236
1.3611721,-9.59388,14.806066,-0.019213863,-0.051863696,0.8579462,7.8857,24.498877,24.326387,-9.79465,34.137463,0.6697891,0.9230278,1.6609488,14.444949,17.074411,410.9233,927.03076,-2.7022502,1756.0448,133.33926,-29.67805,2459.4255,1734.3138,-19.776663
1.5119706,-9.875194,14.659892,-0.001749636,-0.05449252,0.8494024,6.6317744,26.37445,18.680511,-12.392471,34.14317,0.3639039,0.7912466,3.5346415,19.884829,20.54479,418.1892,911.7122,4.105096,1762.4742,249.21478,-24.748718,2426.6611,1610.5098,-16.439693
1.6004353,-12.595407,17.525627,0.010315183,-0.05322708,1.1209661,8.436505,28.607553,12.621731,-11.527909,34.050873,0.09327006,0.5848378,4.275105,17.283161,19.991407,422.01627,937.9905,9.460717,1784.5726,489.15723,-17.802889,2300.6445,1648.752,-10.530689
1.646874,-14.21177,18.834139,0.038185496,-0.048787892,1.2173663,10.333111,26.495329,10.477502,-9.128345,33.907833,0.10010046,0.65800387,3.6686296,17.443354,17.887293,390.14603,997.53876,12.470738,1713.9098,566.8888,-16.88309,2396.1233,1254.3927,-5.416555
1.625217,-14.949815,19.376848,0.042944316,-0.04844804,1.2742758,14.072552,21.258718,11.802864,-9.6947,33.75436,0.07455356,0.709959,2.511508,15.016445,17.221125,378.28076,1029.2645,13.083917,1681.159,564.0527,-17.156353,2414.3928,1307.4176,-4.137209
1.5528717,-12.8697815,16.387371,0.042553727,-0.047126,1.0604235,14.614217,15.630707,12.163043,-11.408291,33.548218,0.015191573,0.7622671,1.0175676,15.365341,16.137283,378.01578,994.0793,12.217049,1642.4225,436.5848,-18.150679,2479.7385,1280.7053,-3.9202344
1.554216,-10.418256,14.191456,0.028984092,-0.043357488,0.89999366,15.644554,11.977841,16.459383,-11.269859,33.321125,0.007428231,0.88321495,-0.45753714,15.137713,13.780744,379.394,911.43823,11.140121,1586.754,349.95447,-18.44432,2428.5796,878.7375,-2.640623
1.5541372,-9.528619,13.068967,0.02800941,-0.041882038,0.80830497,16.1715,11.033206,16.93435,-6.5521584,33.055096,0.0071784803,0.8481311,-1.7815949,12.739247,10.099878,383.59595,897.6997,10.081671,1567.707,357.00073,-14.268467,2427.248,835.9497,-0.01820763
1.5764633,-7.6088505,9.977994,0.022465045,-0.040065188,0.91197723,14.46872,8.246993,17.240973,-4.516651,32.814213,0.006746328,0.83994824,-2.5376596,7.9658885,7.66296,385.7902,848.8653,7.9809723,1541.1011,296.5032,-10.330435,2417.673,753.1474,0.31801224
1.6081238,-5.445869,6.9107614,0.0317792,-0.037969913,0.9743459,12.760956,2.930638,16.980093,-4.542358,32.605965,0.03450168,1.0241851,-2.9862022,2.6295455,6.761702,378.12338,831.2154,4.997659,1506.7137,245.0153,-10.405983,2405.5256,676.53174,-1.7640429
1.641328,-3.5708911,5.102328,0.023443997,-0.036585666,1.193877,11.904422,-0.70074725,17.131409,-4.1536736,29.62662,0.06279496,1.574454,-2.5187933,0.056237776,6.51821,381.94153,789.8669,3.68942,1475.4512,221.17024,-11.517915,2384.2634,598.1136,-4.5120273
1.6525893,-5.530871,6.832804,0.032891154,-0.037216667,1.0674433,15.959914,-1.346764,15.743014,-1.9181395,26.70877,0.17950952,1.4829682,-1.1138505,1.2551507,8.900281,379.95142,840.50995,3.8001823,1446.5449,353.13504,-15.7567835,2354.1482,577.0404,-8.706538
1.435433,-9.166211,11.517825,0.025690148,-0.042497814,1.1814398,20.282928,0.7021206,10.318,-3.747754,23.855402,0.26918465,0.7938402,0.6974334,5.189872,11.434064,405.079,886.2587,-3.142205,1439.5541,639.98883,-18.389437,2297.3474,621.98944,-12.386143
1.1662855,-13.768224,18.022364,0.032498732,-0.042894334,0.8967581,24.817474,3.3426507,4.0810122,-6.4671874,23.852127,0.24055175,1.3104274,0.810383,7.1702957,16.899939,428.3027,1005.29694,-4.1185837,1518.1465,1063.0272,-24.624575,2173.2278,868.37494,-18.5458
0.9149727,-16.676306,22.69858,0.02559604,-0.0440236,0.6717121,26.748861,6.3177524,0.074591935,-12.156148,22.141565,0.20384224,1.3099915,-2.9880693,7.672507,23.030174,418.22168,1504.5519,-2.8877132,1299.9183,1391.7217,-13.738669,2084.1082,891.52344,-18.790218
0.83034253,-19.894783,26.837252,0.017788975,-0.04817384,0.3613613,28.360178,11.613482,-3.1653042,-16.119772,19.795645,0.16713274,1.3095556,-8.235282,7.866558,31.595718,537.89105,1590.5773,6.099009,1495.4547,1287.7677,-10.4493,2453.6174,743.0903,-20.539251
0.8613284,-20.176126,27.4639,0.022815704,-0.05307092,0.3331876,25.611639,16.990057,-4.657315,-23.961174,17.498985,0.24873127,0.10340461,-13.014718,10.589734,35.40076,557.3118,1697.2855,-2.1822815,1270.003,1460.5204,-8.245585,2630.0999,599.9511,-23.355713
0.9438534,-23.919985,33.92851,0.005967371,-0.0452379,1.621769,28.257029,23.47066,-1.0281715,-15.418484,16.95676,0.24873127,0.10340461,-10.732883,13.780044,34.374737,704.0481,1390.6649,-9.56205,1612.8843,1353.7616,-23.471405,2950.9668,646.7033,-29.650702
1.1156385,-24.701101,35.940098,-0.012387623,-0.035295587,2.2608116,28.865778,23.883766,6.542895,-5.587837,17.001076,0.24873127,0.10340461,-5.9547267,14.048055,29.520653,765.4197,1393.17,-21.086275,1672.5013,1368.8365,-31.509531,2934.557,782.6372,-35.137585
1.2651416,-24.304155,36.155346,-0.047759235,-0.020869246,3.436793,29.54888,18.317507,13.267002,6.270447,17.689276,0.24873127,0.10340461,-1.1343254,10.531892,25.605562,739.7407,1287.7401,-19.394953,1838.8265,1062.9528,-36.960495,2847.5266,818.72705,-38.09823
1.2235181,-24.291916,37.046513,-0.06364089,-0.02232775,2.736387,27.167376,15.828374,11.70087,5.050171,18.340828,0.16768366,0.22255222,-0.9164741,5.6008344,21.93753,755.1655,1180.9924,-23.556116,1920.9769,1005.2233,-40.157684,2864.3333,859.7187,-39.732758
1.1081511,-25.70841,37.99721,-0.07997658,-0.02872152,2.4580104,25.866568,18.380688,10.870743,1.0994805,19.671537,0.13254638,1.0438195,-2.661247,10.966229,20.583681,700.8486,1099.1014,-15.740468,1944.2552,915.20355,-36.960674,2888.8914,860.63446,-38.106606
0.9068007,-27.925276,39.299793,-0.071945645,-0.039170567,2.2880328,29.0884,24.292154,5.5608597,-1.9211553,20.125929,0.09740911,1.8650869,-3.7827122,13.664159,19.33291,776.32465,1160.3348,-8.839208,2086.9812,932.31396,-32.753395,3106.9172,869.3362,-30.850382
0.9306803,-25.131433,35.565228,-0.059663698,-0.045878883,1.9806948,29.714033,26.443113,1.3472611,-8.200714,18.89842,0.1700939,2.3635142,-5.158465,10.72745,17.329805,622.5955,1328.539,1.3101944,1754.3322,1003.1096,-21.500391,2888.2815,785.91547,-24.107336
1.0299419,-19.8016,30.113806,-0.020968452,-0.041985776,2.041897,30.227869,23.66865,-6.5903187,-11.400868,16.204649,0.19686835,2.1598217,-6.1140213,-0.6701422,13.485021,476.9796,1378.5947,3.4462044,1379.3809,1128.2448,-14.943784,2545.052,686.7283,-18.612547
1.2134125,-16.514128,27.836433,8.416176e-05,-0.037262578,1.2771602,28.503601,22.074888,-10.176444,-15.464874,13.427413,0.21156363,1.3924518,-6.8080235,-6.788748,9.314767,378.76245,1294.8029,3.3892243,1124.2177,984.09576,-10.132472,2358.4788,466.88828,-16.19193
1.34942,-14.213971,25.154625,0.010692331,-0.031200552,1.2163936,26.843172,19.84332,-11.872012,-15.083646,14.636436,0.30722022,0.8158908,-5.941425,-4.013265,9.271886,378.30045,1081.0411,3.8919878,1181.5063,810.2547,-9.925357,2344.0986,373.98843,-12.546822
1.3840722,-14.6303215,22.450226,0.0022659965,-0.0305011,1.0296389,25.525946,18.232195,-9.4638815,-10.257176,15.224152,0.40287685,0.23932971,-6.008904,-1.5601101,13.598679,387.47574,1044.0566,7.2990785,1220.0884,823.4302,-7.6628,2331.2297,384.88144,-9.315928
1.341612,-14.381009,18.015245,0.00046989508,-0.029580476,1.0341014,25.466103,16.818693,-7.4229717,-1.2933391,15.78104,0.5106126,0.2264461,-7.9751678,1.2848846,23.621557,385.67764,1158.1284,10.245815,1238.5356,963.1691,-5.101749,2307.4724,470.35303,-10.620443
1.1357325,-16.069569,19.2156,-0.002141413,-0.030602513,1.1466953,29.00438,14.377961,-3.826007,3.9887638,14.961469,0.5106126,0.2264461,-10.246249,1.29288,29.456314,393.93323,1268.9647,-58.758068,1231.8716,1107.5724,-69.491646,2266.0222,595.082,-74.97942
1.1779982,-16.647278,22.30729,0.015036363,-0.029037433,1.3451027,27.680796,18.989408,-5.678143,2.8594694,14.598111,0.5106126,0.2264461,-11.341283,0.0,0.0,491.3872,1511.0034,-130.1664,1369.2081,1207.7443,-135.61705,2564.5945,644.9624,-139.66747
1.2928759,-20.639341,31.279016,0.007318059,-0.03032835,2.5955298,30.091246,23.87758,-4.906014,1.0127922,15.11645,0.5106126,0.2264461,-8.7782545,0.0,0.0,666.1401,1487.8014,-143.94498,1613.6581,1229.7734,-147.03545,2938.8271,712.5249,-148.43408
1.4457959,-23.937925,34.413822,-0.0010875625,-0.032270823,3.3187358,27.939978,29.677526,-1.7813331,5.379272,15.476334,0.5106126,0.2264461,-5.1389093,4.552013,29.157413,652.6862,1567.0182,-81.876755,1624.142,1334.7015,-91.82833,2953.7542,716.8596,-92.53156
1.4065007,-26.209206,35.865417,-0.03688566,-0.03079387,3.7545156,29.90287,29.169046,4.841551,13.574143,16.818045,0.5106126,0.2264461,-1.3632121,6.6079726,27.367943,548.5828,1436.8077,-20.124125,1488.3082,1364.644,-37.317085,2643.2178,721.6709,-37.295586
1.2393059,-27.45505,34.51736,-0.062080752,-0.031833176,2.7260277,28.825989,28.43866,10.459592,17.784304,17.41928,0.38784245,0.15393324,-0.9865981,3.9521797,24.810608,365.38623,1558.6635,-16.85708,1198.1385,1442.0714,-36.149776,2255.295,650.18384,-34.958668
1.1617707,-26.700079,33.9621,-0.05927815,-0.026902476,2.0600617,28.345678,25.155062,12.849841,18.505453,16.53999,0.26507235,0.0814204,-3.4028053,5.3475423,29.59462,366.01773,1451.0846,-15.016533,1230.7041,1292.73,-33.913628,2256.5059,624.6541,-34.192314
1.0922447,-28.367685,35.88463,-0.049417038,-0.029208386,1.8839737,29.776934,26.769754,13.467674,19.29423,15.565328,0.1423022,0.008907535,-6.4548416,1.957953,32.563465,369.0553,1440.5542,-14.144246,1212.9767,1282.5933,-31.862343,2244.4707,654.33295,-33.55409
1.0271503,-27.049002,34.34628,-0.037469495,-0.024809495,2.261853,28.904882,27.24385,12.640221,19.773287,14.960912,0.1423022,0.008907535,-7.4824805,0.48284927,33.32605,376.30933,1288.0626,-11.270988,1270.2709,1144.5073,-31.133179,2239.1548,639.56244,-33.26883
0.8996007,-28.165327,34.598316,-0.05191003,-0.024652446,2.2520163,29.015526,32.480236,10.595195,18.947653,15.110554,0.1423022,0.008907535,-6.3549266,-2.0502226,33.76529,373.73593,1324.5004,-11.736969,1235.0557,1198.6847,-33.175205,2227.8928,614.2222,-35.59222
0.68480676,-28.651047,35.31721,-0.06102125,-0.023932502,1.9337549,27.384085,35.376705,8.606132,18.451353,15.291328,0.13509049,0.46810508,-4.4534135,-4.4703045,34.043335,397.55737,1341.2561,-10.03008,1400.8383,1582.4264,-34.283646,2221.7344,774.0053,-36.012333
0.5479252,-31.216452,37.194366,-0.06495637,-0.029784253,1.3469423,26.879997,41.281822,9.33644,16.740835,17.527449,0.12787879,0.9273026,-3.0528955,4.3153005,39.766308,528.69025,1286.3452,-13.270535,1674.9023,1381.9092,-34.92425,2604.0227,814.5898,-38.57095
0.48580432,-30.753633,36.781124,-0.040418465,-0.038108956,1.1169169,26.657942,41.40752,9.232043,12.044568,19.720861,0.21805044,1.1158332,-1.955073,16.081139,47.2133,662.77545,1167.6588,-12.230966,1951.942,1153.2808,-36.669746,3054.7058,1020.18536,-41.659214
0.4665626,-32.19436,38.070847,-0.04774493,-0.043830574,0.8853118,28.501205,42.072346,11.605816,8.294758,21.98134,0.2000794,1.4326633,-0.83905673,29.985445,52.692905,787.6467,1054.4686,-16.06276,2108.6846,523.2661,-39.668987,3545.2786,700.897,-43.79509
0.44544414,-31.267935,39.171986,-0.05207172,-0.04071242,0.7284641,31.509842,35.999523,10.790398,5.05337,21.995712,0.18452215,1.2992526,0.15720947,31.573492,48.059956,806.3384,1044.6793,-15.781184,2142.9248,534.81805,-40.36894,3614.5898,689.5723,-39.179955
0.42206678,-35.625137,44.45491,-0.07458144,-0.04284795,0.74078894,37.70681,37.485485,10.973503,3.2252266,21.987589,0.07871514,2.0730097,0.21108131,30.987799,39.102757,848.2122,1091.2642,-20.491203,2262.9026,801.19086,-36.704117,3597.3652,2153.835,-30.83037
0.4084299,-34.089443,44.77431,-0.068914175,-0.036778435,0.7514048,39.201412,32.182205,11.547412,0.6898028,21.970757,0.08367059,1.4167296,-0.023184994,29.264616,32.837345,838.0988,1117.5255,-20.807344,2219.068,932.4827,-30.07238,3425.1357,2399.137,-24.837585
0.4530152,-32.815865,42.094894,-0.077138804,-0.036074,0.82501984,34.975445,34.85538,14.1998825,2.2154248,21.947151,0.08895713,1.4493479,-0.43418872,29.186737,31.536036,664.09955,1402.4346,-20.81122,1824.9249,1406.8446,-20.916855,2976.759,2440.2808,-23.34967
0.6461119,-21.5488,30.478376,-0.06920133,-0.0151923075,0.8869872,23.19525,27.016382,14.429313,4.1276956,21.957212,0.08030781,0.859351,-0.16931148,30.240952,28.104065,732.6364,1246.084,-16.532097,1826.5499,1093.0662,-19.693254,2918.8113,582.59265,-19.498217
0.8543687,-15.167233,24.313887,-0.066429995,-0.0040631313,0.8468173,15.981168,24.789202,10.458909,5.283189,21.919851,0.07666034,1.4013051,-0.072423436,31.038088,23.41281,824.3547,1110.5153,-13.670906,1983.9102,1046.6816,-19.782652,2939.536,352.58786,-14.77253
1.0155767,-9.035214,20.269941,-0.06127703,0.00581771,0.72922975,12.423083,18.036802,4.1163173,1.6157484,21.757614,0.073190235,2.0018263,-0.36019304,29.7389,18.500654,1064.0093,720.65704,-9.11848,2535.7478,500.35208,-24.848595,3234.8967,287.09402,-10.031959
1.040081,-10.327422,19.565046,-0.075682335,0.0011439464,0.67412186,12.298843,19.000326,6.8565598,-0.7043137,21.892008,0.07215292,2.5921485,-1.7461858,86.14139,19.179884,1029.3378,731.6895,-6.437279,2512.3254,518.7385,-22.062399,3120.593,376.1271,-10.688212
1.0420204,-8.314209,14.7814865,-0.07872508,-0.0013229046,0.7239208,10.1651945,20.091738,8.560262,-5.3914084,26.020689,0.23229742,2.310763,-0.6372671,74.77946,21.15254,1009.8298,733.0259,-5.0088096,2526.5242,414.37558,-24.900724,3167.3684,701.03296,-17.66862
1.152639,-9.6697855,15.172936,-0.059840452,-0.012092325,0.97454053,13.208224,21.13344,8.242265,-6.786342,30.169352,0.24787654,1.9111446,0.9905768,65.227776,22.023155,975.1507,802.0484,-4.9578075,2362.501,492.88956,-27.198984,3217.4502,591.07764,-23.194914
1.355452,-8.902285,18.285095,-0.03435527,-0.02452747,1.3063922,19.668068,17.273153,-1.3314501,-9.677648,33.912766,0.23821044,2.3173664,3.7808416,-3.5234928,21.898409,765.98224,996.1706,-6.543959,1956.6705,664.6552,-23.445044,2948.9297,671.0783,-27.91948
1.4668506,-12.832062,23.62084,-0.02630084,-0.036390353,1.4117032,27.444023,14.695244,-6.7492695,-11.005238,33.6339,0.075602025,2.4212155,4.3239055,-5.3240085,20.878637,544.80115,1198.5676,-5.8244824,1464.4696,829.4206,-13.818091,2585.5745,429.83945,-26.435125
1.4116707,-15.239113,24.601334,-0.025892615,-0.043286372,1.2652501,30.04133,15.245819,-9.367036,-16.235754,33.372593,0.040342864,2.0712187,4.5374584,-6.9992423,19.506338,358.6752,1310.6222,-5.1596313,1099.1719,946.9383,-3.889696,2255.6223,471.12015,-24.66597
1.2526616,-20.572588,26.176544,-0.030917773,-0.04921986,0.8656896,30.855597,20.166433,-9.641401,-17.926146,33.149673,0.030978328,0.9781564,4.430975,-8.184121,18.809153,360.45816,1290.6588,-4.691023,1096.1085,925.6826,-3.007892,2281.597,442.7941,-23.500175
1.1663507,-21.520956,25.043425,-0.025669187,-0.05354454,0.78584987,29.40747,22.650536,-10.267895,-20.459093,32.95725,0.014319058,0.8510874,4.693284,-8.738643,18.12577,340.647,1344.0205,-4.326043,1079.4391,943.7798,-3.4878514,2283.2053,410.03555,-22.921835
1.1489397,-22.04004,25.748938,-0.034255315,-0.054416597,0.70129913,28.972351,24.001976,-8.877727,-20.076086,32.808075,0.010322188,0.83984596,5.189204,-8.906535,17.892008,336.87076,1398.4298,0.0,1066.1427,982.636,-4.8818135,2294.8557,410.80225,-23.77875
1.1519388,-20.88842,24.528185,-0.024143592,-0.054634254,0.7278652,27.430365,23.856842,-7.051352,-22.825281,32.68646,0.010396421,1.1919327,5.4736195,-8.569329,16.9135,324.75333,1457.9669,-7.204438,1047.3412,1018.9202,-6.022531,2295.7322,385.36108,-23.628494
1.2028873,-21.938028,25.154037,-0.022476347,-0.058547243,0.7275793,27.504545,27.310211,-4.1600575,-23.391294,32.575485,0.010301867,1.3429192,4.1761303,-7.450905,16.759712,329.46207,1483.1279,-6.6493278,1034.0856,1034.7057,-6.9478593,2313.4365,370.15698,-23.40904
1.2403748,-22.173813,24.11683,-0.01666007,-0.058434557,0.7211232,26.38604,28.482698,-4.2264266,-23.054647,32.469788,0.011598335,1.6589581,1.3476014,-5.538605,17.945885,244.31993,1626.4062,-6.0892487,1006.8408,1049.8356,-9.127906,2315.9778,368.4332,-24.62739
1.3730551,-20.574036,22.582045,-0.023149734,-0.05489859,0.6793804,21.922064,31.911528,-4.8207135,-21.224815,31.423693,0.012543745,1.5452081,-1.318521,-2.4530013,21.533346,415.043,1507.3643,0.0,1414.3467,817.691,-17.609682,2674.364,379.6483,-29.623545
1.5787721,-17.977118,21.075136,-0.013181403,-0.043489117,0.92522454,19.611502,28.368631,-8.440468,-14.6032715,30.899513,0.012303275,1.5512341,-2.718248,-0.8945277,23.577206,422.58102,1489.5127,-109.17238,1469.4248,871.6435,-81.99021,2663.3616,486.42065,-88.96197
1.7580627,-17.563334,25.053232,-0.007346151,-0.036987912,2.2730129,24.1854,24.063368,-8.184767,-3.3906162,0.0,0.0,0.0,0.0,0.0,0.0,695.8156,1339.785,-79.84299,1768.3062,920.39667,-88.904305,2908.9973,731.7436,-92.1224
1.78151,-18.900782,28.435144,-0.016450385,-0.024738654,3.2660277,26.722336,18.931452,-0.9037282,5.9201164,17.294468,0.0,0.0,-1.4898667,5.9386067,31.616596,743.41846,1396.7285,-81.62699,1711.9178,1061.2341,-90.92609,2847.0808,785.37946,-93.27344
1.6656183,-21.152885,32.55978,-0.04455477,-0.029415658,3.8736074,29.293756,16.861437,8.024921,8.088733,17.392347,0.0,0.0,-1.1985897,5.474982,30.428415,796.7041,1371.623,-18.99035,1782.5658,1399.1312,-36.726295,2816.6633,921.82684,-40.04038
1.4293642,-23.503439,35.77516,-0.082171515,-0.027337387,3.0468848,27.620872,20.018929,10.535184,8.321262,17.582573,0.0,0.0,-2.7197402,8.064045,28.735708,837.81635,1375.5059,-18.259777,2016.0778,2020.9473,-36.190876,2702.8904,1045.9648,-38.23316
1.2810087,-25.362902,37.54219,-0.09091807,-0.036377322,2.361028,31.0962,20.731236,6.964605,5.0892963,18.645653,0.0,0.03036341,-5.388663,11.141332,24.597666,633.7576,1457.3678,-15.396869,1681.8837,2162.5857,-29.092566,2431.6494,1049.4225,-34.447376
1.2034787,-26.366905,37.48613,-0.09453368,-0.03294179,2.0755436,32.77489,22.224976,2.6371663,6.1175003,19.707743,0.061816685,0.023716668,-9.69627,17.520437,24.36928,547.7585,1670.3145,-12.968316,1581.8551,1873.7106,-21.17536,2541.5652,916.6453,-31.737535
1.2419473,-25.631279,32.79675,-0.08379042,-0.033859566,1.9397596,32.727695,20.499674,2.9210331,1.5367252,20.755203,0.061816685,0.025464052,-8.564927,22.534483,25.181948,335.76816,1630.8859,-8.9466505,1114.3599,1204.5953,-15.694333,2451.83,587.5281,-31.402117
1.2138155,-23.564219,29.721537,-0.08126994,-0.036427543,2.4807231,31.219452,21.757875,0.40776458,-5.105461,18.379541,0.0,0.01042318,-7.5194364,-47.400707,-35.791702,353.4711,1563.7339,-8.638394,1132.6844,1209.9281,-17.347452,2485.0593,504.93076,-33.332443
1.1393718,-22.411638,31.621796,-0.07928342,-0.039336115,2.1387322,31.195108,25.422602,0.43843567,-11.496944,16.3832,0.0,0.15051572,-3.970384,-59.2054,-37.971783,403.21616,1256.7653,-12.050942,1160.7866,1042.482,-20.62263,2493.7927,390.70956,-34.775524
1.0638167,-20.4403,32.505283,-0.077337526,-0.041941997,1.9646288,29.845558,30.29808,-0.058552187,-16.756218,14.500771,0.3459662,0.29060826,-4.191868,-70.09586,-37.303318,382.3323,1242.38,-14.235036,1143.9156,950.64484,-23.90476,2514.5005,282.41455,-37.110165
1.0070826,-20.516478,32.27864,-0.08031973,-0.03657956,1.3414277,25.27211,38.750404,0.5178253,-13.16935,15.029411,0.0,0.43070078,-5.253366,-5.4621787,28.426163,360.4324,1309.1171,-12.880818,1117.8724,957.49786,-25.80512,2612.5195,225.91217,-35.83367
0.9510047,-18.074104,25.588602,-0.069003314,-0.035230182,1.2108855,16.250349,44.27718,1.4749979,-11.803524,15.185384,0.0,0.43070078,-6.3083744,-1.7932328,31.54812,377.276,1313.3661,-7.9020114,1187.7845,1219.8898,-25.334938,2624.2625,269.81888,-31.108232
0.92415,-15.289449,19.378157,-0.048933774,-0.035501078,1.1559849,9.003451,48.019886,4.272367,-10.34364,15.208649,0.0,0.43070078,-6.9159164,-0.8751714,31.537888,381.06705,1326.5248,-70.40875,1238.6869,1371.3024,-83.821335,2662.618,424.67856,-85.39651
0.9051807,-11.414601,14.356853,-0.04074736,-0.036524255,0.95183784,6.2134457,44.178272,10.017375,-11.763512,0.0,0.0,0.0,0.0,0.0,0.0,410.4152,1271.8344,-134.36855,1320.8805,1688.3312,-141.688,2581.0986,445.3021,-141.77473
0.9762289,-8.403383,11.589084,-0.023223614,-0.037010994,0.7343524,4.2464375,44.66753,13.928248,-14.940208,0.0,0.0,0.0,0.0,0.0,0.0,404.89502,1372.0264,-201.0,1198.6134,2092.779,-201.0,2465.4075,576.70557,-201.0
1.0533842,-7.3168235,10.487094,-0.026528874,-0.032298405,0.54515606,1.8624216,44.126385,10.842322,-13.699323,0.0,0.0,0.0,0.0,0.0,0.0,427.95737,1355.8424,-135.63011,1211.8036,2169.0884,-142.68077,2416.6604,566.845,-144.5017
1.1100347,-8.304236,13.031235,-0.014754556,-0.028239468,0.4751695,0.25399032,45.711468,7.373503,-8.14618,29.759796,0.0,0.18847345,1.1425687,0.13914227,27.069454,402.95956,1304.2682,-69.44248,1289.4318,1816.2123,-86.04324,2447.5085,568.27185,-87.38928
1.0559099,-12.307996,18.012623,-0.021388995,-0.0232279,0.49210417,4.2108064,42.73186,4.85815,-2.9285572,29.763779,0.0,0.18847345,1.3664012,-0.1716892,25.060766,547.66284,1250.4567,-7.531652,1702.4912,1057.9081,-29.15566,2745.9375,308.41638,-28.400648
1.1023048,-14.488118,19.73676,0.0053403974,-0.025114303,0.69542116,9.442497,37.633057,7.4878387,-4.459429,29.523087,0.0,0.65284234,1.1872001,0.35941124,25.64248,538.97406,1233.9791,-8.678486,1751.4274,989.98627,-29.256264,2759.0461,407.90002,-29.598099
1.0904412,-17.454327,22.99543,0.022497853,-0.02573909,0.8297972,17.175703,32.538235,9.49305,-6.035949,24.754486,0.034914583,1.1172112,-0.103530884,0.91307163,28.510689,541.4625,1227.8762,-8.396576,1652.8248,967.90875,-25.188868,2673.9756,508.36133,-27.473932
1.0236001,-18.038832,24.949347,0.028906824,-0.026697544,1.091854,21.517523,27.33729,7.846241,-7.4644356,19.927282,0.21660668,1.9644924,-0.88001186,1.4802456,36.14554,386.4944,1304.6464,-6.0533996,1285.4884,1222.8251,-22.075655,2454.908,726.6782,-30.264841
0.805748,-22.434326,31.752998,-4.63898e-05,-0.026697822,1.0328913,26.204824,28.097486,6.5705676,-3.0941384,15.3196,0.30745274,2.3474047,-1.1121823,0.7076699,39.765656,565.4412,1254.5591,-3.3735085,1561.6066,978.23395,-23.223503,2714.615,598.33984,-28.415054
0.6371894,-24.759691,33.94618,-0.021157721,-0.030430615,0.94490033,28.304192,29.400328,4.518642,-4.0549493,15.265515,0.0,2.3449826,-1.4282855,-0.5091254,40.66304,713.84674,1224.0719,-2.8411157,1828.1523,982.6494,-27.949194,2981.828,552.4862,-30.495195
0.5586657,-28.203543,35.60548,-0.04447964,-0.037795004,0.5985457,31.32083,31.762688,5.5543303,-4.479076,15.246343,0.014024328,2.086573,-2.2371578,-1.9005976,39.21954,859.31903,1064.1687,-0.04674514,2105.2556,843.17554,-31.902054,3211.9895,379.45163,-30.032995
0.5093913,-28.789225,37.113873,-0.040491223,-0.040298123,0.45565745,33.481182,30.378778,4.7472034,-7.267803,17.436892,0.011787447,1.828163,-2.457658,5.2795672,41.48674,828.565,1058.4269,-1.6548872,2011.2295,991.3046,-35.85196,3175.546,335.21643,-33.341022
0.48432657,-29.89564,38.210983,-0.04815353,-0.042702466,0.40047336,36.42683,29.513117,5.5644283,-8.068581,19.609634,0.007313685,1.9550878,-2.1986415,13.617516,41.20123,830.11523,1070.4132,-3.4010363,2010.6289,1051.8048,-37.776237,3166.9512,421.53995,-33.99431
0.45454,-30.794191,40.921158,-0.031907793,-0.039804626,0.42861485,37.948067,29.6592,5.083223,-10.542567,21.82087,0.007313685,1.9550878,-1.8163217,20.120989,34.830376,838.0996,1061.0327,-4.7370315,2078.8418,1117.2792,-33.92772,3208.32,597.9924,-28.368017
0.43690515,-32.972622,42.342045,-0.039489344,-0.043408025,0.41427782,39.491222,32.31687,6.183344,-9.888873,21.823671,0.0073136846,1.9550878,-1.7370305,19.624199,29.08538,861.9427,1084.8285,-70.03184,2270.5679,1294.425,-87.04861,3169.4045,1022.4116,-82.210625
0.41714206,-32.276386,42.33348,-0.030860966,-0.042048186,0.4901929,38.25846,33.06789,3.7664063,-13.533153,0.0,0.0,0.0,0.0,0.0,0.0,864.1579,1064.653,-135.28761,2258.0352,1345.251,-141.10355,3157.8645,925.9907,-138.71378
0.6144552,-25.17684,34.149776,-0.039208118,-0.034461237,0.49178436,26.794203,32.314854,6.582758,-9.589386,0.0,0.0,0.0,0.0,0.0,0.0,720.6657,1068.1178,-134.78764,2122.7932,1250.213,-138.51982,2890.9568,859.6546,-137.48387
1.3873968,-12.746911,20.62462,0.0026671092,-0.013792046,1.0780896,14.848681,20.73698,1.9003745,-8.977912,33.14081,0.0,3.8958836,-1.952574,14.37408,13.485302,725.2741,1050.5208,-71.74388,2033.0654,1080.1615,-75.34861,2878.6238,525.83405,-77.65126
2.304814,-3.8687813,10.480775,0.012190049,-0.0015833023,1.4994453,5.487009,10.774606,1.0315868,-3.5021994,33.122784,0.0,3.8958836,-2.2091234,15.037112,14.570254,761.0432,1014.4882,-7.562836,2038.5775,828.1992,-12.905448,2924.3105,525.8431,-17.774147
2.7899673,-1.9189469,7.4577065,0.033109948,0.0048895897,1.8686081,7.341099,2.241426,-2.8641596,-1.0856661,33.377003,0.0,2.860424,-2.0434244,14.99653,15.232928,937.7736,925.5776,-8.691388,2121.494,708.6641,-11.989734,3139.7395,498.06558,-19.538887
2.7616844,-3.4088085,8.973754,0.0012862949,0.0018187277,1.7485672,7.6175117,2.6142619,1.9077717,2.9458199,33.549812,0.020046676,1.7050434,-2.1346176,12.022313,12.503974,820.0114,906.1469,-10.16136,1912.8994,676.5037,-13.497307,3018.423,1112.0859,-17.418177
2.743556,-1.9387223,9.857802,0.0075776507,0.004757922,1.9228501,8.0915365,-1.7753792,-0.43438658,3.628342,33.77959,0.02267,0.41324535,-0.8495137,11.836795,11.22021,679.0503,889.7031,-13.776277,1768.5651,892.3807,-16.13418,2698.7236,1468.8833,-15.756577
2.6577785,-1.1637961,11.105329,0.0019408748,0.00406618,2.0315988,9.632098,-2.8173368,-0.35828313,4.5783644,33.771038,0.026044643,0.44277033,1.3485807,15.084389,11.886066,647.7805,982.4875,-18.875454,1784.8624,1051.5858,-17.957853,2591.5916,1678.986,-15.759637
2.3598814,-2.8808613,12.3197365,0.019232353,0.0028037708,1.8978838,11.495003,-0.97830564,2.0603793,4.006323,33.75026,0.014942203,0.84400725,3.352998,17.062517,12.138728,829.70044,1016.77765,-22.151861,1919.5446,1061.285,-18.06183,2664.098,1285.0402,-15.949951
1.8476099,-7.1162357,13.890731,0.0033884458,-0.001139136,1.3942555,12.799113,6.933231,14.159398,5.8934097,33.67665,0.043275584,1.2423073,4.622234,17.784542,11.592377,1009.08124,1251.1498,-22.438112,2026.7626,918.04614,-16.096836,2845.6758,1181.4689,-15.732205
1.6077284,-9.593711,13.761986,0.0029349665,-0.006671764,1.0253228,11.908395,11.707479,20.44278,1.1542587,33.55074,0.041400988,1.117641,4.694786,18.162413,11.793962,1016.6577,1602.7904,-21.979124,1987.937,814.153,-15.428902,2870.4924,1243.4967,-15.883632
1.513357,-10.527682,14.013791,-0.0067072175,-0.013893633,0.77469987,12.3242655,16.068005,26.6289,-2.3925126,33.385952,0.041019212,0.88619536,3.5007598,18.60794,12.367513,770.736,1614.9078,-14.0558405,1870.8014,565.1343,-19.309294,2829.5925,1092.9404,-15.8172035
1.4590517,-9.575433,12.340598,0.005082098,-0.023750836,0.74188524,10.2967205,19.512302,29.68573,-6.0898814,29.153322,0.17190398,0.855877,1.0381879,19.56089,11.09401,538.45605,1418.8159,-6.4537525,1769.3514,347.42883,-23.41358,2763.091,1019.9959,-11.437188
1.410699,-9.062516,11.897574,-0.0017467806,-0.024904847,0.6845207,9.880836,21.308043,32.214252,-4.1704907,24.651512,0.17280553,1.3350185,-1.4197222,19.559381,9.8966465,375.89597,1176.4381,-0.03824274,1710.3715,256.62405,-25.87616,2744.3777,940.26215,-7.815449
1.3165096,-6.6087303,8.137623,-0.004073488,-0.024508713,0.7204151,9.499237,18.765547,31.073706,-3.9256456,20.647507,0.17859024,1.169876,-2.6806695,22.807114,9.970016,380.371,1195.1427,-5.2491355,1707.6444,283.6943,-26.028269,2780.2314,1051.7144,-5.9452224
1.147123,-5.676249,6.027717,-0.01260671,-0.017689776,0.6563348,12.048234,15.632361,26.669432,0.38147798,20.777466,0.02676939,1.4463611,-2.7562945,24.116287,18.479286,392.19913,1294.6499,-7.858749,1775.3075,801.39453,-26.467653,2521.0203,983.9682,-14.854087
0.90552926,-9.240237,9.314816,-0.018064717,-0.019880312,0.6653058,16.745314,15.065635,23.553001,1.0052267,21.485605,0.040641416,1.450489,-3.484109,22.206621,28.2276,552.75854,1153.819,-10.566682,1876.0819,797.8475,-27.856192,2713.1777,746.41925,-24.815994
0.6872385,-15.92084,17.341734,-0.028110424,-0.023382807,0.46845365,23.13656,17.824476,19.54653,0.25087404,21.697256,0.051626045,1.4242462,-3.9197779,19.148012,35.40991,712.3496,1062.7106,-7.602684,2024.994,828.0743,-26.573166,2843.0554,528.07306,-32.079784
0.5481042,-20.441427,22.706514,-0.037483115,-0.0289129,0.49657997,27.000648,18.691603,14.951552,-4.800642,21.879309,0.053143505,0.8946025,-3.5203812,18.534025,36.258114,857.9155,970.60596,-9.1937065,2112.807,414.38187,-25.887268,3321.0498,508.50195,-32.8833
0.50860125,-22.235909,25.183962,-0.04298381,-0.033598837,0.5053177,28.336466,20.112703,14.167485,-5.307854,21.80568,0.040527225,1.606059,-2.2648373,21.751913,33.734745,845.43915,938.2837,-9.953374,2107.014,437.1034,-25.247467,3213.0002,636.73334,-30.115387
0.47356287,-22.459455,25.519836,-0.04289059,-0.035817765,0.59645003,28.665373,19.873787,11.613301,-4.2515583,21.79651,0.044844087,2.9814556,-1.8406345,22.19383,30.61957,838.3383,943.7608,-10.696446,2069.3445,496.8627,-24.20635,3192.881,653.13135,-26.968603
0.45603022,-26.530527,30.551798,-0.039278712,-0.038327843,0.53706694,33.09013,22.357635,12.679244,-1.996538,21.764109,0.044858176,4.140757,-2.5266297,20.543781,24.96916,868.267,976.2414,-11.134252,2104.0813,593.59467,-22.266195,3209.3918,764.5833,-21.529196
0.58890533,-20.559755,26.137114,-0.030237496,-0.029087214,0.52564543,26.903612,17.46617,10.080719,1.5199347,21.745802,0.051437143,3.0897148,-3.3311317,20.448584,22.814306,724.7473,1046.973,-9.578839,1872.5514,659.94696,-19.058817,2981.79,745.0679,-19.614786
0.74642724,-16.20126,22.363348,-0.027173942,-0.018127888,0.57090384,21.212965,15.466245,11.210872,4.6051273,21.921448,0.035899326,2.3418818,-3.5775545,19.67714,21.485617,549.96497,1130.2994,-10.86221,1624.9193,663.92975,-15.885567,2752.6396,619.0622,-18.225357
0.933968,-7.6611366,13.930931,-0.026498692,-0.005590186,0.6137552,11.108233,11.796948,6.24801,5.6971188,22.19149,0.024664283,1.8101434,-3.3993988,20.573019,22.464544,390.7933,1176.4387,-9.048133,1319.2089,745.3262,-12.025401,2444.274,587.3404,-18.232582
0.934902,-8.303295,13.765819,-0.023885397,0.000788487,0.5764212,10.810139,14.230782,5.663284,5.5556526,22.253687,0.020998107,2.2476487,-3.0621731,17.847061,21.490362,615.67114,1054.0573,-9.581633,1654.4801,688.706,-12.169151,2736.952,405.96005,-15.383823
0.943742,-6.0331917,11.282773,-0.03115735,-0.000114497576,0.5268045,8.621666,13.694618,3.628867,0.5772813,25.923105,0.28422415,1.6744896,-0.96192664,11.32249,20.849167,820.2408,913.7535,-8.695146,1937.273,591.9893,-16.338768,2968.8079,387.93518,-17.728186
1.0016032,-8.311852,14.011043,-0.014827008,-0.009573999,0.66008943,11.006387,16.061766,5.3804574,-2.538482,29.405394,0.32900128,1.0438493,1.4609038,3.5802326,21.077951,746.6758,1028.7505,-10.12912,1882.1073,611.63477,-16.099197,2903.3376,237.1479,-22.157257
1.2164006,-10.442486,16.736765,0.0027714756,-0.02195388,1.0855328,16.49814,17.407476,1.4691248,-6.897953,32.891468,0.37377837,0.4132092,3.624387,-2.3443985,22.298582,508.27762,1213.3832,0.0,1472.3107,775.9283,-13.858422,2570.0938,338.56833,-28.576078
1.4464712,-12.176913,22.330053,0.027355969,-0.03361473,1.258307,23.744215,18.11823,-5.646726,-7.6681747,32.48025,0.120271504,0.8766863,4.246748,-3.8185318,22.46998,316.90625,1406.0166,-5.784793,1137.869,1013.03156,-7.6575446,2272.6592,539.1009,-28.508085
1.5001522,-9.676179,25.262232,0.028053688,-0.03973313,1.4167885,28.858343,15.686805,-11.634114,-10.650954,32.157497,0.07283856,0.77732736,4.8382382,-5.1913414,21.974257,365.69028,1272.3988,-4.4137287,1150.3055,939.2942,-6.1740556,2307.0593,563.6159,-26.387985
1.3899632,-8.847318,25.152826,0.019956706,-0.048267305,1.1043078,30.028913,14.445557,-14.084325,-14.125356,31.970026,0.029994188,0.9577184,5.6701446,-6.3255525,20.998753,369.93433,1264.815,-2.0334363,1139.2318,935.0776,-5.755716,2302.8047,565.509,-23.032188
1.2458073,-10.381725,24.10166,0.027436549,-0.055096615,0.97225475,29.08554,14.839704,-13.287566,-17.561243,31.798807,0.014537245,0.843707,5.6611743,-6.688303,20.268082,368.5543,1277.4684,-0.3122584,1116.7487,966.43207,-6.543833,2291.837,455.21298,-20.580341
1.2143518,-13.9792185,24.563835,0.035251293,-0.06127566,0.66032743,27.339088,18.047935,-12.940948,-22.737886,31.60111,0.010350867,1.7253414,4.714315,-6.230681,19.118567,318.94894,1428.3297,0.36741257,1076.9882,1035.65,-5.4875627,2310.6504,437.94022,-18.316988
1.2695433,-15.3151865,24.74517,0.03448352,-0.056410242,0.52818257,25.336302,19.31299,-13.354632,-24.25313,31.397364,0.004765719,1.6726204,3.2279556,-5.20958,18.342876,320.89178,1439.4733,0.0,1084.2439,1077.0524,-5.9030786,2333.8535,438.06567,-16.894358
1.4988446,-13.85379,23.179123,0.038334634,-0.044280466,0.5934327,21.330038,20.781149,-15.958646,-21.778269,31.222124,0.004984083,1.2264923,1.7633486,-4.0045047,20.017624,325.20425,1358.7892,2.6543617,1125.9993,1003.1963,-6.074679,2381.056,436.54196,-17.691412
1.6401869,-11.457625,20.386887,0.0270954,-0.03419591,0.6699254,17.647318,20.620174,-18.712639,-19.380667,31.082422,0.009772778,1.4283179,1.0474788,-2.9576445,21.16638,358.89896,1213.0463,3.0422099,1174.5336,923.4018,-8.686211,2388.5188,405.83304,-18.12417
1.7118095,-8.593582,19.868849,0.034192923,-0.031448845,0.7975119,16.817259,23.986876,-21.800064,-20.954985,30.962044,0.0073609874,1.5920444,1.2037235,-2.3578618,20.84649,363.02515,1117.0845,4.9755,1202.0455,804.0511,-7.998955,2431.9226,364.41592,-15.870992
1.565988,-7.794745,20.462748,0.01993072,-0.035474617,0.80231714,20.300797,24.812754,-22.414469,-24.525133,30.834711,0.019796178,1.8796071,2.0848467,-2.129842,18.589258,370.696,1066.0924,6.1802254,1202.817,760.9372,-7.385008,2426.4268,345.36246,-12.409032
1.4573029,-7.2516193,20.801994,0.039185792,-0.03409222,0.82105047,23.91289,23.058006,-20.613594,-27.790545,30.733437,0.033056434,1.6879244,3.0208786,-1.990635,16.4078,379.84836,1045.5356,6.3698287,1207.8169,748.4172,-7.0277634,2424.7275,358.15137,-10.037972
1.3932396,-7.0286727,20.201088,0.032876555,-0.036984783,0.84519005,26.338385,19.967718,-19.002115,-27.91915,30.693054,0.03614484,1.3832855,3.5086224,-1.8513583,14.539319,379.24023,1065.5312,4.9594917,1212.2744,766.49005,-9.908549,2420.6409,395.54764,-9.579826
1.4022247,-7.3331113,20.12832,0.038286563,-0.039416257,0.8135395,27.428274,18.388935,-18.61023,-27.881006,30.723757,0.02503343,1.5598708,3.449298,-1.8486651,13.53123,381.1519,1068.7733,4.0000134,1216.4253,775.4865,-12.187301,2424.1394,397.02148,-9.531217
1.4211441,-7.2677903,18.066156,0.021205405,-0.040024083,0.79848534,27.427261,17.933252,-18.500303,-22.553545,30.759699,0.007909131,1.0394064,3.1775234,-1.957786,13.495282,390.8741,1035.5458,4.3861275,1223.684,767.9187,-11.219387,2421.4604,388.2111,-9.109155
1.4082402,-7.048146,16.603624,0.03137976,-0.037656914,0.76680094,26.87945,16.425747,-15.924385,-19.811714,30.815468,0.004499741,1.3652416,2.7466042,-1.9283339,14.134252,377.786,1084.9583,6.1442237,1210.7681,782.46075,-6.3296475,2400.5637,385.1693,-7.9900284
1.4083925,-6.8991103,15.644097,0.02691939,-0.033245992,0.8155101,26.286901,15.169045,-14.419033,-18.969046,30.90129,0.0045051617,1.3711644,2.0186913,-1.8695549,14.508034,367.49387,1137.1024,10.093334,1205.4355,805.471,1.4546652,2411.0193,393.366,-4.4146996
1.4318355,-7.830972,17.035776,0.03888812,-0.039334595,0.78643537,25.249739,16.493584,-15.118393,-20.689913,31.006227,0.0049587325,1.3136113,1.498866,-2.0158646,14.7114,365.98862,1142.0176,9.859288,1202.938,811.2972,3.3691938,2408.5447,398.6866,-4.852112
1.4276481,-7.765432,16.066866,0.027867265,-0.03948228,0.84673,25.396124,16.87544,-17.614025,-20.150574,31.089767,0.0052552447,1.4495673,1.2553487,-2.2499623,15.686381,373.27002,1116.483,8.04635,1205.9375,804.8716,2.8634837,2415.8096,393.382,-7.6400313
1.4270035,-7.506109,15.175242,0.032107107,-0.03973124,0.79177064,25.370277,17.765272,-19.164124,-21.86691,31.151583,0.0033567713,1.4672273,1.1413388,-1.7996804,19.53609,375.97983,1111.218,4.148432,1204.5809,798.545,-1.3119265,2417.0012,373.43018,-15.38766
1.4078192,-7.13055,15.980014,0.018737264,-0.030516202,0.76429147,26.945559,16.274714,-17.911919,-20.548029,31.21417,0.024019038,1.5380464,0.09894971,-0.29612938,23.933123,373.73618,1121.9596,3.6475887,1203.5079,791.8863,-3.2370265,2438.8513,350.2014,-20.285536
1.3684673,-7.6065254,19.782639,0.027184641,-0.026993528,0.6587532,26.640991,19.19863,-18.095545,-23.656525,31.261992,0.03160016,1.4369583,-1.5892286,1.7920427,27.108263,371.6233,1108.0424,3.2527103,1206.1139,766.2165,-5.228936,2479.7559,324.08447,-23.855555
1.2729808,-7.4869285,23.781954,0.023377331,-0.022518322,0.6581306,27.914078,21.161203,-18.13703,-22.47754,30.878881,0.04118413,1.3081514,-2.4025002,3.409256,28.027098,376.4315,1080.1378,1.6538321,1213.8452,742.98126,-3.2834861,2503.081,347.72623,-26.373266
1.2227964,-6.503349,21.980011,0.02396857,-0.02190199,0.6436255,23.52962,27.49559,-21.266483,-26.101858,30.463837,0.029222535,1.1739715,-3.1912746,2.1555297,24.708075,376.0741,1053.8431,-2.260403,1215.2942,704.8704,-0.39221635,2623.2644,333.1503,-26.968475
1.2075936,-4.829047,17.712444,0.0038996704,-0.01591806,0.6591369,17.231386,29.571768,-20.207119,-24.255844,30.055492,0.031096073,1.0619013,-2.9662457,1.2544391,23.269547,382.96872,1036.0238,-70.07537,1212.7914,690.08527,-64.926865,2702.8591,270.8214,-85.5884
1.2302692,-3.1421368,11.594272,-0.013359469,-0.015594679,0.6064633,8.018292,33.88573,-19.095509,-24.502808,0.0,0.0,0.0,0.0,0.0,0.0,383.36984,990.34,-104.70116,1201.9327,635.97406,-65.97098,2774.2852,536.77844,-85.61011
1.2745476,-1.2946059,7.736389,-0.032784704,-0.015608917,0.5762388,2.9870899,35.092693,-17.564682,-22.581284,54.04947,0.05207282,1.4123337,-6.3243065,57.843803,27.765415,388.2717,961.95825,0.0,1196.9536,615.9451,-67.16351,2738.2373,886.0025,-85.67379
1.3929974,0.98370737,3.8947895,-0.034698382,-0.02178128,0.565857,-0.81951946,34.841164,-17.92998,-25.478546,54.050266,0.055625975,1.2146628,-6.1165657,56.69972,31.375792,348.7653,1039.2645,0.0,1173.2599,617.5779,-0.38418254,2675.1704,1215.966,-31.759974
1.4485651,1.844061,1.7371355,-0.031139305,-0.02385659,0.60480624,-2.1498177,35.042633,-18.008844,-26.376425,54.04391,0.051047627,0.6759072,-5.1608424,56.667114,29.956427,336.36386,1099.9717,0.0,1160.4799,646.0569,-0.6786382,2651.8005,1106.0287,-30.635065
1.4431424,1.6624173,0.86412686,-0.021737652,-0.027926018,0.58758926,-2.4356241,35.01668,-14.957486,-27.764425,54.0305,0.03635807,0.98424965,-2.644169,57.319824,31.608618,321.92532,1167.14,0.0,1145.6857,669.72144,-1.031214,2624.6267,938.5871,-32.63983
1.2828847,-0.7785132,4.884663,-0.021392724,-0.029991603,0.5224369,1.3853459,36.665943,-17.304087,-25.62809,54.01533,0.025315603,0.8821602,-0.419228,57.49707,30.698236,364.8787,1033.215,0.0,1175.173,636.60406,-1.3547102,2707.914,738.5415,-32.052948
1.0803361,-2.526511,11.459175,-0.03083939,-0.03183796,0.3774455,7.4450607,32.852924,-17.570475,-22.821894,54.004528,0.028443674,1.3194724,0.90825653,56.706707,33.00369,382.59912,966.64813,0.0,1201.0845,630.742,-1.619002,2736.2825,535.7488,-34.62269
0.87449175,-3.9839287,18.622961,-0.031211197,-0.030571781,0.30960694,15.386601,28.51001,-18.606062,-19.953209,53.993496,0.021092705,1.2290525,1.4010506,51.962788,32.188663,401.16916,896.638,0.0,1228.5487,621.7591,-1.7504196,2791.9854,323.3619,-33.939083
0.7763918,-4.759211,22.514975,-0.02935528,-0.029857507,0.22490816,19.235258,25.143057,-15.976008,-19.346653,53.996918,0.02208359,1.6634918,1.2913564,44.792286,29.412596,402.0021,904.8709,0.0,1232.483,636.3425,-1.5593605,2728.455,186.5041,-30.971954
0.8042393,-4.775219,21.666037,-0.029374868,-0.028449602,0.25262868,17.66069,23.03334,-15.729558,-14.490185,53.998398,0.025340647,1.8165174,1.2098186,39.323975,28.101505,400.8293,960.3457,0.0,1229.767,687.2578,-67.942154,2646.9365,316.84134,-86.67649
0.85095674,-4.26913,20.766891,-0.034559567,-0.019257426,0.26911613,12.896226,19.954052,-15.747044,-10.4713125,0.0,0.0,0.0,0.0,0.0,0.0,394.09134,1011.4074,-201.0,1223.4608,730.00726,-134.3531,2569.134,336.19333,-143.53217
0.98889565,-2.6697016,15.077506,-0.0362011,-0.016816253,0.32687232,5.7000165,19.753325,-15.50264,-7.0196404,0.0,0.0,0.0,0.0,0.0,0.0,353.32584,1223.9385,-128.18669,1181.768,805.758,-130.99544,2550.1477,332.36487,-136.56021
1.1055801,-0.9538478,10.24992,-0.027190039,-0.012580383,0.33923116,0.3046217,20.565504,-12.289921,-7.108804,17.75539,0.0,0.0,-12.039635,5.2645035,33.283844,537.45526,1109.7488,-61.539307,1548.6908,593.9952,-68.6953,2797.3723,265.8793,-75.451965
1.3452673,-3.347642,9.309066,0.00097079575,-0.017129675,0.7811815,2.0080602,22.521896,-10.266375,-3.393576,17.240181,0.0,0.0,-11.855418,5.2645035,33.283844,803.386,1096.3644,-61.539307,1998.8828,627.5551,-68.695305,3007.1926,579.91425,-75.451965
1.5789648,-9.764169,18.789196,0.009440524,-0.020640884,2.283072,15.043377,19.091757,-5.629858,2.650671,16.414999,0.0,0.0,-9.80957,0.0,0.0,1037.1357,1130.1967,-76.81338,2272.4973,837.45087,-84.64405,3171.36,926.4377,-85.83838
1.5519276,-19.265574,30.794004,0.0036729674,-0.02466839,3.4074252,26.428965,21.043344,1.3232046,7.0230756,16.580873,0.0,0.0,-5.269544,5.2461596,31.455498,1067.0498,1331.611,-85.9773,2253.2703,1107.9316,-93.367096,3217.2864,947.9843,-93.87088
1.4084266,-23.619532,36.523758,-0.05182864,-0.027897729,4.0483966,29.67956,22.534021,7.6970844,9.538287,16.932192,0.0,0.0,-1.0235158,5.2137218,29.698244,790.5183,1414.3857,-23.965515,1807.6162,1122.7124,-39.38741,2976.5183,686.15137,-40.30841
1.1312788,-26.386042,38.432034,-0.08422417,-0.024782589,2.978364,25.90863,26.997149,13.868713,10.52176,17.109789,0.0,0.0,-0.42804787,7.2964606,28.173105,554.3933,1398.209,-18.475084,1579.6515,1017.5017,-35.650658,2768.658,523.1748,-39.84837
1.1275135,-25.957726,38.091618,-0.091180794,-0.02360657,2.0247056,23.796091,26.70062,13.991414,12.115952,15.899368,0.0,0.05590576,-10.138856,10.720383,29.526068,312.76132,1487.2822,-10.52917,1229.7279,1143.556,-29.684553,2411.6912,588.13153,-35.76784
1.1418422,-26.341597,38.871,-0.06847311,-0.01990639,1.2421688,23.443789,27.045801,15.660668,14.936061,14.492791,0.0,0.05590576,-18.615416,13.52301,30.861618,300.84573,1530.4359,-6.7101703,1242.5132,1176.0765,-24.712702,2375.528,653.1355,-32.337116
1.1845709,-24.250685,34.788544,-0.06577762,-0.019315615,1.3166183,21.645294,26.699,15.955569,16.40944,14.461926,0.0,0.05590576,-18.585878,14.143046,30.531097,324.3509,1439.5458,-2.9813092,1252.5046,1127.8729,-24.069456,2339.5684,563.9385,-29.992605
1.1869988,-22.57734,31.748259,-0.084711224,-0.021860281,1.6693524,19.692225,26.865387,17.957659,14.516823,15.697055,0.0,0.22138298,-8.832576,19.978834,29.330248,352.64767,1258.4062,-8.433217,1349.1206,1025.0286,-27.74375,2367.405,513.72076,-29.677383
1.1544336,-21.908752,28.921637,-0.09856347,-0.027457163,1.6265941,18.715006,28.312271,20.031446,9.626494,17.004086,0.040745087,0.38686022,-0.8267067,19.483274,28.586851,404.81137,1235.9332,-13.889328,1410.0409,1800.6859,-30.288712,2286.9563,524.89105,-28.992395
1.0922395,-21.58076,28.328476,-0.09396095,-0.029375536,1.4923226,18.834194,28.763512,20.095451,6.4582615,16.99885,0.0,1.2155952,0.04963814,18.461718,28.367441,429.55527,1203.5255,-20.337416,1465.514,1930.31,-30.28134,2286.128,585.5971,-28.270498
1.0092987,-22.321655,27.681908,-0.0776341,-0.03315447,1.0957514,20.2732,30.330847,20.2845,2.2677262,20.992561,0.5050601,1.2866879,1.6145271,17.808434,32.273174,548.97046,1258.6329,-20.25427,1693.7211,1700.7856,-32.68764,2572.1719,585.13214,-30.580093
0.92252994,-22.689627,27.875189,-0.06759695,-0.034618873,0.8631117,22.08428,29.581223,17.926039,-0.63673383,25.018127,0.33817744,1.5997777,4.2042994,22.67689,37.418674,540.1748,1307.797,-21.471785,1580.6938,1149.43,-35.981663,2649.922,538.6544,-34.67487
0.85080147,-24.900352,31.398651,-0.06643855,-0.037619468,0.63870543,25.857466,30.512506,14.351296,-3.54408,29.038101,0.33501562,1.0434046,6.5199056,26.815195,41.63004,680.3027,1295.958,-21.565384,1806.4208,877.5154,-40.872593,3020.6946,415.11792,-38.227623
0.79470414,-26.077402,35.503265,-0.056040067,-0.03530522,0.49870828,30.193285,31.117615,9.519015,-4.993777,29.035925,0.0032416799,1.1151227,7.2109694,26.594574,43.700886,697.76447,1319.4926,-20.835539,1710.6385,1289.6488,-39.318356,2952.369,457.74496,-39.93881
0.75001526,-26.222832,38.480183,-0.045558777,-0.03172806,0.49942145,33.936108,30.286575,5.6430535,-5.274784,29.040594,0.0052555925,0.7860875,7.1248918,26.875994,42.58156,671.45984,1302.9479,-11.181462,1726.0297,1108.9712,-34.712166,2915.6943,597.29895,-38.057205
0.7351211,-26.086248,39.96908,-0.036806762,-0.028099654,0.4124504,36.234653,29.451464,4.4717917,-6.8156915,29.043404,0.0051450534,0.64825743,6.708694,27.342813,39.589138,495.87756,1574.4806,-2.5292206,1371.3369,1408.1498,-26.958275,2504.998,1011.9116,-34.390324
0.7592427,-24.208654,38.508675,-0.029541278,-0.02461358,0.491455,35.14063,25.227837,4.2902045,-5.583088,29.070051,0.009707387,0.3270467,5.785898,26.160118,34.364063,344.74112,1588.1836,5.5491467,1128.1095,1230.6554,-25.260208,2266.7288,1018.9458,-28.814913
0.8516242,-22.285624,35.6582,-0.019703638,-0.02214308,0.45761904,29.461916,24.465933,6.0625644,-2.9435022,26.783136,0.11293691,0.28509805,2.7015707,15.2078705,28.628561,341.12973,1553.417,8.121825,1170.5605,1227.0922,-22.126959,2310.38,926.7923,-22.285757
0.9785762,-18.568375,29.776468,0.009204209,-0.020012507,0.37427092,22.814627,21.315985,7.747791,0.5687056,24.360117,0.113806166,0.8041723,-0.51123613,5.4953322,26.63056,330.22668,1496.9703,10.113355,1214.576,1371.5765,-20.04949,2236.4275,706.1672,-18.567741
1.0594939,-16.470406,26.385199,0.008345595,-0.01705337,0.34184054,17.468939,21.159319,7.29802,3.8197768,21.9681,0.10964233,1.2473241,-3.581992,-2.1724093,28.044418,302.60284,1610.4902,12.873901,1309.6226,1644.8312,-15.223475,2088.6248,832.5512,-17.342926
1.1554757,-17.743647,25.934717,0.018627604,-0.021450592,0.90878844,19.830957,21.810736,7.8639603,3.350114,24.276999,0.09517274,1.4249535,-2.2257402,4.0897746,33.358387,266.8842,1823.4087,8.907849,1208.8066,1804.434,-17.1285,1997.7866,846.2034,-24.843924
1.1901426,-19.145744,26.082453,0.018940479,-0.02605387,1.2125367,21.769266,24.208464,7.541534,0.48076376,26.725183,0.11280169,2.3981154,0.77330166,10.111499,36.87888,310.70596,1703.5258,-0.5241477,1201.4891,1708.1444,-25.668037,2051.5835,814.84644,-31.774689
1.264304,-20.419096,25.644037,0.03507292,-0.029162956,1.4534149,21.819435,31.045288,11.035553,-3.8821886,29.09848,0.129443,3.594654,4.465614,17.652798,39.12353,342.21646,1830.184,-12.255753,981.1262,1795.1356,-28.518951,2183.7935,645.9686,-38.209652
1.2119557,-18.545225,22.471598,0.02215145,-0.028105348,1.1755642,17.920143,36.848484,11.739517,-7.602028,29.068169,0.0404055,3.5051425,4.8515296,22.013819,35.05871,379.82437,1647.3744,-12.026051,1049.3536,1725.2184,-33.37634,2403.2668,469.6166,-33.915123
1.1901287,-16.35538,20.151215,0.0009638655,-0.027972853,0.89509296,13.76638,42.952557,15.549153,-14.574238,29.031485,0.035164554,2.214587,3.564164,25.970757,28.03199,492.00693,1600.4102,-13.700133,1465.5035,1434.4756,-31.94767,2764.3445,437.1567,-26.210459
1.2033916,-13.191081,16.855682,-0.018948652,-0.029519126,0.71235925,10.506043,44.543274,16.307016,-21.585625,29.026505,0.01724497,0.62844306,1.9460378,27.407015,23.676695,428.36514,1516.7448,-9.896836,1526.1769,1218.6353,-30.562698,2802.89,560.4917,-21.415335
1.3079301,-10.61282,14.572479,-0.039561536,-0.028617023,0.530302,6.1491456,46.697376,19.119305,-25.48107,29.027048,0.020789796,1.2399535,1.324255,27.168253,19.368843,511.3374,1498.2393,0.0,1863.3478,1070.064,-26.811743,2989.5623,695.2353,-17.359823
1.4839741,-7.367101,11.632679,-0.041021854,-0.02570545,0.66579145,1.4815784,44.680912,19.621881,-22.570501,29.034128,0.011227217,0.93060726,2.0951908,27.283493,24.806768,384.2422,1356.8656,-3.1402826,1717.7399,972.6594,-28.736368,2628.8838,778.385,-23.433533
1.6047482,-6.2998967,10.981331,-0.031610545,-0.025679762,0.6738119,-1.7406117,44.91965,21.609686,-17.999056,29.039312,0.014770295,1.2746792,3.6166458,27.472265,25.596481,453.77298,1086.2759,-10.4509535,2041.9121,677.4805,-35.04309,2634.6018,1527.234,-24.29323
1.5419704,-7.975996,13.008846,-0.020842299,-0.025298933,0.71083754,-0.1833256,42.4272,21.094141,-15.412048,29.041513,0.008052553,0.95083857,4.512651,26.326004,30.366213,479.74014,1081.6055,-9.481765,2037.1182,533.21234,-37.48824,2619.469,1565.2314,-27.616655
1.2561282,-13.245074,19.29853,-0.022472462,-0.025299981,0.62833756,6.4457917,41.586384,17.979448,-15.197221,29.034624,0.0048160963,1.3427976,3.8264635,21.50126,27.66855,633.2551,1193.9464,-16.935202,2198.557,422.97546,-34.569084,2959.7656,1486.6603,-22.772635
0.97414225,-18.686522,24.885378,-0.034920793,-0.02429833,0.6069259,14.1252165,39.211838,17.08093,-12.760495,28.996305,0.0045771454,1.5250872,1.6858155,16.13352,28.230265,627.3897,1511.5425,-10.578174,1829.3158,751.1709,-28.752197,2967.2454,443.17545,-22.34506
0.977427,-18.563263,26.31247,-0.012604564,-0.024661152,0.7212041,13.650539,37.71246,12.125653,-13.313923,28.921911,0.011562615,1.5828363,-1.3070822,11.760554,26.878868,509.31686,1507.3607,-8.879827,1663.3076,1037.1779,-24.350626,2770.8137,240.20647,-22.482183
1.1914711,-15.859982,22.336168,0.010070755,-0.023765892,0.7981076,9.902616,35.65846,7.9014072,-9.024646,30.124743,0.018023027,1.705131,-2.1674697,7.402205,24.865488,338.96548,1568.2155,-0.17517805,1349.1351,1398.3785,-18.060347,2504.0867,360.04642,-21.363953
1.4297056,-13.158666,19.252901,0.022774158,-0.022619663,1.1006829,8.028128,33.16198,2.4723246,-6.229318,31.354355,0.021058908,1.679266,-1.7929908,3.5924923,20.10875,255.95099,1485.5392,2.737838,1440.7012,1240.6342,-13.530373,2476.3352,468.92984,-16.39112
1.582425,-12.371285,17.477753,0.018187217,-0.020037813,1.1235625,12.260312,26.317183,-0.9067041,2.6568487,32.60027,0.06063674,1.6304501,0.040369492,0.050865013,16.769585,247.10498,1577.4663,0.0,1298.0577,1215.7892,-9.934396,2301.7327,794.709,-11.513906
1.6434478,-11.940086,17.67465,0.022860235,-0.018816518,1.2267543,16.51146,17.847086,-2.6637294,7.6684303,32.54121,0.068371125,1.6286322,0.4843756,-0.75790805,14.637253,225.56323,1605.8575,5.6731915,1210.9806,1161.8806,-11.413381,2213.8113,774.98114,-8.753299
1.7025157,-11.380051,16.130552,0.021466414,-0.017716961,1.1701895,20.641289,8.080665,1.4069446,10.391757,32.456264,0.06340814,1.2367672,0.120029174,-0.061614513,12.348773,314.41592,1408.7184,0.0,1307.7347,1097.6503,-12.355739,2169.6458,947.62305,-6.0020885
1.6645156,-10.656628,14.683431,0.03549506,-0.021129688,1.2293247,21.952639,1.7283701,11.741204,9.55455,32.369976,0.017406104,0.73161334,-0.29900336,2.1667075,11.0447645,330.99203,1222.0898,6.806321,1368.1471,865.4235,-13.7637,2222.5344,880.63324,-4.406729
1.6545821,-9.35315,12.179339,0.03582477,-0.028363904,1.2030945,21.965292,-0.6948803,23.247969,7.3040257,32.293793,0.0035396253,0.7947185,-0.4208151,6.2150364,11.178547,363.77567,1070.2225,7.3141303,1439.3724,658.99817,-15.360107,2308.3284,855.3527,-3.8644168
1.6489714,-7.392818,9.951089,0.05237552,-0.033730052,1.1666664,18.396072,0.13236062,29.89408,6.367456,32.210724,0.025917016,0.8662982,0.2067521,12.01604,13.818932,341.18896,1039.3641,8.8826275,1457.941,428.0684,-19.202036,2361.7952,780.49396,-4.9363046
1.6613073,-6.3856564,8.658898,0.048490595,-0.03678826,1.0996326,15.011192,3.8893425,33.83682,2.626384,27.95462,0.049755614,1.0999826,-0.23368342,8.862027,12.907828,338.71402,979.19257,11.843948,1483.5039,236.53575,-21.960936,2403.6038,712.39185,-4.502089
1.6668974,-8.182593,12.047826,0.04341069,-0.034776833,1.4626774,12.567325,9.971684,38.606693,-1.6976987,23.64799,0.073302105,0.71840984,-1.5274367,10.762227,11.776604,326.95752,938.45514,13.314377,1512.1451,125.823395,-23.872131,2435.4075,677.3742,-3.9163086
1.5769948,-9.547302,14.4447775,0.033645894,-0.036070097,1.6026746,11.781342,14.931874,39.248978,-6.2604775,18.518007,0.24293284,0.5092507,-3.918154,9.790359,9.668053,336.6124,896.9248,12.588492,1562.1719,49.098392,-24.778938,2497.4492,709.9786,-3.9795907
1.4678494,-12.463298,16.72758,0.038488124,-0.03702751,1.6539173,13.553146,19.769339,38.70534,-6.6312966,17.591047,0.41256356,0.3000916,-3.8621013,14.755955,12.607701,341.80002,920.68317,10.815654,1613.3512,72.2545,-24.47187,2571.009,771.5162,-8.329902
1.2175153,-13.4777975,15.813911,0.025966285,-0.041837487,1.5260901,15.175495,23.24984,32.98953,-4.2902617,16.767786,0.58219427,0.09093251,-2.6701403,13.088801,17.2265,367.55704,919.3474,7.1692367,1665.2748,155.62859,-25.251402,2541.584,888.01874,-15.35545
0.98752666,-17.107626,20.107553,0.036733795,-0.046176206,1.240676,17.842726,26.00856,25.963852,-5.114093,16.821959,0.39456716,0.77664804,-0.38412976,14.305989,21.110113,388.70706,1047.9125,4.899921,1705.0884,1055.4418,-27.404886,2363.535,857.07666,-20.658792
0.75187474,-20.788355,25.458344,0.024984568,-0.051581684,0.95190984,21.931246,27.905184,19.665342,-8.24977,16.88534,0.21174037,0.80897355,0.37452427,18.115496,23.90072,515.8869,1114.4835,-4.1292124,1858.669,1191.3024,-28.069754,2523.3105,871.1575,-22.875433
0.65501547,-24.982635,30.643408,0.039680712,-0.05323608,0.48176154,27.939074,29.412909,14.659793,-13.837711,16.906296,0.01930285,0.84130716,-0.16043611,20.543396,19.762304,648.21,1159.1842,-10.785571,1992.6709,1228.6366,-27.011065,2875.7322,650.02325,-17.202593
0.61755323,-26.613852,31.61188,0.039023783,-0.055504065,0.34243503,30.824913,31.727606,14.856064,-17.59601,16.889542,0.019297766,0.18792523,-2.1651459,19.888435,13.828896,772.23785,1091.882,-17.010843,2165.4531,424.13904,-22.188555,3309.6514,606.3364,-9.757306
0.7434316,-22.38994,27.156122,0.04525721,-0.051424306,0.41180864,24.463896,35.61578,20.61239,-18.157108,16.876001,0.0,0.86664087,-4.643577,19.289585,13.211274,653.3674,1003.46796,-10.137628,2150.9539,567.2393,-20.345896,3009.1375,377.90527,-8.026635
1.0502565,-14.73314,19.013601,0.040872533,-0.047182407,0.55575687,11.610745,40.604305,22.749907,-17.375929,16.875017,0.0044168523,1.5453483,-6.1964936,20.86419,16.046507,512.43585,951.5129,-1.3374504,2075.7488,576.8572,-19.641085,2664.8408,781.0026,-10.457057
1.4999943,-5.1838655,9.12167,0.03358342,-0.041076973,0.7301461,-2.4810517,45.214314,23.889494,-18.730734,16.894176,0.0044168523,2.2240558,-5.779226,22.077566,20.072649,370.0023,849.39886,6.6862617,1884.8658,804.84033,-20.096703,2382.9587,960.7631,-14.696674
1.7580752,-1.5074807,4.824043,0.02018914,-0.0370222,0.9128296,-7.743564,49.094448,19.806276,-20.256746,16.878677,0.0044168523,2.2240558,-4.3648386,18.50656,17.35309,361.05557,820.2871,8.562774,1809.6934,832.70135,-19.060503,2413.2373,1271.0903,-12.159673
1.777901,-1.1861491,4.758453,0.016503284,-0.039949078,0.91912746,-7.5104384,48.463837,22.789206,-21.693102,16.807856,0.0044168523,2.2240558,-3.1345918,10.762947,16.84578,357.7946,807.53204,9.58574,1791.7103,854.0783,-16.584627,2425.428,977.3281,-11.1261215
1.6376301,-2.5804503,6.458409,0.014939494,-0.042178314,0.84562325,-4.486103,43.22847,26.496626,-19.000992,16.762747,0.003750296,2.2474492,-2.7702258,2.287255,13.918312,343.77133,843.7712,10.523287,1772.024,703.1746,-14.956555,2434.6216,756.9155,-7.746576
1.4736534,-3.999048,7.359844,0.017018327,-0.040837854,0.7089069,-0.3012174,34.093945,29.300888,-16.334766,18.696556,0.0030837397,2.2708428,-2.584751,-0.6513551,14.360686,333.28497,952.4588,10.810422,1722.6039,462.88876,-13.151756,2481.8328,670.2922,-6.3241334
1.4425532,-6.9226155,9.551166,0.028846374,-0.030451462,0.8873024,5.7936807,25.067617,25.853827,-9.051303,20.666544,0.11804462,2.2682505,-2.5778031,-1.249258,13.990776,250.84373,1249.5924,10.5645685,1565.0355,755.5654,-5.9462776,2378.4304,622.8314,-4.901921
1.4749373,-9.684096,12.088242,0.02974677,-0.02318064,1.0641221,14.288761,16.755045,17.3993,-7.8190904,24.859907,0.2684184,2.7250786,-3.8560116,2.1846402,20.1943,458.90503,1358.1614,0.0,1772.1523,739.8784,-7.045522,2698.4163,733.1386,-12.084798
1.657348,-10.1518545,15.859683,0.04418694,-0.0209719,1.2677389,22.113043,7.871137,5.7901053,-6.773449,26.972082,0.41879222,3.1819065,-4.6836777,10.21964,19.8315,474.5913,1369.4935,-11.011049,1603.7181,933.97345,-6.3409805,2642.4578,630.57526,-14.35081
1.6787316,-7.4742165,16.64532,0.049520567,-0.022313422,1.4055918,26.905005,1.3897572,-4.4037995,-11.4668665,29.081152,0.45353854,3.6647198,-4.8046217,11.8693,20.05593,538.96716,1259.5024,-6.437931,1528.0658,769.7752,-10.599193,2668.7617,617.9133,-17.014635
1.6547815,-5.68062,16.642103,0.038641773,-0.022235127,1.4019188,29.197756,-0.41384062,-10.177044,-7.2432837,28.931122,0.45353854,3.6647198,-3.0759685,9.60754,13.736489,352.62476,1269.3625,-5.7457175,1164.6469,928.0455,-3.958052,2255.9917,530.47565,-11.297217
1.5732263,-5.5565033,13.907879,0.03093627,-0.03138779,1.264833,26.581995,2.3058684,-10.887558,-12.33884,28.88518,0.45353854,3.6647198,-2.055201,-0.10336987,10.608702,559.2389,1236.6134,4.133075,1500.6846,782.6485,-1.8306216,2581.0828,530.821,-8.421306
1.7559228,-5.323631,13.660869,0.021688959,-0.022884429,1.1612678,21.315266,3.08522,-9.563945,-11.687264,28.889608,0.45353854,3.6647198,-2.1323931,-3.0176697,6.2210503,504.7953,1335.9673,4.8454595,1493.6422,849.1027,3.0540435,2590.298,560.3777,-3.7171762
2.4590037,-3.3334923,12.561569,0.04518478,-0.015698021,1.5529178,12.829884,0.13482349,-11.754143,-14.817033,28.831335,0.45353854,3.6647198,-3.6932418,-3.6140034,5.783873,722.40607,1254.983,0.0,1809.0221,812.55884,1.5097529,2889.2234,526.70184,-2.910492
3.0227897,-1.0173396,11.606063,0.06311741,-0.002612605,1.866364,6.7102838,-4.0477433,-14.713669,-11.45594,29.917215,0.45353854,3.6647198,-4.144922,-2.8561432,7.147785,686.25507,1487.9736,2.4488726,1677.6158,1042.8969,0.40444008,2815.457,513.0636,-4.665355
3.3572,-0.5048177,10.712274,0.06407683,-0.008652412,2.0350556,5.6899486,-4.534637,-16.002426,-12.402683,30.976915,0.45353854,3.6647198,-2.9997272,-2.6108122,7.9059987,956.5185,1293.643,1.1980472,1981.6578,957.7957,-3.8974583,3084.9802,467.89993,-5.6091957
2.8911667,-2.6216757,11.846873,0.056206573,-0.012744264,1.9124626,8.8262205,-1.8013449,-12.056928,-11.302784,32.079807,0.45353854,3.6647198,-0.44421995,-3.5303364,7.76911,759.4333,1410.7491,1.3443073,1714.8121,1174.5961,-3.1747987,2771.1648,647.2494,-5.513422
2.4442666,-4.780458,13.272339,0.0371191,-0.017852819,1.727355,11.174889,-0.0314637,-9.937747,-11.978367,32.04445,0.45353854,3.6647198,1.2011191,-4.411137,7.3826065,586.3787,1197.1381,1.9833697,1567.8021,1113.0765,-4.9037786,2539.4177,718.8418,-5.582459
2.0321147,-7.5479145,14.916371,0.024389206,-0.025171617,1.4333258,13.775337,3.0113313,-6.982906,-12.669238,32.037952,0.3404058,2.5995114,1.7252277,-3.420929,9.016052,416.36325,1218.6875,4.4551997,1354.1396,1266.4152,-5.8955235,2295.4875,820.4944,-6.2122307
1.8416362,-8.571117,15.514026,0.015184239,-0.030589761,1.0485574,14.572116,5.5281734,-7.649962,-18.232563,32.055145,0.19037302,1.4839034,1.8829485,-1.4716212,11.921578,395.88443,1220.9093,4.1186156,1307.5157,1191.1403,-4.8670335,2341.5579,627.18964,-7.8029633
1.7537915,-9.190684,16.297663,0.025245516,-0.030814894,1.0515131,16.856169,8.944874,-7.912637,-22.434967,32.044323,0.04186665,0.6644194,1.7429136,-0.28456607,17.772537,618.3551,1209.4816,3.9359028,1636.256,992.5473,-7.127186,2706.9558,687.1587,-13.065319
1.6537143,-8.873868,15.194844,0.027155548,-0.027909704,0.9864966,17.941622,10.694308,-7.851216,-25.385931,31.97384,0.0047948156,1.2382884,1.0138836,-0.9644413,21.438286,550.801,1377.2344,2.8479111,1529.082,923.14044,-5.8374786,2724.8909,552.753,-19.551098
1.5658203,-8.751149,15.848381,0.03429738,-0.033886503,0.96740216,20.510366,14.653504,-9.365172,-24.4319,31.919579,0.005472079,1.6984844,0.59517753,-1.8935573,24.284859,534.0387,1360.3677,0.0,1512.9056,795.12225,-73.85173,2745.5496,528.10077,-83.44708
1.4140238,-9.125999,19.585043,0.024899488,-0.03738444,0.8027504,22.727118,21.493673,-11.580396,-21.507706,0.0,0.0,0.0,0.0,0.0,0.0,303.23428,1420.7609,-201.0,1102.9052,951.60846,-135.14117,2470.7454,367.4962,-142.38333
1.2412153,-9.827207,20.66154,0.023943864,-0.0403586,0.83128023,19.223637,29.13649,-10.937041,-20.316946,0.0,0.0,0.0,0.0,0.0,0.0,534.19965,1169.4689,-201.0,1614.9125,574.3459,-201.0,2712.6765,489.64072,-201.0
1.2369219,-8.018101,16.032833,0.020130007,-0.035826284,0.7906217,10.656623,38.67874,-8.673441,-20.118654,0.0,0.0,0.0,0.0,0.0,0.0,718.017,1116.6421,-138.4796,2027.7015,596.24945,-140.78958,3002.4084,587.02344,-137.6003
1.2831239,-5.913526,8.160352,0.01608001,-0.036721766,0.68527097,1.5608832,47.370865,-4.6244864,-19.231659,16.803822,0.0,0.0,-5.298956,18.880314,21.904932,742.7104,1205.7625,-71.5177,1972.16,1040.6471,-78.48562,2893.341,797.6543,-78.87018
1.3736359,-3.3358772,4.95079,0.02391412,-0.0382425,0.5609634,-2.641265,53.556103,-3.5276423,-20.598206,16.79347,0.0,0.0,-4.8265533,18.397135,21.010899,673.1254,1288.5088,-5.5129395,1856.4078,1362.7261,-20.225687,2940.8389,759.46027,-16.922897
1.3154093,-3.1057034,5.211234,0.028111825,-0.037934396,0.5122664,-3.2689593,54.72269,-0.25056282,-20.611307,16.791569,0.0,0.0,-3.395015,17.757906,27.277018,504.84204,1273.2845,-1.1614116,1688.5775,1849.4664,-24.076628,2564.8245,895.3811,-23.277613
1.1859665,-5.653093,8.495651,0.026321441,-0.03908247,0.5229922,-0.75019455,54.726917,4.664427,-21.479744,16.821108,0.0,0.0,-2.0433447,19.20117,30.507055,528.5501,1160.9064,-1.2063468,1573.5029,2412.7314,-20.785128,2580.106,800.865,-27.023096
0.9534504,-10.641768,12.6447115,0.027745882,-0.04257932,0.5090026,5.4225907,51.41975,7.7108006,-20.691597,16.852959,0.0,0.0,-0.93872195,21.454603,34.302666,521.6146,1202.4064,-1.798642,1613.7548,2179.5073,-24.16149,2572.0322,602.3675,-31.435316
0.7086857,-17.365593,19.676027,0.030538887,-0.044181425,0.45019126,13.987172,49.677418,5.773564,-20.24452,16.888376,0.0,2.6400192,-0.48795405,23.13378,33.18634,529.75415,1255.3726,-1.5101417,1394.1001,1798.0029,-20.565077,2764.0955,330.3649,-30.801458
0.5558893,-22.706053,25.605837,0.016892463,-0.045548055,0.44371566,21.385572,46.798233,3.6817608,-16.640327,16.91801,0.019546479,1.7838682,-0.54434067,20.841925,29.037146,486.81528,1393.9935,0.6479718,1513.9681,923.72003,-24.967169,2829.0598,231.42194,-26.38302
0.56144166,-23.216978,28.577887,0.020841612,-0.039273977,0.41893378,22.249708,43.33672,1.1766387,-10.632328,17.016407,0.019546479,0.079781845,-1.6936694,79.77823,28.488218,326.90027,1594.6182,3.3532615,1063.0372,1347.6935,-18.725828,2500.8916,418.87167,-24.506386
0.61793834,-20.397776,27.126701,0.026718354,-0.030952057,0.42385754,19.865906,36.945377,1.4124593,-2.4809246,17.11673,0.0,0.30177617,-4.15286,138.98079,28.210815,305.14896,1598.3984,0.0,1106.04,1227.239,-16.150698,2447.4932,596.5339,-21.78984
0.79874593,-14.089995,21.25694,0.036304697,-0.02150669,0.4018639,11.888817,32.08583,5.6677766,0.2807036,17.184233,0.0076765493,0.41688126,-5.778157,201.0,29.233982,298.11407,1409.6488,-95.274796,1280.9512,985.78046,-77.34408,2440.751,457.2985,-81.1929
0.96661186,-11.036542,17.306692,0.029186698,-0.016904464,0.57191366,7.6635203,33.704742,10.044838,-0.8328617,0.0,0.0,0.0,0.0,0.0,0.0,335.7969,1113.3544,-130.51653,1442.266,665.91864,-138.46898,2559.763,484.3978,-140.6046
1.1551628,-9.945494,14.906083,0.018029405,-0.019833736,0.8221512,5.619105,36.359066,15.616382,-2.58603,0.0,0.0,0.0,0.0,0.0,0.0,328.53683,1043.3154,-201.0,1512.8331,524.2136,-201.0,2622.8586,421.87338,-201.0
1.2321388,-7.203362,10.814332,0.023702418,-0.02417621,1.1244526,4.062581,38.891544,12.216521,-6.5346713,0.0,0.0,0.0,0.0,0.0,0.0,329.57324,1039.6854,-201.0,1505.2079,554.2273,-201.0,2616.682,662.8451,-201.0
1.3071407,-3.4331903,5.5356517,0.02716437,-0.02981256,0.99369955,-0.49963188,41.598526,10.636975,-7.438642,0.0,0.0,0.0,0.0,0.0,0.0,341.62875,947.91315,-132.02898,1624.4042,457.68933,-141.48924,2509.5022,457.46548,-140.27086
1.3354746,-0.24412669,1.1877481,0.022521643,-0.032061607,0.83869267,-5.1662564,43.405975,9.672254,-9.168342,16.812931,0.0,0.0,-5.6857114,14.977519,18.359276,350.31754,890.0366,-62.81973,1732.7233,392.99915,-81.78437,2357.823,327.01138,-79.32578
1.3379809,-0.30337182,2.548497,0.018420225,-0.040129103,0.5812494,-6.421098,44.240784,15.579078,-12.758145,16.798048,0.0,0.0,-5.9323735,17.140999,18.0421,351.41858,824.60004,6.60385,1838.994,448.27554,-21.943802,2321.0566,275.17212,-16.869516
1.2883689,-0.7362416,3.8576343,0.019706694,-0.04689445,0.55581033,-6.146511,43.820786,18.948225,-16.598013,16.793667,0.0,0.0,-5.940105,19.762798,18.627745,346.52536,841.0884,-62.367172,1805.7593,624.50934,-81.45456,2432.2239,569.47845,-77.59866
1.2538099,-0.3220012,4.004115,0.010865204,-0.054515824,0.5453156,-6.2789116,46.15204,22.328672,-20.23809,0.0,0.0,0.0,0.0,0.0,0.0,351.49673,814.5706,-131.57642,1784.3165,838.2654,-141.15944,2476.7703,778.95245,-138.54373
1.2751197,0.76282716,1.7439386,0.01986628,-0.05505738,0.6017346,-7.316225,47.828735,21.215193,-19.238214,0.0,0.0,0.0,0.0,0.0,0.0,352.79922,772.8413,-201.0,1751.791,937.0198,-201.0,2462.2085,696.2408,-201.0
1.3279191,2.1859045,-0.8986338,0.0049330667,-0.056721274,0.6188235,-8.836434,48.33095,23.446447,-18.824785,0.0,0.0,0.0,0.0,0.0,0.0,354.2532,734.39966,-131.62944,1703.4274,1011.30963,-141.48979,2423.5088,570.3103,-138.7382
1.3800517,3.691726,-1.7478466,0.024782762,-0.056471348,0.7043478,-10.606906,47.12993,23.862106,-19.581835,16.68419,0.0,0.0,-7.13361,9.061937,17.704884,336.4857,767.2039,-62.74524,1652.216,1029.4226,-83.037636,2467.9526,606.3907,-76.631905
1.3850046,3.876812,-0.94784546,0.019654898,-0.053561836,0.6401415,-11.824985,45.926407,23.342928,-16.707773,16.664965,0.0,0.0,-6.625232,8.208618,18.735926,318.40695,847.83954,5.788479,1635.0687,946.00684,-24.105553,2500.269,686.19904,-15.615823
1.3956407,2.609149,0.5451762,0.02652581,-0.048260625,0.69969916,-10.983624,47.59081,20.477095,-14.93135,16.585226,0.0,0.0,-5.9522223,5.5963264,20.002455,324.14062,858.48834,3.0483017,1686.994,935.5236,-23.03742,2506.9607,773.53937,-16.794449
1.3492732,0.40076065,1.8084353,0.024774479,-0.050967783,0.6453671,-9.929687,50.717205,15.387469,-14.660226,18.38709,0.0,0.0,-4.503145,4.1124487,21.267378,349.21817,801.8586,2.768389,1768.8359,907.4348,-18.407194,2515.3606,842.55914,-15.7769165
1.2732414,-2.4151886,4.3691106,0.038077865,-0.050291747,0.61293834,-7.283818,51.10924,12.710387,-14.839032,20.193184,0.0,0.0,-2.1879263,4.6242094,21.024008,374.12805,736.3081,4.4274764,1825.4882,705.5364,-12.391423,2512.499,682.74567,-11.004001
1.1270251,-6.9170756,10.486348,0.035501216,-0.052525382,0.6534851,-1.4601291,46.182697,14.309512,-8.409257,22.023834,0.0,0.0,0.74085635,7.2215867,20.134531,377.14468,786.53986,7.004743,1805.1792,477.26285,-9.599506,2466.1008,764.1696,-6.6298814
1.0332144,-10.358012,14.355701,0.029170385,-0.049826775,0.5510383,5.6423435,36.495518,20.160362,-0.09749571,21.969774,0.0,0.0,2.2975075,8.505576,18.988548,372.8712,822.6506,9.361785,1690.0299,273.54022,-10.48471,2369.119,637.7398,-2.2219741
0.9602363,-13.28835,17.377504,0.025613585,-0.055138204,0.51472795,11.2263565,30.89894,24.76414,6.5735373,21.880661,0.0,0.0,2.399415,8.675251,18.248936,375.49564,855.07587,10.578206,1621.567,306.3364,-13.801448,2322.7126,900.76385,-0.17742682
0.9548995,-13.223729,15.7339525,0.034305677,-0.056064487,0.3952166,13.254046,28.325851,27.645296,6.8806243,21.763865,0.0,1.7438521,1.1582533,8.641406,17.988518,373.98047,855.5871,7.7006593,1591.9235,325.22644,-16.492634,2287.0625,819.11395,0.45643774
0.932417,-12.654933,14.576398,0.047820747,-0.054244608,0.38738635,13.729176,28.46443,29.844423,8.074224,21.260199,0.011695189,1.3659071,-0.5462696,8.437516,18.344938,378.0402,855.17236,6.660946,1621.7295,292.3049,-18.581884,2327.512,911.8062,-1.4173402
0.92838734,-12.596478,14.15371,0.030946782,-0.048959475,0.47004426,14.480835,28.516039,33.39217,10.8747835,24.513788,0.14610925,1.1587161,-0.31440282,6.078628,18.843615,383.41296,904.821,0.97999984,1657.8236,337.25146,-23.95098,2385.2014,1101.1691,-9.970969
0.93008804,-12.055987,13.769671,0.033329394,-0.047161464,0.528421,13.099914,27.59291,34.35486,10.713898,27.74447,0.14842598,0.92795086,0.9684458,3.7360032,18.604803,382.63205,916.89453,0.55993444,1671.89,272.27,-29.49186,2463.0635,1146.2487,-15.964104
0.9395085,-12.11214,14.299104,0.01947804,-0.04999305,0.60800976,11.619874,28.922241,36.118267,10.612005,31.303217,0.14910577,1.0662489,2.8171995,0.6262242,18.720093,387.45996,935.8001,-4.473264,1687.4132,267.85416,-33.233143,2522.0054,1099.5071,-23.193357
0.95802546,-12.874402,14.877887,0.030195698,-0.05095877,0.6886082,12.018517,29.8358,36.77049,10.83265,31.061867,0.032206636,1.4035587,2.71719,-1.2622339,19.149752,383.59,918.4483,-6.9783225,1664.669,225.30013,-32.886013,2570.3284,913.6572,-26.128073
0.87358904,-14.604992,16.977083,0.029109702,-0.05188032,0.76397157,14.73585,31.136421,36.647358,12.62601,30.886162,0.04674105,1.367468,1.9823699,-1.4953947,20.224953,403.53455,970.9155,-9.596858,1700.6083,322.0465,-30.200785,2651.8992,864.9489,-29.512901
0.7581343,-17.750418,21.94117,0.027121393,-0.048341382,0.7388632,17.74705,32.783764,32.566654,5.454905,30.79504,0.063705415,1.5387466,1.4973711,-1.6345136,20.647854,433.80466,1068.5928,-74.48528,1503.9835,1357.506,-86.56744,2515.288,661.39264,-87.94161
0.7551403,-17.482853,24.888643,0.021337764,-0.034009602,0.6558365,18.862932,27.85341,24.271097,1.1821918,0.0,0.0,0.0,0.0,0.0,0.0,673.65063,1174.8607,-137.7085,1677.3379,1625.0717,-143.17657,2702.8738,566.2934,-144.2868
1.0043386,-18.386595,28.58111,0.0019073343,-0.020637862,1.4255158,19.721733,24.421549,19.667645,0.30112997,0.0,0.0,0.0,0.0,0.0,0.0,906.0718,1230.2823,-201.0,1856.5885,1674.0902,-201.0,2898.9622,569.46747,-201.0
1.3223932,-16.649157,27.511683,-0.023455394,-0.010949559,1.8269266,19.808504,15.241513,17.392145,5.790115,0.0,0.0,0.0,0.0,0.0,0.0,863.45996,1309.7461,-134.93538,1946.63,946.636,-143.76509,2927.736,756.2654,-140.26723
1.3281207,-17.95158,26.33387,-0.036912635,-0.018347183,2.3368735,19.78495,18.328798,20.445345,4.213805,13.979689,0.0,0.0,-8.634922,99.40213,18.340805,631.3471,1303.2635,-74.88181,1707.581,1111.1205,-89.15049,2606.3225,728.24335,-80.96608
1.1831894,-16.294218,21.989954,-0.034710977,-0.025556406,1.6066483,17.310492,20.115896,21.734827,1.6287323,13.984155,0.0,0.0,-7.71728,73.3352,17.77835,385.75284,1209.5643,-14.712932,1510.5135,1093.6108,-34.65543,2256.8926,760.257,-22.019323
1.0587636,-17.424421,20.991653,-0.04389426,-0.029041573,1.8093818,16.20507,26.688736,27.628382,7.5709596,13.876694,0.0,0.0,-6.0948596,134.83409,16.414825,387.98376,1037.6274,-18.046549,1602.9633,810.93384,-38.243374,2311.95,806.1706,-24.483286
1.1182965,-17.926819,21.227476,-0.06224184,-0.028502082,1.4208513,15.7577505,26.981735,32.2254,12.745551,13.744404,0.0,0.0,-3.8772812,75.51157,17.986792,379.83566,957.9201,-16.551258,1694.5961,393.46475,-40.441906,2403.8503,1094.0516,-27.40677
1.0469856,-19.343542,22.992704,-0.085892774,-0.025397941,1.7626263,17.275476,25.366142,32.27828,18.660376,13.635144,0.0,0.0,-3.4601085,127.899574,18.089226,392.2809,1015.6663,-13.559367,1737.456,347.4174,-41.29024,2489.2678,1850.5717,-32.218662
0.8417616,-23.102463,27.5961,-0.0812326,-0.029612822,1.2819854,19.543495,25.464682,27.58374,13.125599,13.673711,0.0,0.0,-3.7938082,72.23548,22.55808,446.74426,1108.3485,-12.029981,1859.109,407.4766,-41.274155,2744.7969,1878.5599,-37.238003
0.6290161,-27.128107,33.136967,-0.07948212,-0.033415083,1.0817033,22.375853,26.993864,23.885162,10.048081,13.722218,0.0,0.0,-6.3125024,73.03034,26.389406,497.11044,1173.788,-7.704593,1944.1016,480.2194,-38.38399,2932.6199,1716.0088,-38.710247
0.5233521,-30.483246,37.090084,-0.0691847,-0.037386935,0.6595936,24.359587,31.051558,24.466307,2.5810924,13.16726,0.0,2.6003106,-7.166369,10.893921,28.197012,513.89606,1161.6621,-3.3327982,2002.4082,521.55927,-33.43822,3166.2236,1088.5704,-34.52331
0.48290396,-29.417963,34.90524,-0.048726212,-0.043190885,0.6701954,25.454597,33.848255,24.57283,-2.3864791,14.230972,0.09123236,2.6003106,-8.862409,3.9117553,29.335073,525.1984,1133.0042,0.09283503,2034.3086,485.73196,-25.529678,3114.7205,1091.8259,-27.625008
0.45691657,-27.900282,32.31358,-0.019092089,-0.04409611,0.6998305,24.909424,39.35246,18.434591,-7.8029103,15.227366,0.09123236,2.6003106,-9.929339,0.09042867,30.882765,436.65176,1430.913,7.4153695,1648.2295,720.14703,-11.093811,2887.2434,949.6518,-19.6658
0.632619,-20.69163,23.393469,0.00322514,-0.03945237,0.6070306,17.199293,40.963306,9.950351,-8.727384,16.593342,0.09123236,2.6003106,-12.020831,4.157607,35.13237,404.45425,1445.854,-60.1172,1478.5039,882.12787,-69.6863,2657.1035,515.84955,-77.9876
1.145645,-18.215113,24.270868,0.010657076,-0.02951976,1.9506954,18.182673,37.17711,-1.6455698,-4.1208687,16.511856,0.09123236,2.6003106,-11.611714,0.0,0.0,575.3836,1660.1642,-71.85604,1406.1818,1299.1664,-77.08634,2784.6387,374.7587,-81.2073
1.4169506,-18.54119,27.81249,-0.0027540147,-0.02662743,3.441188,20.051092,31.66115,1.0309187,0.7204959,16.366768,0.09123236,2.6003106,-7.947483,9.309242,28.209972,589.2714,1504.5922,-84.69546,1496.9144,1298.7435,-93.214294,2807.7686,405.76962,-88.00112
1.4980739,-22.55424,33.89916,-0.03616454,-0.022687487,4.3232937,23.383993,27.500349,12.391254,9.087421,16.284973,0.09123236,2.6003106,-3.4202359,8.159904,28.382227,1058.7998,1248.941,-29.684572,1690.4785,1794.1481,-38.203415,3003.473,801.7857,-33.467957
1.2150698,-23.60611,33.76279,-0.07274446,-0.019607091,3.4120743,18.16849,29.43284,27.79212,9.817214,16.993351,0.27331236,1.7743754,-0.88444304,8.239563,25.771498,794.4333,1159.7422,-25.764463,1598.7216,1861.1312,-37.432354,2552.928,681.775,-34.33917
1.1412898,-24.055883,31.668875,-0.09104822,-0.019876385,2.3505476,17.125116,28.885597,32.835022,14.098472,18.897652,0.45539236,0.9484405,-1.605834,9.877797,22.834595,834.67426,1059.6294,-20.773146,1742.1118,2501.4697,-34.24106,2382.675,707.7365,-31.654526
1.1753396,-25.455965,32.357605,-0.077758096,-0.025695926,2.2214148,22.52945,27.692114,27.562387,11.67867,20.975977,0.6374724,0.1225054,-2.221337,12.279687,19.521006,393.80002,1344.8812,-10.004017,1661.3344,1879.0931,-28.301794,2328.5525,716.36523,-27.298742
1.2381746,-25.646294,31.475454,-0.04920976,-0.031578768,2.4032276,28.809057,23.99945,20.681162,15.730469,22.02143,0.6374724,0.1225054,-2.197129,12.934484,15.047223,449.64005,1312.792,-3.7180345,1636.5454,1988.8981,-22.703781,2304.575,994.40875,-20.84231
1.3287019,-19.915041,24.952606,-0.03500055,-0.029830711,2.7070172,26.85215,18.194254,21.27746,16.539812,19.608477,0.6374724,0.1225054,-2.5024908,7.604156,10.140397,432.27817,1200.5275,-3.3108854,1626.7529,1092.2062,-18.478163,2459.8918,1068.481,-17.030165
1.358644,-15.342758,20.519167,-0.01889203,-0.027205287,2.2577717,23.122564,12.513641,20.014431,16.547812,17.836664,0.6374724,0.1225054,-3.8182232,2.2464616,4.154952,412.8646,1071.0948,-3.767851,1508.3926,1034.8094,-17.507883,2257.6328,893.4165,-13.391865
1.4443455,-11.557063,15.501477,-0.020890491,-0.02340098,1.6594352,18.393204,6.531532,18.907022,11.325654,21.531479,0.6251063,0.49794045,-3.6576293,-3.7457473,4.698884,402.80774,877.40436,-1.0939225,1491.9535,511.31216,-12.1922655,2373.1165,735.6231,-10.487543
1.551387,-10.300483,13.668769,-0.020965865,-0.024836414,1.0288696,16.715286,2.57551,12.672137,5.6476073,27.498652,0.41585913,0.61116976,-1.8365554,-4.661752,6.771042,413.76523,841.3916,1.3589326,1474.4937,553.7383,-7.0376945,2353.139,640.1797,-7.9313645
1.5963664,-8.808225,12.678643,-0.03233714,-0.026670886,0.91742915,14.887329,0.08503803,10.892265,-0.3997458,32.714558,0.20879763,1.1061856,1.2634503,-5.5630264,8.524833,399.8859,881.81006,3.8004076,1453.3546,574.1198,-1.9520407,2350.9314,587.8515,-4.7244244
1.636068,-6.2169623,11.061444,-0.019337175,-0.023956858,0.8197708,12.457892,-2.1043177,9.347717,-3.3122857,32.45635,0.016802007,1.4415323,3.3155158,-5.6038756,6.536936,365.5243,986.78143,2.625093,1413.5104,613.55853,-0.44473806,2334.7388,575.0533,-3.9118423
1.7105805,-4.116306,10.3344345,-0.0017750937,-0.019678542,0.79216784,10.257215,-4.7842903,8.017167,-6.132918,32.282257,0.016607514,1.5672011,4.7356153,-5.4525228,4.740934,304.47342,1083.827,2.1246223,1372.0148,597.6747,0.20765305,2335.421,538.9476,-2.774952
1.8089609,-3.2740185,8.865588,0.00995599,-0.01741966,0.6252748,9.382201,-4.679016,6.1741815,-6.2459235,32.171932,0.014243539,1.3276334,5.5130754,-4.879975,4.543713,277.09695,1131.1945,0.0,1334.4862,608.24274,-2.1074562,2328.845,491.47256,-2.2733319
1.8373712,-2.7096093,7.1929626,0.012517959,-0.017793624,0.5905569,8.42031,-3.443495,6.532755,-4.9172616,32.089798,0.007908777,0.98874205,5.249032,-4.1538987,5.391838,278.3668,1124.0062,0.0,1318.8698,588.5728,-4.8648214,2340.0908,437.3229,-2.241435
1.8075403,-3.5313632,7.4791284,0.029103136,-0.017988944,0.59858125,8.079213,-0.49056998,4.6350913,-5.299113,31.964178,0.005751994,0.83472633,3.5033348,-3.1790612,6.6076984,292.98282,1106.539,4.5957494,1315.2677,590.2547,-7.7079678,2345.1174,391.43723,-2.7216384
1.744753,-4.9153633,8.335458,0.05140641,-0.018268326,0.61323446,8.700692,1.3519391,4.802355,-4.624832,31.606201,0.00370901,0.58069205,0.9371869,-3.3901322,7.4212074,268.92395,1155.6428,0.0,1322.9524,609.6192,-8.885929,2344.2014,389.67142,-5.62476
1.6107483,-6.726442,9.9637375,0.060388852,-0.014207934,0.6863616,11.499325,2.3630772,5.6609883,-1.0421762,31.382868,0.0032360563,0.6320264,-0.2622333,-1.4076496,9.965991,575.6982,1056.0469,0.0,1655.0541,582.63025,-10.730475,2651.8337,493.5166,-9.125214
1.296563,-8.232553,11.364247,0.0426719,-0.013058274,0.81571704,14.422534,4.5011144,8.746133,3.5624497,31.247278,0.0072935238,0.8278217,0.17164946,-1.4734167,11.280881,598.4221,1074.4457,-6.668895,1655.0863,636.2514,-9.461632,2652.027,525.66315,-10.82988
1.0371673,-9.102189,11.928673,0.029509136,-0.010468099,0.77181196,16.755098,6.6861587,10.877213,6.8366284,31.34228,0.011524373,1.5915647,2.01511,-1.146309,11.934779,595.18915,1142.7142,-6.668895,1626.9596,688.6972,-6.841684,2656.028,529.1576,-9.258126
1.0077342,-9.161757,12.229371,0.026633145,-0.013134425,0.80575675,18.746305,7.156315,9.207227,7.2059627,31.285238,0.02371554,2.054832,3.6639786,-3.109328,10.64221,236.63159,1388.9835,0.0,1270.5371,815.6716,-3.0873744,2359.8923,492.03165,-7.2835174
1.2519943,-8.996792,12.354871,0.039983917,-0.013212311,0.8014677,19.94015,4.682301,4.5915914,7.275267,31.15683,0.023586059,2.578863,5.049452,-3.1454372,11.258599,195.28261,1459.933,0.0,1248.1522,849.31635,-1.9056029,2358.596,517.79504,-7.780309
1.4188881,-8.263326,12.623825,0.05932842,-0.014197837,0.8869274,19.970896,2.737877,0.001196146,5.594562,31.0047,0.037370216,2.0227675,5.9338775,-2.394948,16.226995,508.46408,1265.6906,0.0,1594.2642,735.7061,-6.0539985,2692.1685,609.03766,-12.686513
1.4706599,-7.677439,14.536859,0.062271252,-0.013629626,0.82468003,19.394907,5.719671,-4.3310933,4.756895,30.842478,0.026183804,1.4440675,6.336699,-1.6881601,19.96939,548.9699,1198.9115,1.381641,1576.5004,710.803,-6.2221317,2688.278,572.28174,-15.896657
1.3740541,-7.3088555,16.442732,0.06843572,-0.013290636,0.65624887,20.18505,10.130619,-9.45606,4.7542467,30.671097,0.025793968,0.9911666,6.755127,-1.3379248,22.845007,582.66974,1176.4696,3.155264,1554.8984,723.3653,-6.181259,2683.4255,587.1152,-17.553148
1.3017038,-7.1922727,19.107164,0.05261292,-0.01683122,0.5665656,21.818201,13.855086,-13.954999,5.746525,30.50041,0.009335271,0.8665867,7.1519628,-1.7207249,24.650717,554.9897,1223.4056,3.0979698,1546.6178,764.61273,-6.9507604,2741.7832,571.0261,-18.342058
1.2044595,-8.240074,20.313457,0.05899619,-0.025412902,0.46349654,22.202894,15.700241,-15.747322,-1.6608067,30.353775,0.009152507,0.8474317,7.4854336,-2.5045102,27.356684,806.25397,1100.5962,0.42440048,1906.9033,653.1811,-11.860387,3111.8096,591.9156,-20.962854
1.1693673,-11.431779,22.301077,0.057852756,-0.03506851,0.45353684,22.614138,19.778603,-14.044938,-9.949719,30.235611,0.008689348,0.8109272,7.6657395,-3.24344,30.022995,1048.0764,1016.2587,-3.591078,2290.6113,539.72943,-17.360834,3442.4011,575.67505,-24.368048
1.1514411,-15.358386,23.319094,0.06616006,-0.043115567,0.4654542,22.96284,23.075838,-11.88033,-19.104185,30.125359,0.008035354,0.8997782,6.9715705,-3.1573193,31.160048,1005.2444,1010.3335,-2.5512202,2299.5842,481.56924,-19.918123,3398.0342,562.9653,-25.983427
1.1101874,-19.718105,25.370832,0.0687703,-0.048247907,0.47923008,24.027939,27.508568,-10.242021,-22.317087,30.025444,0.007692285,0.6654384,3.6945782,-1.6687751,32.043316,737.5132,1203.9314,-2.5022821,1883.6632,642.23834,-20.545794,3021.3704,460.41556,-28.194656
1.0176129,-21.365387,26.539282,0.077479385,-0.047655556,0.5020037,25.172956,29.056253,-9.016712,-22.554243,29.596434,0.0043419055,0.8266259,-0.31858984,0.74658555,32.9948,699.2287,1199.8641,0.0,1894.5421,591.58746,-25.200537,3079.467,455.479,-32.434364
0.973514,-22.733465,29.05332,0.06966603,-0.04600462,0.51340157,25.851028,32.033802,-8.806889,-20.385176,24.800798,0.0030342778,1.1297842,-7.227905,3.872543,35.544445,687.54297,1239.8651,-2.2684658,1910.3158,700.68317,-20.026283,3073.6335,415.25204,-28.906044
1.2219318,-20.564512,30.232634,0.05635835,-0.035517063,1.3021175,27.342842,25.977316,-9.609073,-10.126655,21.460312,0.0018510782,1.5519778,-9.526149,6.6386085,34.75044,724.6517,1342.9423,-6.9856396,2018.0059,870.6489,-22.271864,3103.971,788.4946,-28.54807
1.4758196,-20.802393,32.957928,0.017319443,-0.031418517,2.7136831,29.952637,21.879374,-5.036577,-0.71792126,18.49073,0.0018510782,1.5519778,-9.578674,9.599804,33.94221,528.52673,1524.85,-8.9881735,1622.0814,1180.8092,-23.030706,2643.8215,945.11115,-28.458046
1.5566541,-20.568815,32.472794,-0.0010587458,-0.025802277,3.514602,30.911455,18.13579,-0.4708697,10.818577,19.359804,0.0018510782,1.5519778,-4.760702,8.617452,31.404556,319.93558,1796.7267,-17.06984,1179.9315,1452.5377,-32.19924,2178.2375,1028.639,-38.462955
1.2578064,-25.004318,34.822147,-0.042165857,-0.033572003,3.5600307,32.05806,22.913797,6.770485,10.550749,18.471666,0.0018510782,1.5519778,-1.7089924,6.7788353,35.379528,468.85684,1536.1083,-23.289755,1414.5433,1208.6714,-41.08264,2445.3984,845.28143,-47.847942
0.9457914,-29.683138,38.496204,-0.06132054,-0.03401025,3.2048519,32.855194,25.59507,12.918124,12.161342,17.300821,0.17029195,1.8595781,-1.9029665,6.759228,41.95631,638.07,1524.123,-29.830765,1712.7543,1210.654,-47.039776,2752.6091,1066.4109,-53.62528
0.73341703,-34.576996,44.86311,-0.10449499,-0.03344057,2.9494169,35.746357,26.45112,18.347017,12.551757,16.840511,0.25451237,2.0133784,-2.4909828,8.064849,46.09896,836.4873,1455.3422,-90.78912,2064.4822,1187.4529,-101.70327,3093.712,1432.27,-104.74264
0.6852236,-37.472805,50.073864,-0.09874014,-0.028133752,2.6687505,39.213894,26.465027,22.282427,15.792111,0.0,0.0,0.0,0.0,0.0,0.0,709.16486,1655.859,-146.09589,1796.4725,1540.0674,-151.38481,2733.3958,1639.4252,-152.40971
0.62334776,-36.972706,49.46045,-0.10694751,-0.025768837,2.5569372,39.11168,26.980871,22.823751,15.812557,0.0,0.0,0.0,0.0,0.0,0.0,567.19366,1652.6703,-201.0,1642.8431,1755.9037,-201.0,2512.9763,1600.5468,-201.0
0.5580206,-38.334965,50.482224,-0.097433574,-0.030761162,2.571765,39.737877,27.813097,22.080353,12.537679,0.0,0.0,0.0,0.0,0.0,0.0,531.39795,1535.2607,-201.0,1635.2103,1608.7144,-201.0,2574.7556,1384.5856,-201.0
0.4461588,-38.150776,49.526287,-0.117483675,-0.033666458,2.4276342,37.744114,27.707153,21.291197,9.177431,0.0,0.0,0.0,0.0,0.0,0.0,622.98737,1552.4375,-201.0,1929.226,1444.8574,-201.0,2932.536,1432.6621,-201.0
0.40051058,-37.139973,48.0466,-0.11277247,-0.037327863,1.7074965,36.0489,27.055086,18.234,3.2169807,0.0,0.0,0.0,0.0,0.0,0.0,649.52985,1501.9565,-201.0,1951.214,2005.0775,-201.0,2828.7644,1342.5983,-201.0
0.40515554,-32.98136,42.656445,-0.10519626,-0.034261737,1.123111,33.133457,26.019297,16.937752,2.101632,0.0,0.0,0.0,0.0,0.0,0.0,531.5394,1455.2406,-201.0,1715.043,2068.6917,-201.0,2570.2434,1195.7214,-201.0
0.4222517,-27.51715,36.22382,-0.0771561,-0.028515242,0.7865098,28.46496,22.077715,12.976318,1.2716025,0.0,0.0,0.0,0.0,0.0,0.0,440.45743,1210.2343,-201.0,1482.8779,1894.8365,-201.0,2328.093,878.61957,-201.0
0.45372918,-21.402205,28.627136,-0.058084685,-0.025223637,0.51196015,22.672644,18.366316,9.793532,1.7380896,0.0,0.0,0.0,0.0,0.0,0.0,407.8641,1044.3234,-201.0,1394.0553,898.0515,-201.0,2454.7654,601.6497,-201.0
0.49702156,-15.290801,21.370903,-0.028643765,-0.0236559,0.41514933,15.682015,15.048966,4.9109626,-3.5094798,0.0,0.0,0.0,0.0,0.0,0.0,401.24802,946.29175,-201.0,1420.9921,708.0247,-201.0,2452.6858,511.3734,-201.0
0.54677916,-11.237065,17.138372,0.0003700269,-0.022597035,0.2626889,10.089099,15.452657,4.9959435,-3.452533,0.0,0.0,0.0,0.0,0.0,0.0,391.78906,923.9529,-201.0,1426.0615,615.93774,-201.0,2447.6965,440.92734,-201.0
0.6288353,-8.327741,14.971654,0.023582518,-0.021479316,0.17705359,5.5510216,15.6348505,4.831337,-3.1743898,0.0,0.0,0.0,0.0,0.0,0.0,305.6176,1046.2644,-201.0,1401.0453,566.2933,-201.0,2431.9207,417.75537,-201.0
0.6958074,-6.100306,13.862968,0.032171234,-0.019489901,0.18689412,1.7390684,14.403373,7.5701346,-1.5467477,0.0,0.0,0.0,0.0,0.0,0.0,249.53703,1127.6986,-201.0,1405.8783,466.43295,-201.0,2440.575,443.3387,-201.0
0.77260417,-4.0380235,10.729913,0.027448153,-0.02327914,0.18515658,-1.8201314,15.425194,10.058442,-2.3350658,0.0,0.0,0.0,0.0,0.0,0.0,210.32292,1180.6752,-201.0,1396.9653,373.67957,-201.0,2445.8538,384.54587,-201.0
0.8592518,-3.3149397,8.6947565,0.03050453,-0.01723936,0.2323693,-2.424727,14.485839,13.278542,-0.7131091,0.0,0.0,0.0,0.0,0.0,0.0,595.44147,927.1895,-201.0,1754.4137,336.38953,-201.0,2734.9075,508.20712,-201.0
0.9589618,-2.5246687,6.412356,0.02837042,-0.012173203,0.27571315,-1.6373214,14.11631,16.934208,3.135273,0.0,0.0,0.0,0.0,0.0,0.0,584.79376,960.2881,-201.0,1727.9122,321.7853,-201.0,2722.4243,428.43887,-201.0
1.0278163,-2.2369304,5.640906,0.03302285,-0.011471834,0.2982284,-1.2528186,11.835495,17.377167,2.1514502,0.0,0.0,0.0,0.0,0.0,0.0,935.94025,706.57587,-201.0,2036.9681,394.00464,-201.0,2991.3015,521.33575,-201.0
1.0494615,-1.237846,5.6948876,0.031568877,-0.016841302,0.28841367,-2.7280102,10.772937,14.020725,1.4596744,0.0,0.0,0.0,0.0,0.0,0.0,927.25635,664.0402,-201.0,2038.4565,337.80148,-201.0,3024.6028,443.03174,-201.0
1.0285047,-0.53059256,5.3620353,0.03136142,-0.019014949,0.27862403,-3.3089778,9.813088,13.199243,3.0388672,0.0,0.0,0.0,0.0,0.0,0.0,1268.095,383.62314,-201.0,2366.663,343.98026,-201.0,3341.3633,543.1469,-201.0
0.99993974,-0.21241035,5.1936836,0.027016714,-0.017666986,0.29928032,-1.9445711,8.765559,11.924201,3.660003,0.0,0.0,0.0,0.0,0.0,0.0,1240.087,449.44833,-201.0,2375.0837,280.99326,-201.0,3330.6848,602.97906,-201.0
0.9484594,-1.0202521,5.82901,0.03118881,-0.014809418,0.2790161,-0.14170563,10.082382,13.50105,0.5977823,0.0,0.0,0.0,0.0,0.0,0.0,1225.0585,514.4641,-201.0,2338.6418,254.3766,-201.0,3322.0479,631.19037,-201.0
0.9104662,-2.1908214,6.092098,0.03499241,-0.016038453,0.2720739,1.6520783,12.300979,11.396657,-6.374147,0.0,0.0,0.0,0.0,0.0,0.0,933.02484,765.4089,-201.0,2015.5991,422.84488,-201.0,2972.248,493.99252,-201.0
0.82167333,-3.8977668,8.379981,0.04842819,-0.012142601,0.26003835,3.3915138,12.16759,8.562337,-8.369896,0.0,0.0,0.0,0.0,0.0,0.0,934.1526,876.7203,-201.0,2002.7169,456.32944,-201.0,2988.0217,478.51266,-201.0
0.7305209,-5.4537673,9.399357,0.048231553,-0.01668337,0.24156034,7.2611413,10.523876,5.683438,-7.8305664,0.0,0.0,0.0,0.0,0.0,0.0,619.9887,1169.709,-201.0,1638.268,786.1455,-201.0,2603.923,459.33072,-201.0
0.59837353,-9.454657,15.230575,0.040911157,-0.02555631,0.20582402,10.957496,12.55395,3.0721254,-7.0467525,0.0,0.0,0.0,0.0,0.0,0.0,648.16144,1129.8779,-201.0,1700.7461,890.2707,-201.0,2622.3088,651.1777,-201.0
0.71930534,-7.5110564,13.00739,0.030555362,-0.024059257,0.24601524,5.1697974,18.298986,-1.7198386,-9.343377,0.0,0.0,0.0,0.0,0.0,0.0,688.50323,1078.7711,-201.0,1720.4667,809.82745,-201.0,2660.6067,695.63885,-201.0
0.97720605,-3.4712536,8.798581,0.024514869,-0.01214237,0.33991256,-1.0512043,18.739689,-8.0899935,-6.974465,0.0,0.0,0.0,0.0,0.0,0.0,956.4593,951.9084,-201.0,2104.7073,810.965,-201.0,2978.8015,611.7918,-201.0
1.9909858,3.2272952,4.6316624,0.034087,0.0045485017,1.3511668,-5.567637,7.682644,-15.457095,-7.0115986,0.0,0.0,0.0,0.0,0.0,0.0,1144.4154,946.1465,-201.0,2250.5823,712.60376,-201.0,3242.821,452.9879,-201.0
2.5578768,4.1657925,5.6882606,0.037230313,0.0060128435,1.8204494,-0.5534745,-3.759901,-16.982847,-4.7883115,0.0,0.0,0.0,0.0,0.0,0.0,1006.6148,1103.633,-134.04565,2135.0742,934.0833,-137.39711,3198.7578,339.16754,-138.51408
2.7101223,3.2127845,7.041925,0.032756303,0.0012169898,2.2501714,1.2403158,-7.157332,-13.38649,-6.498505,31.621761,0.0,0.0,-2.7053852,16.411453,17.960619,1003.6872,1181.4711,-68.63347,2065.2256,813.65796,-76.186646,3211.7266,472.58224,-78.19888
2.5597208,1.5340644,8.204482,0.03177437,-0.0011066636,2.1462448,3.761957,-4.875127,-10.377816,-3.2545292,31.676577,0.0,0.0,-0.797771,17.248648,19.419127,843.1389,1094.1343,-6.9620023,1910.0084,882.124,-17.135714,2934.7249,719.93555,-17.66512
2.3837426,-0.71884316,10.677833,0.033848643,-0.0019929449,2.399646,8.1894,-1.6862502,-6.6289697,-0.38286886,31.822351,0.0,0.0,2.8088539,18.22758,26.003878,843.3342,994.8779,-9.980191,1925.7197,825.3672,-22.027338,2921.1445,770.7283,-23.184462
2.3079042,-4.2215796,17.05241,0.03912318,-0.00021414708,2.2752364,15.596015,0.5900049,-3.4860086,3.2344344,31.954025,0.0,0.0,5.3940353,16.75252,30.714685,800.4485,860.8259,-12.901885,1884.5557,828.6643,-24.562109,2884.2324,728.26154,-27.201164
1.7582912,-7.715943,20.35983,0.04238035,-0.0018009343,1.5750614,19.567343,4.9325624,-1.0810633,6.497377,31.99169,0.0,1.121843,6.2359166,15.777493,34.483387,974.20355,936.9072,-13.908393,2062.3909,719.10913,-25.203455,3208.1357,564.7331,-31.025003
1.4545488,-10.71495,24.299372,0.040002648,-0.000110509885,0.8763034,20.30564,9.387509,-0.5241069,8.227387,31.620491,0.020099033,1.2061148,5.3771157,15.652707,31.99315,1031.3207,980.07495,-19.020752,2106.1814,914.488,-26.359467,3201.592,546.14386,-29.281229
1.2897941,-13.835055,25.965965,0.04283017,-0.002594335,0.6472139,19.912712,14.965688,1.3313078,9.122464,31.112892,0.013520609,0.8998694,3.2610092,14.333892,29.81813,805.1718,1152.4131,-14.247544,1851.5782,996.3325,-26.912804,2924.3083,572.749,-28.119844
1.1905842,-15.3309355,25.925995,0.046989426,-0.0025617492,0.6389618,17.100702,20.689157,6.8420615,8.434253,30.62297,0.010921441,0.9024163,0.024546782,10.352017,23.938995,834.65826,1142.3695,-15.723346,1898.2594,895.7961,-27.987267,2932.0344,472.0658,-23.623453
1.1987749,-13.730275,21.47757,0.034893874,-0.004829507,0.7650981,10.238721,28.089706,12.767616,7.832456,30.468367,0.014146026,0.6662953,-1.83203,7.655123,22.708143,987.0374,1157.3925,-74.54714,1934.39,547.216,-85.542534,2941.9192,695.2015,-82.33379
1.3292866,-7.1651053,12.512074,0.031734917,-0.006714195,0.82845736,0.036869366,34.732265,14.323993,4.755256,0.0,0.0,0.0,0.0,0.0,0.0,992.85443,1058.6747,-141.81085,2078.4768,383.49414,-143.66487,2920.2266,636.83124,-139.79369
1.442231,0.70781803,3.220887,0.027392754,-0.008347906,0.85556835,-9.96318,41.731934,14.37194,-2.3698952,0.0,0.0,0.0,0.0,0.0,0.0,738.7012,985.281,-201.0,1894.7743,609.42126,-146.59328,2586.1965,749.4343,-140.82567
1.409741,4.835009,-2.7954156,0.030058578,-0.009672183,0.77798414,-14.43068,44.442078,12.693081,-6.9252954,50.0647,0.0,0.0,-7.6303773,11.926088,-5.3129864,339.21158,870.4834,0.0,1706.8721,847.91425,-90.24229,2268.5012,491.23892,-81.03826
1.311457,6.346276,-3.3763742,0.028287774,-0.014382427,0.6564118,-17.069075,42.94908,12.260414,-14.209778,50.070103,0.0,1.5712408,-7.0244546,12.608166,-4.168211,339.8146,748.7829,0.0,1642.9501,987.5967,-36.79652,2398.8828,512.4572,-22.308836
1.1141254,3.4790485,0.261861,0.04910068,-0.022417562,0.5165716,-14.445888,41.14966,12.1896105,-16.549538,50.074535,0.0,1.5712408,-5.946768,13.669656,-0.8629093,342.13235,744.7039,0.0,1662.8776,870.5533,-37.80015,2507.8499,632.9902,-25.55628
0.9813978,2.0385807,2.6554563,0.04778229,-0.027460901,0.38970757,-13.787496,39.347137,11.73718,-18.22415,50.063656,0.0,1.2988015,-3.9829438,15.404892,2.7323005,341.54105,734.77466,0.0,1644.777,832.1861,-40.67229,2593.156,709.2988,-29.057562
0.83803624,0.38108745,4.258963,0.049969036,-0.027802005,0.30002543,-11.24075,41.300232,11.027453,-19.191744,50.058304,0.09224442,1.1604244,-2.807741,16.128296,4.1953244,364.70776,723.16034,0.0,1734.0933,825.2518,-40.39595,2576.9456,828.3769,-30.08532
0.7547777,-1.5971884,6.1697826,0.028508404,-0.02573572,0.24575925,-9.421498,41.898525,9.066325,-21.103373,50.05748,0.09224442,0.9550162,-2.1048849,17.055077,4.4412956,371.13754,771.65204,0.0,1836.5897,1005.69604,-93.79905,2410.3547,624.69324,-87.0122
0.6780963,-4.0267406,8.641196,0.028156167,-0.02747812,0.22332656,-5.6879883,42.480743,8.309673,-21.834482,0.0,0.0,0.0,0.0,0.0,0.0,375.2391,788.6423,-201.0,1853.0859,849.45416,-147.2779,2346.834,459.5127,-143.29832
0.6563409,-5.4208474,10.997776,0.025450528,-0.028455764,0.20475928,-4.581725,38.199184,7.6657333,-20.937439,0.0,0.0,0.0,0.0,0.0,0.0,363.87793,828.01263,-201.0,1862.4786,611.4023,-201.0,2261.3157,281.95145,-201.0
0.8815479,-2.459116,7.2426515,0.028813273,-0.027694115,0.3438917,-7.8795085,36.406414,9.032111,-17.681845,0.0,0.0,0.0,0.0,0.0,0.0,328.08255,824.97876,-201.0,1715.6768,422.511,-201.0,2377.104,308.4226,-201.0
1.1753241,-0.5766713,5.9731107,0.03292011,-0.03177468,0.45651755,-11.560707,37.89178,8.161284,-18.474648,0.0,0.0,0.0,0.0,0.0,0.0,309.07242,851.5064,-129.85405,1716.4115,527.1955,-138.45213,2384.3064,384.75375,-139.10646
1.371801,-0.4243604,4.572714,0.03803504,-0.03835017,0.54548657,-12.4335375,41.320225,7.008993,-16.706163,24.002045,0.0,0.0,-5.0082994,-0.534987,21.985458,316.6092,811.1219,-59.05489,1699.0719,662.5882,-72.98583,2427.964,342.43936,-74.338295
1.3885655,-2.7537892,7.231004,0.056991905,-0.04035831,0.52542835,-9.874649,41.829227,4.9798675,-18.899979,23.461035,0.0,0.0,-3.9141514,3.652996,22.291878,327.2705,841.0217,11.70631,1781.2789,465.58786,-8.454253,2376.5127,219.65486,-7.202356
1.2159213,-5.3393455,10.114333,0.05867037,-0.03498384,0.6002961,-3.5337422,35.308556,6.2884355,-19.751102,23.466707,0.0,0.0,-3.8732975,7.733192,24.636305,344.43808,968.75446,14.526267,1864.645,406.22644,-5.3408523,2302.9631,1159.8607,-2.6466286
1.1587588,-9.698789,14.647891,0.07190489,-0.025552562,0.78513765,5.7775593,27.37401,7.973306,-18.578276,27.523855,0.0,0.0,-1.0160768,3.2809908,24.485147,352.3727,1204.0084,10.009986,1695.9985,710.78143,-7.0372124,2247.164,1251.481,-9.024461
1.1785473,-12.139462,19.432419,0.063996404,-0.023489127,0.9513243,15.767174,19.099949,3.193887,-17.344065,31.460775,0.0,0.0,0.2487758,-3.5516279,23.352196,365.1868,1315.1069,5.6004663,1473.915,967.85156,-5.914673,2272.318,1397.6493,-16.310684
1.3458663,-13.32061,23.8694,0.07882007,-0.025739124,1.0806669,22.796753,11.903495,-4.426723,-17.014376,34.207157,0.0,1.3127004,1.7336017,-7.437245,20.038061,357.8483,1346.9219,-1.9047395,1193.7318,1157.1152,-6.8996835,2330.1135,510.7023,-21.9428
1.4296255,-13.264863,27.010183,0.07180097,-0.03309883,1.0594562,26.230005,6.4008136,-14.028572,-21.910116,33.72937,0.027266989,1.1002682,1.6434573,-11.093953,15.774834,329.137,1347.1898,-1.7814207,1156.3884,984.5944,-7.099566,2356.5051,576.73004,-19.69886
1.3397235,-13.850553,27.291954,0.0792158,-0.03826427,1.1762992,27.444311,3.2614777,-16.131447,-24.26996,33.271534,0.027897319,1.7675282,2.59752,-14.152888,13.651001,568.08594,1249.2821,0.0,1514.0006,868.96185,-12.265087,2611.6682,586.9153,-19.05999
1.1926335,-14.473165,26.074728,0.06141227,-0.04092335,1.0639615,27.62168,3.0983822,-15.749299,-25.577517,32.80251,0.035256192,1.3949081,4.725502,-17.213646,14.316235,768.52374,1201.8618,1.6979122,1869.142,742.4251,-15.66507,2898.3396,661.5599,-20.5692
1.2326316,-15.679082,25.072733,0.067407586,-0.04201114,1.1857214,23.309198,10.920776,-16.591772,-28.748861,32.762264,0.035557125,1.3609854,5.7662473,-16.04125,17.468088,980.7117,1028.169,0.62852144,2273.1936,529.21423,-17.871881,3256.0176,616.82935,-21.307932
1.3003393,-17.525766,24.639177,0.065013915,-0.047970057,0.9426074,18.200684,19.859259,-18.137762,-32.63898,32.728985,0.026510647,1.399343,6.4683576,-13.814468,21.216703,930.4627,990.87354,0.34421048,2306.043,392.61804,-17.742401,3350.462,514.79584,-22.268555
1.4044548,-19.969427,26.141129,0.09142069,-0.05698083,0.91501284,14.476659,29.068914,-21.46802,-38.03127,32.700977,0.013327087,1.1912993,6.730261,-10.984075,24.984163,923.1516,947.92303,-4.0506396,2348.3909,263.5577,-19.84717,3462.6038,364.8419,-23.406057
1.2890636,-21.248835,27.55269,0.0943571,-0.06294767,0.66276383,15.186363,32.016987,-19.816298,-40.1569,32.642563,0.009198721,1.5563024,6.310965,-7.9786034,29.066359,919.92584,1005.0334,-8.670487,2381.1829,187.43654,-21.070774,3455.6565,317.11316,-25.461176
1.223462,-23.096123,31.21816,0.08858994,-0.06766697,0.6154528,19.397049,32.500507,-17.00387,-39.89398,32.50388,0.010100825,1.2838358,5.5433884,-5.073525,29.495684,698.8562,1266.2728,-13.554804,1935.2782,511.40298,-20.979794,3093.6338,378.83005,-24.575037
1.1416955,-23.545776,32.71356,0.07756499,-0.071382426,0.50669473,23.637861,31.54671,-13.0691805,-37.326275,32.3167,0.009429318,1.1220682,4.732784,-2.7821763,30.453672,681.991,1346.0875,0.0,1868.0709,762.2459,-20.07672,2982.2322,510.40317,-25.058874
1.0941402,-23.867289,33.626225,0.092140816,-0.07231957,0.5898969,26.985815,30.05586,-9.747256,-31.871994,32.099228,0.009808206,0.79598814,3.8964357,-0.9311517,31.914286,408.698,1639.4213,-25.103012,1387.6791,1143.8076,-20.85639,2618.223,636.82135,-26.479668
1.0610064,-23.244951,33.522007,0.09572544,-0.0695634,0.6993728,28.748583,29.238577,-10.65199,-27.415258,31.923399,0.01604565,0.6334519,3.4484718,0.6771898,35.557102,615.78876,1437.0316,0.0,1755.9268,1088.4573,-26.127043,2884.3943,786.4524,-30.027246
1.0012758,-23.088602,33.115772,0.10184001,-0.067853235,0.8764,28.448202,30.379648,-11.695671,-24.927721,31.803764,0.017542085,0.8467498,3.4009027,2.9504166,37.784725,428.6066,1545.0001,-9.981759,1386.6283,1149.3186,-27.25704,2570.2493,788.7287,-31.531443
0.97841024,-22.413773,33.157177,0.08423691,-0.06825361,0.78736544,29.089487,30.874697,-14.265933,-24.41336,31.73999,0.015222158,0.8518774,3.626168,5.7521286,39.180477,682.91876,1258.8605,-8.320613,1762.5698,1084.9917,-34.37639,2886.5442,784.78204,-32.353703
0.95649815,-23.132843,34.52978,0.09257687,-0.06803188,0.79188395,29.373688,30.893623,-14.300931,-22.427717,31.681923,0.01862182,0.9333722,3.2457926,8.563838,39.55321,696.9948,1276.4181,-5.1024747,1777.8912,1080.2612,-35.6126,2929.9666,777.5926,-32.753323
0.96724147,-23.757591,35.854244,0.09518071,-0.06753767,0.65246016,29.850906,31.426233,-13.858017,-22.765852,31.55287,0.020366712,1.2355171,2.8889902,10.48577,40.26582,874.94635,1097.1974,-10.295205,2124.2664,978.2048,-39.99057,3384.9004,967.40265,-33.943905
0.9440642,-23.64718,35.04298,0.09959975,-0.063897274,0.72113365,29.384157,31.213354,-11.987854,-21.02085,31.333399,0.021494234,1.1383092,2.5524764,11.205167,40.19634,885.8924,1107.5088,-11.030419,2113.7783,890.2305,-33.632397,3417.5466,883.3486,-34.28897
0.92002535,-23.240534,33.650497,0.0897721,-0.06726124,0.6029537,28.454992,33.675724,-7.388937,-24.821527,31.088394,0.016263666,1.4386749,2.8150082,11.597084,42.019974,886.80023,1072.716,-7.4438577,2168.8835,810.90765,-28.74769,3418.3347,878.0854,-36.30476
0.9262569,-22.296747,32.43422,0.08940148,-0.06478849,0.6722972,29.579391,31.353643,-3.57573,-22.477865,30.91775,0.026492499,1.3229214,2.8413477,11.920558,42.320835,944.3218,1066.6902,-6.9960685,2252.9463,690.11945,-24.419876,3306.2932,731.5866,-37.013733
0.92985314,-21.76055,30.710716,0.082610525,-0.06058045,0.7210335,31.055536,29.53243,-1.8134856,-18.007086,30.848206,0.03248579,2.0766966,2.622575,11.831535,42.083805,975.59625,1029.9142,-7.1297626,2330.5996,563.3581,-25.165075,3416.6116,1052.3823,-37.658123
0.93541265,-20.510489,29.296087,0.08205906,-0.054821994,0.70628643,32.76125,26.290901,-2.935669,-13.3286085,30.81282,0.056643043,1.7586943,1.5689751,10.664754,37.545727,756.73175,1202.0957,-7.253542,1918.1195,638.05286,-20.072977,3104.0305,928.75507,-34.25706
0.88249546,-19.990084,28.467825,0.0643503,-0.048504446,0.7493835,31.547201,26.101995,-5.6918397,-12.139905,30.771032,0.06318191,1.4007696,0.27627805,9.206669,34.466816,726.72266,1228.07,0.0,1939.8734,735.4397,-20.921423,3173.332,1219.4242,-31.751303
0.8730097,-19.074059,29.497759,0.06939724,-0.042679515,0.54558176,30.55898,26.12987,-8.1288395,-14.139,30.531645,0.09826431,1.3668739,-0.33787188,8.645337,33.29076,498.75357,1381.774,-3.402377,1523.5116,907.92334,-19.668282,2730.4592,916.1121,-30.687006
0.8897051,-18.224058,28.619356,0.0625996,-0.034416378,0.49385312,27.445887,25.710146,-7.8650002,-17.140429,30.073776,0.09328992,1.1675283,0.23837726,8.819032,31.858484,497.3918,1393.767,-3.402377,1524.0707,940.3801,-25.75646,2752.4348,914.3615,-29.491638
1.008999,-17.49297,27.546564,0.09037632,-0.025292525,0.55572623,24.97663,25.964018,-7.684271,-15.526671,29.590752,0.09572638,1.361639,0.6244066,9.620697,28.705664,294.7617,1422.1621,0.0,1126.1139,953.04834,-25.69474,2377.962,470.79028,-27.90132
1.0808219,-17.54961,25.94681,0.07691576,-0.022818616,0.7538414,21.932844,27.650942,-4.767922,-14.20888,29.26262,0.082637005,0.66645366,-0.7857471,9.954132,23.920639,299.96753,1391.2456,-4.1901007,1144.2389,961.32733,-27.535921,2387.2969,409.85464,-26.241587
1.1765815,-15.792193,22.521439,0.07964643,-0.025076285,0.81848484,17.247196,31.568222,-3.6011496,-11.775157,29.201975,0.08620897,0.6521822,-1.9811295,10.327936,23.243626,479.1158,1288.3236,-69.7934,1600.3632,682.623,-85.62674,2589.568,389.3186,-85.289154
1.2943484,-11.878209,17.186022,0.052485425,-0.032667797,0.6785173,10.259354,37.766083,-1.5253807,-17.771406,0.0,0.0,0.0,0.0,0.0,0.0,539.16644,1652.1846,-136.21593,1422.4244,899.59344,-143.73445,2583.8025,507.81018,-143.66806
1.488052,-5.701285,9.497346,0.046397906,-0.043294918,0.6658948,1.0120063,42.903244,-1.8971857,-27.518686,0.0,0.0,0.0,0.0,0.0,0.0,605.2032,1510.9242,-201.0,1432.2543,1686.1498,-201.0,2508.5693,767.1846,-201.0
1.5998635,-2.1092603,5.7718263,0.04959734,-0.047929507,0.682266,-4.9647336,44.369404,-5.8136926,-37.265743,0.0,0.0,0.0,0.0,0.0,0.0,629.92664,1435.5387,-201.0,1347.9115,1994.5924,-201.0,2630.411,883.23895,-201.0
1.6149241,1.128066,1.2445964,0.05591701,-0.051495362,0.68563586,-9.288054,43.803207,-8.95708,-45.516785,0.0,0.0,0.0,0.0,0.0,0.0,725.4297,1051.3114,-201.0,1816.4396,1904.505,-201.0,2946.8215,933.6435,-201.0
1.5290927,0.52263594,1.7562433,0.07470742,-0.055311143,0.5714256,-10.6838045,42.957382,-12.322051,-53.958477,0.0,0.0,0.0,0.0,0.0,0.0,844.7529,1047.8644,-201.0,2168.0452,1100.559,-201.0,3339.947,857.8508,-201.0
1.4276394,0.16008997,2.2855527,0.0815658,-0.06308257,0.51200384,-10.97783,43.22182,-10.76098,-57.611034,0.0,0.0,0.0,0.0,0.0,0.0,850.03937,1069.3632,-201.0,2173.2617,1032.6066,-201.0,3299.9414,879.04816,-201.0
1.3395733,-1.7968811,5.1966457,0.09877827,-0.06907581,0.42043042,-10.229903,42.27869,-11.039481,-56.93041,0.0,0.0,0.0,0.0,0.0,0.0,861.7754,1030.2362,-132.30122,2218.2773,880.22284,-138.4596,3224.496,735.9243,-135.09395
1.3027583,-2.211768,6.2761254,0.09981018,-0.074135244,0.38295722,-9.349907,42.670822,-9.51273,-55.650513,17.833923,0.0,0.0,-11.7768755,201.0,23.651756,851.4421,1005.0879,-63.513535,2221.7322,859.4209,-73.48854,3184.7043,610.93335,-68.779724
1.2604488,-1.9326363,5.378872,0.08411586,-0.06636372,0.38870716,-9.449527,39.471855,-13.874385,-51.31302,17.326246,0.0,0.0,-13.155682,201.0,23.651756,839.8218,988.656,-63.513535,2235.344,775.8029,-73.48854,3129.9148,613.64935,-68.779724
1.567214,-6.103723,12.352817,0.059741672,-0.051247258,1.6744155,0.29822412,33.331223,-13.070737,-32.97064,16.618147,0.0,0.0,-13.78786,0.0,0.0,681.60156,1082.6846,-70.67834,1924.6547,865.383,-80.12174,2858.2073,760.14307,-81.30338
1.6157936,-14.252686,22.870707,0.023976563,-0.03628624,3.0664654,13.274077,29.597961,-9.654827,-9.424906,16.648819,0.0,0.0,-10.208257,9.3026705,37.029175,465.5448,1468.1769,-78.58377,1544.6862,1088.2726,-90.07433,2510.9587,982.8115,-95.51731
1.5802011,-23.453547,33.77751,-0.024086075,-0.03019698,4.026745,21.60054,34.805523,-1.330195,9.129111,16.889061,0.0,0.0,-4.6301074,7.519281,32.00944,482.21948,1561.9717,-20.893946,1562.1475,1127.7068,-37.21089,2577.2874,734.0764,-41.654778
1.2147969,-27.009912,36.004917,-0.07895108,-0.035225604,3.9760885,17.936712,41.726635,5.124204,10.782218,17.037193,0.0,0.0,-0.29562232,10.801247,30.744585,680.2448,1651.3158,-27.403528,1904.4117,914.8508,-37.652508,2911.7166,503.6774,-40.74499
1.1468729,-26.649069,35.126575,-0.09978642,-0.034889873,3.5405748,11.756841,47.20634,9.101021,6.863292,16.63716,0.0,0.0007358532,-1.8358908,13.321289,25.31568,915.96094,1436.692,-28.895823,2458.7205,431.20328,-34.915047,3142.8792,431.9194,-35.089367
1.1889585,-24.59977,34.534573,-0.0846479,-0.033368576,3.401446,13.297217,39.630077,12.082646,5.943991,15.011083,0.0,0.00073585316,-7.1866455,17.600471,23.257467,749.5451,1342.838,-23.304388,2195.8196,464.853,-28.066442,2778.8997,760.9958,-26.633738
1.228604,-23.424856,33.08829,-0.08088592,-0.028593486,3.0043793,17.791605,29.788404,17.55247,9.169681,13.870152,0.0,0.00073585316,-19.000868,14.930737,14.924161,542.05536,1225.2734,-13.7209215,1896.6432,577.2519,-25.483042,2451.5647,947.55804,-17.094585
1.2899592,-18.445051,26.518824,-0.07715743,-0.028801456,3.0504205,19.702362,15.937412,19.821238,13.654893,13.380355,0.0,0.00073585316,-20.93498,7.904817,7.5268235,373.87268,1055.5625,-7.3556867,1461.0997,677.4131,-25.496588,2287.5715,822.06104,-10.963527
1.3845468,-14.489113,21.617033,-0.08843864,-0.029729024,2.5681963,18.779457,9.153928,21.88468,15.991847,20.25808,0.0,0.00073585316,-16.187937,4.0279503,4.3327622,376.33582,986.867,-2.0607464,1446.5957,500.5098,-25.397512,2345.1067,692.8501,-6.776539
1.4598737,-9.067096,14.646743,-0.05391166,-0.032598507,2.125232,17.095263,4.928949,20.400963,13.631882,26.45236,0.0,0.654389,-4.068835,4.6572437,4.6030374,400.2875,882.2316,2.5896327,1464.0687,416.13345,-23.452225,2364.032,669.0944,-3.4782188
1.4606171,-6.500107,10.196883,-0.041927215,-0.034840304,1.3573307,16.071257,3.7758777,21.486357,12.892868,32.55838,0.5135254,0.9763677,0.9228696,9.49906,7.661534,399.0638,866.5217,6.8601403,1473.6722,377.95886,-21.46646,2364.464,679.5243,-0.8013932
1.4487238,-3.3859646,4.58577,-0.025617981,-0.03554897,1.0737971,14.089676,3.9514086,24.076746,9.641743,32.30293,0.34481916,1.2101934,2.4813035,14.960442,10.434034,390.43448,870.3132,9.019866,1476.7046,334.42233,-21.731646,2343.5137,693.7758,-1.4141687
1.4145633,-2.568236,3.4160597,-0.027705431,-0.036847226,0.805016,12.37986,6.451052,26.909224,6.771047,32.035736,0.013542225,0.74512035,3.582402,21.322496,12.104172,373.35214,878.7139,10.473315,1492.2885,252.5324,-22.978678,2334.5537,718.99664,-1.6308559
1.4029795,-4.02902,6.5520916,-0.010157564,-0.03439213,0.71177816,11.922765,8.947644,26.098938,3.3800128,31.810823,0.008276981,0.8666499,4.1345973,23.439096,12.180916,351.00134,944.8985,10.245414,1505.0038,252.04314,-27.21892,2341.7537,786.5859,-1.9355015
1.3998085,-5.7909966,8.545112,0.021802709,-0.0384963,0.7472761,11.758751,11.628236,22.0787,0.72362083,31.523626,0.008394162,1.0997516,3.1717532,22.47363,14.188232,328.85312,1022.7386,7.9308243,1521.4287,294.9672,-32.51195,2338.1018,842.22064,-6.2574086
1.3841972,-6.3073115,9.262846,0.05455791,-0.043123867,0.7199354,11.492383,14.593549,16.929209,-0.40321496,31.251266,0.009394656,1.02956,1.5973854,18.229712,16.820799,323.90857,1110.6173,4.039894,1549.23,408.8688,-36.344524,2353.443,959.5674,-12.780906
1.2533399,-7.604708,9.677541,0.064317666,-0.047821056,0.75396377,11.560111,18.740934,13.443523,0.11041697,31.03554,0.0075562275,1.0648117,-0.85374737,14.422166,17.882465,486.5747,1199.4237,-9.907405,1684.8138,457.18436,-30.981062,2568.6997,952.96826,-18.3929
1.0858831,-10.5464945,12.3693075,0.06727908,-0.0470835,0.60176075,12.7014265,23.779684,10.37015,-0.019856056,30.974,0.007455265,0.8964585,-1.679019,12.309651,16.547398,655.59985,1305.1104,-78.32874,1846.565,483.48267,-85.233955,2896.121,848.3869,-79.96337
1.0127078,-11.594391,15.51253,0.056926426,-0.05098329,0.6112754,9.80741,28.288488,9.0477295,-3.6398656,0.0,0.0,0.0,0.0,0.0,0.0,686.2105,1220.8153,-145.14949,1900.8163,401.80676,-140.14864,2903.5173,1094.4166,-140.35283
1.1589832,-8.0077915,12.270782,0.052955616,-0.056694493,0.47863853,3.2862175,30.880499,10.143123,-11.312542,0.0,0.0,0.0,0.0,0.0,0.0,561.4791,1040.6742,-201.0,1826.0641,256.28714,-201.0,2816.6238,1127.3358,-201.0
1.3777671,-0.88870496,4.9287367,0.060161125,-0.06324148,0.6666108,-6.2250676,32.6832,7.628248,-23.436121,0.0,0.0,0.0,0.0,0.0,0.0,414.6898,800.47943,-201.0,1708.6776,177.31105,-201.0,2532.2812,962.1345,-201.0
1.5026474,3.8432407,-2.006489,0.060886245,-0.06428311,0.6956362,-12.3748255,35.04907,2.325491,-34.614872,0.0,0.0,0.0,0.0,0.0,0.0,393.62393,762.5196,-201.0,1770.1158,241.49544,-201.0,2451.4104,601.97156,-201.0
1.5354425,5.5849175,-3.629254,0.07298121,-0.06956854,0.7322486,-15.279828,37.290417,-3.4516964,-40.84169,0.0,0.0,0.0,0.0,0.0,0.0,371.73062,766.2663,-201.0,1794.1168,288.13647,-201.0,2291.156,332.84183,-201.0
1.4495177,4.935387,-2.668628,0.05647266,-0.07449281,0.66796666,-15.483781,41.08965,-3.7953682,-41.97582,0.0,0.0,0.0,0.0,0.0,0.0,391.85132,757.95636,-201.0,1864.397,445.98965,-145.76163,2332.827,909.10516,-140.22244
1.3988768,4.007647,-0.78204536,0.09344656,-0.07872718,0.5856729,-15.860893,42.498455,-1.6795853,-47.53789,44.991108,0.0,0.0,-6.362588,44.811417,16.917831,468.89478,936.35156,0.0,1849.8204,625.4594,-89.08893,2661.107,823.23016,-77.972206
1.2958845,3.6353085,-0.33583736,0.08814991,-0.078523576,0.5406917,-15.913052,45.10924,-0.31914818,-51.58966,44.995564,0.0,0.0,-5.5792694,44.44367,19.975616,487.392,938.2454,0.0,1898.9254,884.5755,-30.987946,2641.1375,1610.7601,-19.68158
1.1755315,1.3758869,2.6067488,0.09829619,-0.077578045,0.46815982,-13.342145,44.31075,0.44886574,-54.84286,45.00348,0.0,1.108373,-4.079188,40.473812,21.434464,547.69415,1206.125,0.0,2003.0924,931.80536,-27.180975,2895.3572,1296.8578,-21.366364
0.96249837,-2.2942212,5.956116,0.06858331,-0.07451364,0.3913808,-8.100773,39.300266,-2.5719397,-49.042633,45.026684,0.0,1.108373,-3.5992353,34.51712,22.388155,499.12744,1237.601,0.0,1679.8202,1733.6488,-25.805292,2606.2344,1169.2448,-22.311731
0.74679774,-8.2090025,12.666432,0.07469765,-0.07043764,0.26957074,0.7328231,30.01351,-6.0030327,-43.55716,44.989716,0.0,1.6486822,-4.4707513,27.218485,17.81106,639.4372,1349.8474,0.0,1764.8076,1626.1986,-20.786135,2927.919,432.87036,-17.07681
0.6228957,-10.671646,15.052348,0.07481358,-0.062480215,0.16456427,5.831206,18.15114,-8.980049,-38.810123,44.97323,0.06727106,1.9188371,-5.3229823,24.467196,14.856285,725.3012,1300.2113,-99.53172,1777.1168,1498.1002,-79.831474,2832.2793,457.99805,-76.16958
0.674465,-9.79905,13.892497,0.07501165,-0.054528985,0.15228142,7.0798817,11.488772,-4.437636,-35.684902,0.0,0.0,0.0,0.0,0.0,0.0,690.6457,1182.996,-133.35448,2076.0476,593.3466,-137.87987,2763.043,731.25146,-137.47444
0.8696516,-4.107145,6.644933,0.067216784,-0.04244645,0.23833203,1.158537,7.8182487,2.5581026,-33.293858,0.0,0.0,0.0,0.0,0.0,0.0,516.31366,1112.0814,-201.0,1874.373,410.78787,-141.93591,2533.912,966.63055,-136.70361
1.1455249,0.7137079,2.0863774,0.063023366,-0.03655732,0.34555337,-4.968505,9.883338,8.20103,-30.14696,34.189743,0.0,0.0,1.2611489,9.635904,21.735832,346.89145,900.4434,0.0,1642.6703,370.8042,-81.80779,2372.304,848.75323,-78.182594
1.2823588,2.0611107,1.2752976,0.06100403,-0.031741377,0.4277118,-6.578703,12.473645,11.22147,-25.64798,34.040592,0.0,0.0,3.2209232,9.145211,24.063986,358.07944,826.47754,5.1544895,1567.1324,144.63658,-21.670656,2502.75,777.3443,-18.989088
1.3385563,-2.9073942,10.186983,0.0797998,-0.028782263,0.8167103,1.316616,15.443085,7.046545,-16.6913,33.73711,0.0,0.0,6.611715,7.2846107,31.771734,597.0188,858.834,2.2359524,1780.4799,363.38168,-21.539644,2756.4036,634.0974,-26.695883
1.3468056,-8.064967,19.381294,0.10745791,-0.023521757,0.9800916,12.9148245,14.773316,0.6384468,-9.003956,33.604473,0.0,0.0,8.247819,3.356664,32.530518,838.92456,941.2519,-0.8101174,2028.9105,447.24927,-21.92987,3054.6494,630.49854,-27.689537
1.4014502,-10.546501,26.365118,0.14210877,-0.02371578,1.1815854,23.829676,12.182155,-9.894862,-6.666571,33.439556,0.0,0.93878007,8.764168,-0.52707034,30.447042,749.4622,1223.191,-3.8655825,1871.334,768.6071,-16.242895,3017.8435,653.6753,-26.032019
1.3887357,-10.639269,27.465254,0.13503762,-0.030412013,0.9386839,28.713373,9.411708,-15.37471,-12.553299,33.21201,0.008866563,0.80869657,8.580471,-2.3680837,25.674372,521.53876,1317.8495,0.0,1527.0802,853.19,-11.437221,2706.658,697.7122,-21.632696
1.3138446,-11.767568,26.088942,0.11745924,-0.0389131,0.8194358,31.318396,6.105026,-16.749472,-17.179861,32.94354,0.0070126173,0.4456676,8.502174,-2.6152985,23.830648,461.02002,1377.672,2.1128213,1457.2155,949.3001,-11.648267,2551.5413,834.49396,-20.051985
1.2405726,-14.341213,24.961931,0.08534264,-0.04460321,0.63068366,31.327156,4.702938,-14.340652,-20.335625,32.6862,0.0046009663,0.45845377,8.765584,-2.3332326,25.419931,710.93414,1144.7452,1.9649872,1747.6483,864.3098,-16.880072,2744.632,807.46454,-22.020279
1.2021575,-16.400675,23.380342,0.09473581,-0.050165925,0.6067856,32.190216,2.772812,-9.713707,-23.419235,32.486515,0.004899208,0.41604695,9.222272,-2.4278314,26.297903,898.0171,1073.7545,1.4459149,2072.018,783.80005,-19.394775,2993.8425,829.8789,-23.248337
1.1994079,-17.458374,22.629646,0.08565718,-0.052384928,0.53558034,32.99672,2.5058079,-6.1105237,-27.103607,32.343983,0.00883581,0.436453,9.52768,-2.2817254,25.672728,905.0488,1065.942,2.131714,2108.2976,725.5132,-16.618586,3028.6152,751.0881,-22.658653
1.1976405,-17.27857,22.127052,0.08082055,-0.052080806,0.5273716,34.529785,0.87857103,-2.6310194,-30.88516,32.248016,0.009050988,0.38339064,9.636905,-1.5195465,25.728647,913.1976,1076.7196,2.2615497,2146.4436,723.7571,-14.449452,3063.9348,729.7039,-22.261908
1.2075862,-16.06657,20.82037,0.07775711,-0.047882825,0.426953,34.424503,-1.1579436,-1.0207382,-33.1542,32.19662,0.008232881,0.47108808,9.79016,-0.5083235,26.570694,900.82446,1049.4346,1.9911393,2132.094,696.12256,-13.179423,3091.8005,792.0315,-22.434816
1.2133876,-14.876178,19.05219,0.083823204,-0.044411954,0.49277678,33.412003,-1.0770175,0.26234707,-35.088528,32.177998,0.0042286427,0.5092764,9.831861,0.19810279,26.566238,876.78326,998.481,1.7507156,2104.0183,637.97974,-13.100213,3134.072,876.07745,-21.9717
1.2433598,-14.444007,17.395279,0.09621761,-0.044511553,0.44200036,32.70283,0.023567438,0.79725903,-36.204082,32.172333,0.0057195914,0.73407525,9.662018,0.3617406,25.463411,865.42505,962.1157,1.6053947,2094.9778,551.4455,-14.079625,3237.4382,994.98047,-20.815266
1.2639241,-14.365031,16.845098,0.09536811,-0.049880758,0.3587134,31.684961,3.656513,1.0380696,-37.312344,32.16237,0.003801428,0.8986221,9.246623,0.234526,24.28248,851.7662,931.51276,1.5992546,2088.5554,516.69916,-16.165983,3216.4187,968.9018,-20.132372
1.2572261,-14.734515,17.620863,0.10214877,-0.054397915,0.30636135,31.419348,4.580361,0.2402467,-38.965538,32.132675,0.0038626445,1.0004297,8.780775,0.69068986,24.167831,847.17255,921.42267,1.2339655,2099.5918,523.1103,-19.335262,3203.4778,953.94727,-20.707579
1.2327709,-15.983518,18.533075,0.102356315,-0.056668337,0.35055184,30.359108,7.561044,-0.05294637,-39.81462,32.086823,0.0033683982,1.0848914,8.273578,2.6896763,27.055199,843.17096,900.7492,0.36791006,2128.1692,530.1365,-23.090775,3116.455,816.875,-23.96206
1.1607854,-17.287811,19.482347,0.10140348,-0.050644945,0.45341003,29.762733,10.493665,-0.5269746,-40.09522,32.01563,0.0055454164,0.8371744,7.437811,6.1906953,29.74,850.2671,893.6299,-1.4681805,2193.576,511.8999,-26.097677,3157.7507,723.5176,-26.570063
1.0500262,-18.937628,23.175055,0.0946577,-0.050599437,0.4971217,29.007608,17.19713,-1.9950466,-38.460423,31.720018,0.0071942373,0.79286176,6.084219,12.621601,32.336456,861.0395,879.08307,-5.889261,2272.2297,512.38885,-28.489805,3252.4514,790.8493,-28.652704
0.9157421,-20.164406,26.777628,0.08600327,-0.048203677,0.5021692,27.9606,22.512686,-1.7368077,-35.82875,31.386019,0.0069046863,0.6710109,5.111798,16.286762,32.84805,884.9135,870.0059,-9.813655,2297.9958,427.21237,-28.56402,3375.841,587.38275,-28.579996
0.8013761,-20.013132,28.57176,0.076731205,-0.05067711,0.52602726,27.101877,25.722626,1.0678087,-31.770658,31.058622,0.0052838996,0.5784463,4.8813257,18.687775,33.77556,926.8145,879.8386,-13.28598,2296.824,346.06674,-27.774374,3469.6985,397.87277,-28.671326
0.74499655,-18.968224,28.996027,0.08099877,-0.041497443,0.4255917,26.11273,24.4047,4.3389716,-23.430328,30.949753,0.009510545,0.83716077,4.868805,15.087657,31.65919,956.69135,929.72943,-14.312959,2255.86,326.8697,-24.250372,3483.2637,92.2777,-25.802795
0.72296786,-17.966469,28.215204,0.07313042,-0.033928405,0.36348656,25.196001,21.332674,6.7204933,-13.026372,30.83623,0.036574215,1.2651597,4.4023895,10.651195,25.985231,992.758,1092.8848,-15.359658,2225.4211,439.41064,-20.316027,3419.3125,337.5798,-19.869968
0.7718992,-17.532043,27.795221,0.072708435,-0.023483919,0.2554432,23.288376,18.169605,7.4100113,-5.334521,30.712515,0.042702436,1.4900411,3.6925793,4.8280125,22.118818,1061.0056,1185.6259,-15.410848,2202.1436,564.4417,-15.629298,3396.751,394.46045,-16.257736
0.9572005,-15.921096,23.512259,0.06678316,-0.02530844,0.4447066,21.293856,14.035375,10.338618,-5.503206,30.623138,0.04307447,1.3991522,3.5930703,1.1456347,17.371763,834.8266,1278.2054,-8.557627,1903.0734,711.08594,-13.277316,2951.3098,548.2176,-12.053851
1.2046801,-12.891228,18.710058,0.08028773,-0.02449433,0.65968233,18.5741,10.433987,11.026059,-6.486395,30.613626,0.028976455,1.3025056,4.134126,-0.32969713,14.305321,604.39813,1182.8901,-1.7987747,1633.4468,725.3074,-9.300965,2614.6301,479.45963,-9.469058
1.470251,-9.452713,13.68143,0.094154455,-0.027384123,0.8476235,16.020296,5.639652,10.419228,-6.666336,30.656275,0.031538133,1.1353208,4.152906,-0.5126564,8.622223,301.33334,1170.3359,4.0700884,1338.8687,717.72284,-9.745524,2234.945,600.58307,-4.552135
1.612772,-6.5974727,9.739644,0.10492209,-0.023052743,0.7800639,13.473306,2.6988056,7.600134,-2.794637,30.685244,0.030319942,0.9020435,2.595217,0.3910915,6.7091765,310.01596,1101.0507,2.534875,1337.3876,599.6123,-10.538791,2262.9927,549.872,-4.174301
1.6579367,-4.8963637,6.927769,0.111064136,-0.024504898,0.6241272,13.11887,-0.38695154,8.116603,-2.3003774,30.696888,0.024631267,0.35751688,1.3513474,0.88997483,6.0274177,309.608,1081.3859,-65.92778,1339.7292,540.8381,-76.40179,2272.3635,526.4791,-69.94606
1.476606,-4.908158,7.101387,0.10919133,-0.018181477,0.6980491,14.052882,-1.265037,11.55336,0.65978044,0.0,0.0,0.0,0.0,0.0,0.0,643.61554,905.45233,-133.9076,1654.409,540.79816,-139.09645,2663.6719,468.7184,-136.04672
1.1492337,-8.550487,12.700627,0.0915598,-0.021987177,0.7179828,16.630938,3.146498,14.870389,1.3397398,0.0,0.0,0.0,0.0,0.0,0.0,660.87286,934.9079,-201.0,1686.7344,651.7941,-201.0,2675.8306,534.31824,-201.0
0.8543551,-11.269412,18.630608,0.07268425,-0.014783208,0.6167607,18.14722,7.251444,13.64677,4.483239,0.0,0.0,0.0,0.0,0.0,0.0,666.75635,1025.9879,-201.0,1691.6803,783.0271,-201.0,2706.221,659.8125,-201.0
1.6141834,-7.52022,18.228392,0.044414107,-0.008110199,1.3619051,14.05223,3.8698437,2.588383,0.784753,0.0,0.0,0.0,0.0,0.0,0.0,568.5967,1297.5585,-201.0,1645.3822,954.1667,-201.0,2620.9426,653.9541,-201.0
2.311766,-1.3758869,13.393147,0.027230242,0.0063024857,1.7162514,8.686058,-1.1639824,-4.2564716,2.4632142,0.0,0.0,0.0,0.0,0.0,0.0,611.1584,1860.2931,-132.74171,1429.5194,996.2972,-133.76338,2552.0269,658.72925,-135.23265
2.9781227,4.027199,8.572133,0.02100881,0.00856083,2.1218255,3.6052082,-6.0766234,-10.794476,0.8336458,32.26575,0.0,0.0,-1.8664725,-3.367138,1.4257944,700.1604,1775.7924,-63.378815,1386.9766,2054.9822,-64.983086,2405.8528,703.5202,-66.574104
2.8863132,2.7080047,9.547182,0.030860342,0.0016296481,1.8240476,4.8958,-6.119507,-10.710228,-0.20031007,32.242107,0.0,0.0,-1.1175497,-3.2486312,1.4450918,485.7976,1796.1626,5.0075784,1082.3934,2229.631,2.886389,2041.2954,881.5947,1.3177279
2.771539,1.6853147,8.423146,0.049791146,-0.0054000453,1.9351326,7.28711,-10.18603,-10.672912,-2.818907,32.13933,0.0,0.0,0.40669736,-2.8258674,3.852506,724.74835,1146.5643,5.227576,1568.3698,2138.2686,3.5070403,2418.8347,856.8935,-0.24656518
2.4911773,0.3064446,7.1954923,0.044384662,-0.008422461,1.897407,9.583858,-12.7886915,-9.607789,-4.004102,31.978058,0.0,0.0,1.7693892,-1.8243057,4.637955,554.3856,1254.3638,4.2970095,1572.0145,1068.3656,3.9624836,2532.1755,731.8377,-1.4669333
2.0035012,0.7624905,4.108046,0.0366095,-0.0044239545,1.4428844,10.147861,-13.404289,-7.683346,-3.615412,31.807726,0.01117144,1.3310533,3.349146,-0.94626737,6.7830987,817.0804,1064.454,0.0,1896.6279,688.447,3.310817,2979.159,497.0037,-4.537823
1.742514,0.90981644,3.513155,0.03477717,-0.0029535645,0.91641194,9.428435,-12.47002,-8.860892,-6.427246,31.706068,0.010169803,1.2584277,4.922893,-0.27925768,2.707426,490.952,1203.4259,2.398914,1547.0021,740.05927,4.7287,2636.093,449.66336,-1.5992762
1.6688399,1.433621,4.2135468,0.05586927,5.584668e-05,0.6608877,9.466407,-11.945029,-11.265328,-6.632218,31.687109,0.005026456,1.2165424,5.8266425,-0.20773967,1.9985694,585.01556,1123.5321,0.0,1538.8607,779.1079,4.1181874,2613.4014,429.65433,-2.2809298
1.6678804,1.6012678,5.9454446,0.06782127,0.0017301185,0.46572283,9.462684,-11.837974,-13.185981,-5.01737,31.706139,0.0053655263,0.8940177,5.295569,0.026390156,0.0077033043,328.98938,1175.2933,-2.2866983,1214.9556,920.5806,3.9590437,2204.5881,536.04144,-1.6660185
1.5916699,1.9557241,6.454657,0.06629453,0.004407519,0.47056893,9.927674,-12.936261,-14.523369,-2.497042,31.778307,0.0038460123,0.61777383,3.3406107,0.70969623,2.8090847,394.79565,1021.2153,-2.7091312,1247.1768,918.4284,0.118178844,2214.2139,530.6958,-5.5182157
1.4900411,2.1705756,6.4389653,0.07552064,0.0044823405,0.45544472,11.581025,-13.462723,-15.998711,-0.0649325,31.873953,0.0043985196,0.6578875,1.1116962,1.8491406,6.5460777,403.70706,982.53033,-3.9075823,1255.5675,889.9953,-4.6125817,2214.3284,520.5432,-10.45366
1.3179468,0.33455315,7.3169556,0.07639157,0.00039918115,0.50681186,14.240845,-9.21566,-19.033129,4.5193505,31.960669,0.005324648,0.51886696,-0.5548348,5.6197333,10.061738,419.62195,981.0452,-5.3079915,1265.9371,896.2424,-9.033505,2195.3496,540.8462,-15.369729
1.1701025,-2.5190594,10.420365,0.07776473,-0.0042215344,0.47673845,16.964575,-0.74504596,-21.74372,10.178257,31.639328,0.011702727,0.94037294,-1.3166064,1.7882172,10.345849,412.3475,1019.8457,-9.489449,1265.5103,856.90497,-13.929151,2182.7864,548.33905,-19.835297
0.9211306,-6.4851213,14.680669,0.06112485,-0.010534272,0.4673688,18.616373,7.6913104,-19.958818,12.428341,27.335775,0.018386884,1.1471101,-1.3098134,6.3656344,14.212863,408.08472,1022.51337,-4.3772707,1280.7726,828.06805,-11.990563,2178.6768,566.7153,-18.148428
0.68256027,-9.650146,17.150328,0.061128836,-0.015446901,0.37576616,19.884079,11.610729,-14.750118,9.233821,23.034586,0.022742221,1.5489626,-1.1014417,4.8016186,14.415408,401.7777,1058.9661,1.4670721,1280.938,866.8042,-11.456059,2189.1697,567.90265,-14.670071
0.45844403,-11.406852,18.098513,0.05725107,-0.023454765,0.29040235,21.525156,10.677917,-11.860504,2.3821895,19.091497,0.19677295,2.1112373,-1.3688291,7.930326,12.140109,399.23563,1104.7928,10.803929,1294.2527,930.6634,-7.6109757,2202.095,660.35205,-7.953632
0.36696795,-12.558061,18.573362,0.0606807,-0.029110381,0.18039571,22.134819,8.206579,-11.4525175,-6.944142,19.100712,0.28378832,2.3923748,-1.7348689,3.4305282,7.352686,375.62497,1249.4073,-59.500637,1255.7087,1066.7324,-73.44402,2183.9622,698.93414,-71.461586
0.32911852,-14.095436,20.345312,0.064567946,-0.035161644,0.108117126,23.00445,7.4653454,-13.844044,-14.38049,0.0,0.0,0.0,0.0,0.0,0.0,591.47424,1258.9246,-69.35727,1569.3375,944.7354,-74.31704,2622.9514,619.6674,-73.43178
0.39274654,-11.983634,18.739672,0.065236986,-0.033431586,0.10409378,18.130043,3.734478,-9.132907,-16.743292,32.666313,0.0,3.586833,-0.6075552,3.042066,20.023872,562.25146,1295.9093,-74.01939,1630.5377,866.96045,-79.742455,2676.0312,781.79956,-80.83426
0.5375445,-7.4605365,14.561677,0.06470237,-0.026081199,0.13148819,11.854426,0.38123354,-3.536583,-12.9505415,32.405914,0.0,4.3980885,1.1108332,2.4260592,21.052801,904.1702,1027.5726,-14.801857,2040.6481,754.41583,-23.285477,3081.4277,822.0037,-22.236712
0.684472,-4.9673753,10.067707,0.06393399,-0.02138936,0.24686898,9.358974,0.77525043,5.4857955,-9.38404,32.063038,0.016519299,5.2093444,4.2976584,0.85767585,25.997179,676.156,975.3205,-9.125413,1790.5586,737.81024,-25.502472,2731.828,981.642,-28.039024
0.8593491,-9.622792,14.286843,0.06779631,-0.023030043,0.69411707,16.359022,8.439048,6.541685,-6.4985523,31.750551,0.016519299,6.0206,5.824013,-0.21158934,26.63681,709.93115,989.6992,-9.081286,1762.9752,928.36066,-24.10534,2647.804,1001.2298,-28.634527
0.9840505,-15.621056,22.062033,0.06693597,-0.028208336,0.99160403,26.674673,14.594795,3.1567123,-2.116666,31.598871,0.016519299,6.0206,5.6063285,-1.2464579,26.948751,397.99768,1193.2828,-2.8876774,1439.937,1009.42523,-21.292604,2330.7834,1207.5846,-29.836432
1.1282085,-18.055262,27.26905,0.07894272,-0.026539838,1.04219,32.47949,14.734578,-1.8440742,5.6721644,31.199732,0.038502913,4.248281,4.3275437,0.14922094,28.156942,406.78238,1203.6273,-3.3541763,1398.129,1094.7543,-24.511765,2231.3079,1184.6606,-32.53262
1.0435058,-17.92806,27.783333,0.09507268,-0.021886954,0.93639845,34.672462,13.585697,-3.7522967,8.902198,30.693054,0.03820564,2.4059289,4.1018715,5.2683973,29.862074,396.66434,1221.1617,0.0,1342.5659,1052.3661,-29.82829,2229.358,1032.8119,-36.605556
0.8005279,-20.244537,29.658716,0.089104444,-0.020381572,0.8384736,34.876125,17.50376,-0.8956631,8.96007,30.43056,0.036281038,1.2079912,5.1007366,8.720441,29.952393,374.7877,1272.3704,-10.860855,1251.5131,1074.0814,-30.369669,2122.793,807.79297,-39.332523
0.5354705,-23.321299,32.50988,0.04349607,-0.02493397,0.73071474,36.330814,19.885275,2.8933194,7.421984,30.567503,0.010079559,1.55535,6.5559387,7.695076,26.195444,302.07846,1543.8951,-10.860855,1158.3817,1206.996,-28.274618,2121.5203,768.98676,-39.289143
0.39255634,-25.717527,35.000896,0.014986932,-0.03038688,0.40621856,37.962257,21.467306,5.9777465,5.282163,30.93186,0.0246204,1.9806587,7.2860217,1.9388758,24.237825,269.15964,1662.8793,0.0,1092.4698,1197.9779,-24.32045,2167.304,653.16327,-41.301773
0.348065,-27.021025,36.83241,0.0019997507,-0.03697921,0.20279042,40.299335,20.43518,7.2472014,0.7738352,31.274199,0.042040735,1.3917313,7.780029,2.415374,25.019567,439.09717,1563.5717,-31.61895,1417.7953,1184.965,-30.634668,2515.9124,810.0918,-44.14632
0.3235158,-28.852081,40.314896,0.015835198,-0.04198213,0.14205725,41.971676,23.387009,6.9610195,-3.1198452,31.684835,0.050231528,1.0055727,8.056869,5.0171757,21.669022,675.7778,1306.2266,-27.707914,1790.7275,1090.1823,-34.19688,2878.86,998.701,-42.346695
0.3062636,-30.072638,43.92368,0.01997976,-0.041519564,0.12366175,40.881172,26.234552,5.345579,-4.461786,32.245255,0.031424966,0.45301425,7.2832627,7.5720363,16.907106,881.50836,1116.3947,-27.713852,2165.3142,1012.3013,-35.08193,3307.9011,923.0772,-35.99091
0.33214796,-28.798803,42.984875,0.020530626,-0.037357744,0.10086215,37.69637,25.64872,5.6140485,-4.11009,32.71553,0.013332907,0.43399796,5.8846774,8.3243265,13.3524475,894.80695,1136.348,-21.042784,2130.5793,920.1735,-29.428492,3394.7913,615.3113,-29.33071
0.4164258,-24.742386,37.609207,0.013627406,-0.028292403,0.13036557,29.648493,22.39696,11.079326,-2.6158102,33.07621,0.008270588,0.7175588,4.876287,11.082463,17.24037,933.6536,1223.3246,-26.614355,2107.2578,775.382,-25.98993,3372.258,428.26367,-27.799746
0.6871419,-18.41699,29.353981,0.00238608,-0.019106349,0.28568587,18.04558,20.078445,16.37512,3.4329975,33.319942,0.011474525,1.682042,5.1560845,16.01739,23.714567,1042.1295,1033.4626,-29.769884,2088.7454,753.35126,-24.048605,3234.284,501.79028,-30.64268
0.97624874,-14.594399,21.842178,0.006398506,-0.016232356,0.52785224,8.8143215,24.406824,19.48751,10.603841,33.536594,0.023598054,2.3399699,6.4145813,18.987982,22.44018,846.6971,1013.39166,-33.52044,1910.7135,601.28204,-25.747255,2926.2502,694.5324,-27.894905
1.2142612,-12.775345,18.70707,0.022642149,-0.020590723,0.6394785,5.812345,27.60407,16.05825,17.298607,33.68054,0.043079842,2.1089702,7.6055923,20.418083,18.0945,627.42236,887.8135,0.0,1708.3818,558.4069,-29.088388,2627.0835,741.48553,-23.25471
1.2632829,-12.832774,16.574654,0.045980036,-0.02990534,0.57754993,8.01176,28.568932,17.608707,21.810343,33.662823,0.046217483,1.3099273,8.355439,20.700148,11.819554,333.44894,1005.6628,-5.0200405,1495.3534,357.33798,-34.169193,2352.6467,787.9356,-16.875633
1.2306727,-11.517238,14.483005,0.06667801,-0.029077755,0.45357051,10.246289,24.571692,20.170233,26.717707,33.54018,0.032299545,0.6818495,8.61525,19.325323,10.901507,343.24258,954.6573,-5.2287087,1502.0636,296.04166,-36.52082,2335.214,737.8112,-16.130215
1.1527461,-10.912557,12.658404,0.07230412,-0.02720058,0.43783584,11.119854,23.699045,23.798468,27.11506,33.370743,0.008963258,0.7601583,8.573302,17.125025,10.441755,348.3759,936.5703,-5.92894,1535.8531,252.36414,-37.723816,2362.3726,768.19604,-16.370695
1.0617579,-10.348489,11.732646,0.06491072,-0.027356526,0.428015,11.73708,24.358904,25.004288,22.90991,33.16072,0.0041053207,0.86352044,8.373328,18.246172,10.399515,352.78824,936.7708,-7.004898,1574.3453,229.8177,-38.187183,2385.785,851.895,-17.404413
0.95498294,-10.987015,12.971817,0.05486976,-0.03158955,0.39629602,12.545388,25.9187,25.027105,17.113655,32.912903,0.004903327,0.9886815,7.99476,20.045303,11.41446,361.2871,1011.89307,-8.4929495,1637.1201,319.83005,-36.798004,2453.1716,987.8338,-19.90741
0.8444588,-11.62703,13.824864,0.056811225,-0.0305546,0.36778882,13.1740465,26.804247,25.378702,13.664218,32.397842,0.0064186365,0.88162965,7.1465096,22.221212,12.276646,366.3855,1058.3271,-10.672665,1704.9469,357.0236,-36.538002,2418.7688,1254.8441,-22.94931
0.7015256,-14.346413,17.597303,0.04347231,-0.028107291,0.3350536,14.840463,27.135431,23.448065,12.179153,31.8627,0.007650025,0.9488891,6.103022,15.389595,14.092307,368.53003,1243.789,-13.283095,1668.4127,1202.6965,-37.2873,2270.2595,1090.4382,-27.375402
0.60309476,-15.895767,21.195965,0.043123636,-0.028997893,0.31807318,14.303344,29.949265,19.059156,5.8649077,27.872284,0.1759881,1.005291,3.6389608,15.455795,19.820692,510.80994,1249.264,-7.132857,1768.9142,1125.1122,-28.510084,2506.82,768.7451,-22.265701
0.49308106,-17.572136,25.021677,0.036151808,-0.034894522,0.28157637,16.652216,29.149225,15.263705,-0.6517727,23.773321,0.1970749,2.1064231,1.5878706,16.565722,28.677063,650.95825,1325.4191,0.6169424,1862.0587,1146.5829,-20.365381,2878.4329,375.7797,-19.930967
0.40593195,-18.675785,26.28467,0.0637744,-0.04172784,0.23438637,19.498627,29.00754,12.259524,-6.6707616,17.938063,0.2852381,2.7977684,-1.8062143,11.017894,27.633223,815.4121,1223.7173,8.457543,2104.0352,375.511,-12.077118,3290.7136,527.10065,-13.759
0.3086326,-21.241693,28.789125,0.054951463,-0.04713128,0.16476978,25.70186,26.818918,10.123765,-10.13816,17.398766,0.27282938,3.2598953,-7.796863,5.26611,27.030146,835.08453,1183.1715,6.7324786,2128.2422,469.72485,-14.955814,3352.4485,543.3201,-15.024094
0.2548503,-21.966055,28.55013,0.060419828,-0.053891223,0.12483337,29.325308,26.615768,3.429723,-15.923271,16.850006,0.4075078,2.8137226,-12.284226,-4.2585063,21.008404,888.25714,1095.9589,-63.446728,2175.6472,459.5695,-77.65087,3422.5344,446.8925,-75.620056
0.2175992,-21.55436,28.706383,0.047859386,-0.0565915,0.10685754,30.286383,23.772392,-4.8735633,-22.3845,18.016418,0.47352925,2.6235757,-14.634551,0.0,0.0,694.5586,1236.1085,-63.93326,1774.4547,672.7,-75.78687,3116.3066,287.6803,-75.73777
0.35550675,-15.363392,21.506004,0.056648076,-0.046999782,0.17620184,21.740072,21.377401,-2.9149275,-23.433302,17.371458,0.47352925,2.6235757,-12.72245,10.528833,34.84502,537.2656,1219.4906,-70.53637,1611.2822,732.139,-80.734276,2765.0564,221.95576,-82.796776
0.67648,-17.387123,25.334097,0.04108209,-0.03367125,1.6219444,20.775478,22.83019,6.0345855,-12.283725,17.318098,0.47352925,2.6235757,-9.040586,10.904006,32.053295,327.6832,1386.2407,-9.046203,1290.6685,1054.0419,-24.930145,2349.449,449.74036,-26.347687
1.0575055,-18.234024,27.128027,0.0023991403,-0.018468725,2.4821937,16.750872,26.148628,15.870357,1.6436011,17.515615,0.47352925,2.6235757,-5.0015516,15.263898,30.190422,645.503,1212.6019,-24.001135,1712.1566,876.7868,-32.410503,2770.6663,380.739,-35.42928
1.3196563,-21.956,32.850826,-0.03578706,-0.016265374,3.6430528,19.796293,24.024755,15.9868965,11.984857,17.651,0.47352925,2.6235757,-1.6482968,14.954944,26.02504,649.6557,1278.0602,-25.007318,1656.4424,941.342,-35.09518,2734.1301,628.3687,-34.875637
1.2660136,-22.326052,31.421167,-0.06639569,-0.020234765,2.8888142,18.376703,23.437332,16.183756,15.645894,17.563822,0.3552469,2.197365,-2.0641565,16.367357,25.61976,673.1737,1161.2562,-26.249949,1781.5372,830.80597,-34.08543,2741.7097,622.2963,-33.88459
1.1372082,-23.783697,31.16964,-0.07757942,-0.02668199,2.4468977,21.490072,22.190393,20.524734,22.860376,17.233488,0.21216084,2.1062162,-4.12637,12.865888,25.254827,381.9517,1156.827,-16.253794,1518.1891,854.1385,-35.88374,2368.0598,757.63007,-29.34123
0.93805915,-25.353373,29.12943,-0.0771957,-0.026509518,2.3418567,24.123735,25.424973,24.884468,28.228148,16.926672,0.08147666,2.0150673,-4.785333,13.132678,29.877821,367.97525,1098.635,-14.283092,1527.2866,772.559,-33.84882,2364.0078,678.34125,-29.208725
0.8093869,-25.411804,30.006693,-0.0855427,-0.022671983,2.1132338,24.541391,25.517517,27.401789,32.137672,16.76322,0.0,2.350129,-4.5390677,13.18854,34.05475,353.23532,1038.543,-8.844858,1468.457,610.2273,-34.245228,2373.4763,585.12384,-29.410902
0.6252416,-25.867325,31.851725,-0.083646275,-0.0196459,2.2602775,25.265066,25.649124,24.690506,26.559813,16.681374,0.0,3.2874138,-3.995568,18.146671,37.67494,348.0828,1119.4115,-9.978527,1424.5029,775.4646,-36.74472,2328.671,603.4798,-33.99625
0.48148075,-28.313772,36.182613,-0.084887005,-0.026499746,1.2537745,27.947653,26.408411,23.170393,19.576641,16.715046,0.018923014,4.2246995,-4.68905,23.018625,40.128742,361.01016,1212.047,-13.435887,1384.1025,1040.8496,-42.03024,2304.786,664.1026,-38.765575
0.3942345,-29.740725,37.42322,-0.086529076,-0.029154852,0.881803,30.21689,26.950592,18.7633,15.231837,16.754,0.018923014,5.1619844,-6.177727,20.958475,41.891903,505.4265,1416.9877,-18.177544,1585.7935,1148.349,-45.101818,2698.3699,699.3753,-43.942642
0.36175165,-32.239197,40.95676,-0.0932127,-0.03336205,0.3786368,33.102783,28.006021,16.754114,12.585644,15.71783,0.018923014,5.1619844,-7.351176,10.76508,40.15121,653.44727,1452.107,-15.957375,1786.0116,1132.3026,-38.61798,2984.7266,802.028,-39.540268
0.3194058,-34.28923,42.876648,-0.10636685,-0.03577371,0.35135332,34.8409,28.888657,15.383991,11.960296,14.859783,0.018923014,5.1619844,-10.781104,1.428984,38.817173,787.7036,1411.0869,-5.8823667,2026.2261,916.404,-26.079813,3333.0032,874.60596,-30.525682
0.2859662,-33.569668,42.43413,-0.091491915,-0.036851425,0.37662637,35.021038,30.56964,11.796901,6.955879,14.520968,0.016534137,4.70674,-13.990705,0.32455826,37.83965,814.8973,1221.933,-2.3570802,2080.101,902.3765,-18.25208,3339.9492,774.2922,-23.168097
0.65620166,-28.158873,36.32817,-0.035527308,-0.034725543,1.0889975,30.210014,31.016829,2.5246553,2.316166,14.224843,0.07213907,4.9929447,-15.328316,2.506369,39.121956,678.7768,1242.9464,-67.49643,1857.1537,959.544,-76.86591,3108.4915,989.2703,-80.38998
1.0798153,-25.390234,35.174133,-0.006118983,-0.03235772,2.473173,28.88685,32.114033,-3.1664932,1.1556517,14.71996,0.127744,5.27915,-11.197296,0.0,0.0,716.5236,1302.1815,-80.02567,1870.2876,1125.4862,-83.522354,3225.465,956.1494,-88.720985
1.3628898,-24.921732,35.95787,-0.006115002,-0.027840776,3.2698205,25.287117,32.741108,0.8856675,6.5136447,14.52193,0.1857378,6.0206,-5.3324227,11.517743,31.466955,546.9632,1399.683,-81.60144,1612.2769,1268.5529,-89.644684,2846.833,1143.3691,-92.01998
1.3226615,-26.900566,36.96001,-0.044946056,-0.022942727,3.507557,25.723429,31.797691,12.854047,15.564816,16.049036,0.1857378,6.0206,-1.0527613,12.059167,28.291082,547.4234,1232.63,-19.413202,1677.7145,1075.5428,-30.99826,2841.1855,815.1369,-34.907104
1.1967276,-26.756584,36.14204,-0.060153946,-0.02259461,2.569869,23.106398,29.48263,19.16498,23.337805,16.521477,0.23072791,4.014959,-1.3746457,13.729688,22.78817,369.464,1158.507,-14.293782,1467.4663,914.98895,-28.513786,2442.073,782.75934,-29.66759
1.3136345,-23.247543,31.929901,-0.06349466,-0.026234286,2.1403892,23.10212,22.541842,20.168623,24.327143,16.167349,0.275718,2.009318,-5.6919155,12.246345,21.82221,379.88297,1038.6918,-14.33026,1468.1178,675.24384,-23.55931,2444.2456,663.6302,-25.927149
1.3822713,-21.761518,30.237455,-0.05368926,-0.03457189,1.564459,24.219412,18.986746,19.382963,20.533892,15.093769,0.3207081,0.0036772331,-9.97121,9.520801,19.035246,387.5424,1078.2301,-13.794118,1459.6666,731.6191,-20.686914,2450.9182,681.743,-21.899704
1.495361,-17.91826,25.576166,-0.056642998,-0.031827252,1.9852772,22.657068,13.442493,19.384016,16.123667,14.074729,0.3207081,0.0036772331,-10.605422,4.4909077,13.968174,398.38196,993.28906,-11.089653,1451.1205,662.8588,-15.929897,2423.959,631.78973,-17.236322
1.4834719,-15.808032,22.244604,-0.062592894,-0.028137961,2.218445,20.300058,9.475007,16.637877,11.865505,16.266687,0.31180155,0.42708254,-7.4687157,12.139397,9.13202,410.00757,955.8182,-5.801863,1441.3312,669.1311,-8.722095,2376.5322,622.842,-11.088346
1.4916188,-12.29864,18.002663,-0.081847206,-0.025278183,2.035889,16.314936,4.957552,12.708206,9.48049,22.492432,0.487841,1.9801694,-2.4332905,8.710752,6.3068366,417.40125,899.0662,-2.285588,1422.611,614.1413,-5.2516937,2344.7468,581.2944,-7.68898
1.5511545,-9.119571,14.043816,-0.061456982,-0.022926077,1.5375509,13.13499,1.5337896,7.255873,3.7499301,28.681662,0.38557753,3.0730698,1.0906936,6.26691,6.073629,419.09512,903.3659,-0.67812365,1400.0356,620.41187,-3.3868837,2330.6443,549.03973,-6.5246124
1.6559539,-6.8761964,9.687393,-0.047338407,-0.020826584,1.065904,12.56326,0.78073287,4.982037,1.3896322,32.515137,0.28909758,3.0109406,3.865553,-5.9589653,6.3503537,420.0258,902.58453,-2.6392395,1385.5259,641.8132,-5.0038285,2339.7178,510.50488,-8.9895935
1.7436723,-5.0925817,7.9096413,-0.029294537,-0.015915146,0.98454756,11.1474,0.16650464,0.90241814,-2.5860999,32.33192,0.0073837577,2.103893,4.6868677,-6.4006705,7.704986,401.6544,965.8006,-2.4070752,1355.1812,699.67596,-4.8253508,2347.303,478.4774,-10.112061
1.7336661,-4.987974,8.308072,-0.025434079,-0.011960051,0.6971691,12.917127,0.7088868,-2.678776,-2.2866502,32.150173,0.0041740243,1.5185672,4.6677575,-6.5374684,9.495577,383.75845,1044.3165,-2.0138576,1315.7567,767.7049,-4.8499694,2351.09,485.0748,-11.509435
1.6809124,-5.2452197,11.407089,0.012542891,-0.010577296,0.6157113,13.153477,1.315509,-7.4873757,-8.181208,31.974237,0.005592854,1.398832,3.5513725,-6.4902115,10.990947,623.19476,1064.8394,-3.8912704,1631.0498,715.2815,-9.390193,2679.239,537.0486,-14.064496
1.5076221,-6.0723133,14.310164,0.0361723,-0.013274342,0.6128457,16.121504,3.4335442,-8.38137,-13.78696,31.843071,0.0058296635,0.9716558,2.2683134,-3.1028233,15.898499,868.1379,1010.8089,-7.9929795,1971.5289,581.4462,-15.911756,2990.7275,571.0337,-20.033737
1.1537853,-8.293191,16.78121,0.046927333,-0.014644097,0.7575101,16.944483,8.106909,-4.3348956,-13.761887,31.441133,0.010568614,0.5208642,1.9913069,2.2732573,19.75311,1110.3306,989.92206,-14.787248,2306.495,516.3357,-23.396994,3303.885,598.0176,-26.77501
0.777662,-10.859531,19.424225,0.054668833,-0.01498885,0.62635773,19.065933,12.864212,0.90525633,-7.9200587,31.491753,0.007972562,1.4142572,3.0650032,6.466049,23.026495,829.05145,1149.5099,-15.689293,1935.514,675.74335,-24.945213,2960.201,564.7747,-31.768158
0.4935505,-12.447956,22.183876,0.043062154,-0.0049246694,0.48226163,18.65664,14.835808,4.2942357,2.687566,31.541975,0.028095657,1.4781238,4.0432057,7.5265236,22.812555,813.7947,1142.7979,-19.69764,1925.6343,736.7173,-28.318365,3023.8723,555.90234,-33.142826
0.41143712,-14.678739,25.87642,0.036092963,-0.0071943584,0.16188961,20.291145,17.07817,5.449045,4.6131897,31.815828,0.061992005,1.6435219,4.406126,6.6829743,23.948196,569.5868,1194.193,-14.728302,1602.4501,826.50946,-27.715864,2725.877,561.4797,-33.216736
0.37975898,-15.098457,26.608864,0.016918758,-0.0052673444,0.109418005,19.35189,18.869452,4.3349586,6.0345426,31.575935,0.06934834,0.81428844,4.2256618,7.1670537,25.204933,571.7734,1163.4608,-12.000432,1620.776,768.1973,-30.728388,2816.1035,558.0213,-31.745604
0.3648037,-17.49362,27.724028,0.03835505,-0.016703648,0.094783105,20.086937,23.153467,5.1935415,2.0236423,31.257845,0.05197605,1.156271,4.6304765,7.5922437,27.500511,347.51608,1289.8032,-2.8327568,1282.7305,969.14484,-29.325495,2473.762,553.5528,-30.333267
0.3938609,-15.817439,26.090036,0.04783367,-0.0153180845,0.104358524,16.568327,22.779291,9.09745,1.8177332,31.013594,0.015585291,1.4707259,5.8443913,7.622532,28.967201,296.6307,1419.1548,-0.505985,1355.6564,1020.9212,-30.978079,2468.5972,692.1368,-27.921923
0.44281253,-16.876467,26.420624,0.05475742,-0.022297964,0.18543072,17.296545,23.285261,12.910789,-0.7656055,30.878458,0.016144846,1.1880081,7.26611,7.377257,31.147131,317.8759,1368.6143,0.0,1406.7526,1116.8575,-30.981735,2381.3213,739.5769,-27.299223
0.50047237,-17.019915,26.417261,0.07178535,-0.020733392,0.20711243,18.977362,21.415495,12.91195,-2.2755516,30.824091,0.020955415,1.2840701,8.499301,7.374785,32.984283,307.0128,1403.8096,6.498039,1386.859,1138.4117,-29.632956,2331.1584,752.3843,-27.269655
0.55009353,-20.49553,29.010733,0.08522228,-0.031692386,0.25945452,24.509897,24.190544,6.309254,-7.5020714,30.782934,0.021698454,1.225859,9.132027,8.147914,35.873608,309.06985,1446.111,6.498039,1212.8778,1163.0576,-24.46656,2301.155,554.8272,-28.760523
0.57084197,-23.286104,31.969244,0.1040171,-0.037222344,0.22370403,27.749098,27.97843,0.15619214,-10.495992,30.73053,0.015889833,1.6932212,9.327611,9.5869255,39.80406,485.35254,1448.6938,0.0,1573.3682,1008.3574,-25.621721,2650.1853,1014.67285,-31.512232
0.56006426,-26.147644,34.622524,0.09181111,-0.043043803,0.21429527,29.29186,32.83769,-1.4848799,-11.603863,30.693192,0.008770419,1.1818886,9.152301,11.428622,43.15646,456.82584,1566.6508,-17.65953,1494.4506,999.7796,-23.145056,2679.4512,987.0999,-34.049805
0.5138333,-28.323427,37.574863,0.10018545,-0.0441767,0.17978525,30.784994,34.47321,-0.84944034,-9.948042,30.774141,0.0062280293,0.84582454,8.093991,13.103314,42.43465,661.268,1362.0656,0.0,1866.5309,955.7055,-30.851227,2927.7844,1100.5372,-33.273335
0.4339429,-30.377792,41.17311,0.0983937,-0.044128507,0.18347348,33.78078,32.922146,1.5233523,-8.258977,26.940512,0.17269857,1.2552112,3.8068602,10.847222,35.259647,674.9889,1379.4257,-7.510929,1777.1777,1027.0232,-23.246332,2900.0488,644.9014,-23.915453
0.36104044,-31.173147,42.173283,0.08701196,-0.04535781,0.21274497,36.074802,31.744696,2.3382425,-12.051925,23.039392,0.18008302,1.6414747,-2.1190484,7.2706637,30.13093,680.6539,1324.644,0.9096711,1790.9762,969.78644,-16.65161,2918.2903,667.4416,-14.769843
0.32564437,-27.22439,36.464214,0.06627234,-0.04117017,0.23434293,29.276756,35.01535,2.1404521,-12.2771,19.104645,0.18749988,2.0948195,-8.188277,69.45461,28.257172,519.96063,1475.0079,11.91273,1452.8544,1136.4637,-1.4116133,2723.6997,552.93915,-5.704883
0.48172536,-15.97385,21.501505,0.06256711,-0.033542782,0.24318576,12.821116,37.504765,2.600321,-12.839456,18.19415,0.02787467,1.7907934,-11.015969,69.97219,31.445807,296.60678,1463.6339,18.568857,1307.0322,1002.00385,0.32057095,2345.097,364.27628,-6.508591
0.898835,-10.5014715,14.789749,0.058862105,-0.025871346,0.86954236,6.74589,34.607944,-2.6771584,-3.845775,17.445576,0.02787467,1.7907934,-12.128387,71.96889,32.318787,307.16364,1449.1693,7.767153,1393.2412,1036.3966,-9.024203,2312.9377,573.92804,-14.3793335
1.3469368,-11.898084,19.495468,0.034967165,-0.02414219,2.3566563,15.05964,26.114893,-1.678771,2.1220512,16.666025,0.02787467,1.7907934,-8.897121,7.129851,32.62024,502.77597,1438.0892,-8.31629,1657.4403,993.5168,-23.028503,2567.5552,696.8454,-26.773928
1.6079421,-19.213943,30.191978,-0.014495884,-0.024023488,3.5074873,25.603014,19.371984,2.4245646,8.391818,17.132631,0.02787467,1.7907934,-4.553531,4.5712285,30.770647,745.06635,1466.4069,-25.601645,1734.7626,1099.6626,-34.3963,2921.4358,849.95184,-38.35648
1.5171334,-21.825035,34.81508,-0.060248684,-0.027309751,4.033226,27.701593,16.26276,12.059963,9.670822,17.58064,0.031658012,1.2024873,-0.6450693,3.5835743,31.428724,788.1082,1433.5458,-30.929235,1844.8041,1398.3203,-40.260025,2812.951,878.28314,-43.402557
1.2102033,-25.470308,39.080093,-0.08884871,-0.020978212,3.1687696,26.916693,17.8869,19.685537,11.730076,17.607023,0.047530036,0.6203861,-2.3526962,6.329019,37.691315,770.4824,1593.6278,-33.76779,1749.2233,1437.6522,-44.53351,2691.6316,844.96014,-49.156414
0.8970496,-30.392107,44.24873,-0.10462615,-0.021443248,2.3704464,31.39396,20.41108,21.66511,14.414914,17.496977,0.05735772,0.0351825,-3.9982338,10.253917,43.125767,561.4255,1688.2819,-89.11215,1558.6608,1638.498,-97.83963,2589.5916,1057.1909,-101.464874
0.68412894,-35.339912,48.65869,-0.10669728,-0.019589592,2.1729963,36.599545,24.79764,23.848463,18.4247,0.0,0.0,0.0,0.0,0.0,0.0,649.284,1850.7855,-145.89981,1608.3848,1382.4464,-149.72717,2910.243,972.72943,-152.67131
0.59570384,-37.11398,49.20117,-0.1315549,-0.020090317,2.1336343,36.064445,25.780294,24.072142,20.954674,0.0,0.0,0.0,0.0,0.0,0.0,626.1242,1693.5195,-201.0,1692.5996,1271.1626,-201.0,2948.2188,1021.0327,-201.0
0.5234038,-35.472755,47.374622,-0.13991135,-0.016877538,2.7414281,33.79863,24.148148,22.541578,19.542885,0.0,0.0,0.0,0.0,0.0,0.0,840.293,1770.1279,-147.89517,1867.4165,1348.7754,-148.56166,3017.2344,960.10565,-147.82173
0.45191726,-34.709045,47.16833,-0.16120817,-0.013615538,2.144936,28.21129,22.733017,20.325106,19.261604,13.433616,0.0,0.0,-2.3988376,2.716299,22.233839,941.33276,1514.0428,-93.80575,1985.5411,1264.5417,-94.94045,3069.8396,981.9687,-91.727936
0.44073603,-32.041943,42.91382,-0.14780252,-0.0090685515,1.732473,24.06182,19.993513,18.782616,18.43342,13.341312,0.0,0.0,-2.4136684,2.243766,17.601063,1015.3488,1399.166,-38.026005,1993.757,1227.7457,-39.006855,3065.5808,890.7211,-33.103977
0.48842964,-29.935493,39.89906,-0.15768327,-0.010274789,1.0008899,21.13727,18.325438,18.966646,17.681276,13.300769,0.0,2.212911,-2.8625538,2.0458782,9.363408,779.7131,1248.0409,-33.13538,1764.5514,970.14777,-33.075,2871.8428,691.7654,-25.457445
0.530973,-23.112234,30.652075,-0.1470257,-0.009473001,0.99218327,15.361018,12.4280205,19.213846,13.118659,13.186945,0.0,2.212911,-3.440578,2.2546263,5.599519,590.6123,1220.5204,-87.2248,1529.4852,863.25977,-86.69622,2638.9707,452.4479,-81.55123
0.5896424,-13.798303,20.01516,-0.1118929,-0.0141249895,0.9422691,8.367765,7.978494,16.58303,5.745886,0.0,0.0,0.0,0.0,0.0,0.0,413.59415,1083.169,-143.00455,1388.9598,686.31256,-142.6298,2458.1492,390.4445,-140.17519
0.6279304,-4.4447775,8.159462,-0.051912177,-0.014791496,0.7103737,0.7260408,3.731538,14.041457,1.2974306,0.0,0.0,0.0,0.0,0.0,0.0,445.6348,947.22174,-201.0,1428.7306,542.2027,-201.0,2415.696,448.48328,-201.0
0.678281,2.2138424,0.21557777,-0.008321288,-0.01570066,0.34086123,-3.7805347,1.8662357,10.609771,-1.4806868,0.0,0.0,0.0,0.0,0.0,0.0,429.45273,944.3079,-201.0,1393.4443,500.5153,-201.0,2377.7668,489.62646,-201.0
0.7323478,5.071766,-3.120588,-0.0027106106,-0.013888839,0.20276637,-7.3815064,1.3213276,6.877189,-2.6643126,0.0,0.0,0.0,0.0,0.0,0.0,408.51413,1027.6556,-201.0,1349.0669,595.9288,-201.0,2348.7227,503.8479,-201.0
0.77755404,6.1570663,-4.5338874,-0.0073112175,-0.011613358,0.18850493,-10.2359705,0.5154475,5.232679,-2.1989496,0.0,0.0,0.0,0.0,0.0,0.0,328.1987,1214.4249,-201.0,1288.7515,626.0361,-201.0,2328.4316,490.30917,-201.0
0.8436208,6.704714,-4.89826,-0.0010685269,-0.009408584,0.20900792,-11.775868,3.1628857,7.014834,-1.066415,0.0,0.0,0.0,0.0,0.0,0.0,562.35284,971.5198,-201.0,1576.9576,558.2402,-201.0,2648.3408,548.54144,-201.0
0.9505172,4.916243,-2.3592982,0.021470934,-0.0073562595,0.2924619,-10.516364,7.0704727,12.036415,-0.54635185,0.0,0.0,0.0,0.0,0.0,0.0,855.78,718.99677,-201.0,1867.3682,454.5104,-201.0,2968.5684,615.47107,-201.0
1.0144063,3.379976,-0.48981166,0.03396323,-0.0125218285,0.3572484,-8.046264,9.589116,13.913231,0.9557519,0.0,0.0,0.0,0.0,0.0,0.0,1233.6123,301.02982,-201.0,2232.633,519.30133,-201.0,3287.1768,639.72296,-201.0
1.0214137,1.6996835,2.3788402,0.030668743,-0.014389433,0.37935314,-6.101454,10.474622,18.328962,4.8877797,0.0,0.0,0.0,0.0,0.0,0.0,1272.5089,220.63802,-201.0,2262.674,585.7264,-201.0,3286.8718,619.0862,-201.0
0.94703263,1.9604897,0.8407956,0.0162043,-0.017036775,0.31550956,-5.5338917,9.2070465,22.667559,12.431145,0.0,0.0,0.0,0.0,0.0,0.0,1239.9027,149.09547,-201.0,2298.8079,587.36017,-201.0,3307.3542,596.69,-201.0
0.8788235,1.7587,0.86227804,0.009381435,-0.014924147,0.25204638,-5.165701,9.971522,25.856842,14.111652,0.0,0.0,0.0,0.0,0.0,0.0,1223.7738,165.128,-201.0,2285.3054,543.58075,-201.0,3319.8557,601.4331,-201.0
0.7719481,1.0914799,1.9013023,0.010940488,-0.014216156,0.22789745,-4.1044426,9.830962,23.671705,12.309449,0.0,0.0,0.0,0.0,0.0,0.0,964.0876,476.49448,-201.0,1998.3807,436.47653,-201.0,3012.1555,624.7404,-201.0
0.623962,0.7380925,3.9892223,0.024993554,-0.012944329,0.19231908,-3.7823334,9.797841,17.810171,8.87177,0.0,0.0,0.0,0.0,0.0,0.0,717.21606,798.9248,-201.0,1699.4257,411.50333,-201.0,2695.8162,648.5889,-201.0
0.4876399,-0.9303513,5.6471233,0.01988299,-0.009973182,0.15889509,-1.0878457,10.420534,11.49503,1.3559567,0.0,0.0,0.0,0.0,0.0,0.0,453.28494,981.80914,-201.0,1450.7588,523.1826,-201.0,2354.6023,588.5627,-201.0
0.3891848,-3.752796,8.0568075,0.023386525,-0.014513989,0.109106146,2.873347,12.261955,7.3975625,-5.1431065,0.0,0.0,0.0,0.0,0.0,0.0,457.0608,970.1546,-201.0,1533.9482,788.8247,-201.0,2316.172,626.8835,-201.0
0.3185505,-6.722157,9.433205,0.017130671,-0.019757265,0.08385452,7.3776326,14.182401,5.7003994,-10.730344,0.0,0.0,0.0,0.0,0.0,0.0,440.8848,1014.258,-201.0,1675.118,1175.1265,-201.0,2176.802,671.42145,-201.0
0.27640912,-11.8986845,17.846785,0.029999232,-0.024516368,0.112980925,15.906943,16.062971,5.2293367,-7.7470546,0.0,0.0,0.0,0.0,0.0,0.0,386.78516,1319.872,-201.0,1508.9692,1289.766,-201.0,2151.007,730.56464,-201.0
0.39694455,-9.034982,15.14919,0.0088440925,-0.019824602,0.1625555,9.334561,21.042894,3.27614,-3.686353,0.0,0.0,0.0,0.0,0.0,0.0,405.73312,1273.4889,-201.0,1526.9106,1155.2739,-201.0,2156.9375,507.15723,-201.0
1.176713,-3.934386,14.26118,0.006813422,-0.0070767053,0.87769526,5.2093444,12.228889,-7.6701818,-3.9721467,0.0,0.0,0.0,0.0,0.0,0.0,613.10455,1262.8766,-201.0,1625.3594,923.61914,-201.0,2576.6763,324.75464,-201.0
2.1611385,3.9454834,7.102646,0.0034461494,0.0026103575,1.3015131,-4.4922895,3.171079,-11.461364,-5.2363167,0.0,0.0,0.0,0.0,0.0,0.0,804.23224,1085.6321,-201.0,1930.8412,811.55707,-201.0,2880.2654,235.12361,-201.0
2.7493627,5.418579,7.5283914,0.03186499,0.005985754,1.8359655,-1.6629196,-8.861666,-15.389427,-8.4000635,0.0,0.0,0.0,0.0,0.0,0.0,791.8763,1087.9553,-133.89827,1854.2832,932.4465,-136.59535,2909.7175,586.2812,-138.35234
2.7501853,3.57475,7.201245,0.041456994,0.0004979258,1.5823288,0.11659312,-7.865105,-9.520736,-6.7476673,34.993267,0.0,0.0,-1.3495691,16.813395,15.641048,587.5516,1001.6965,-67.115524,1636.9312,900.8833,-74.2519,2670.5532,827.77515,-77.542885
2.6546643,3.3678768,9.6324005,0.050769877,0.0006827656,1.8104392,2.6924086,-8.506485,-11.363681,-6.385549,34.79988,0.0,0.0,0.1615897,14.041572,16.412502,473.81393,942.07,-2.8105648,1417.0822,2341.2458,-14.419144,2226.3586,1014.1739,-16.390425
2.5393744,-1.6414131,14.317485,0.047623027,-0.0005127802,2.27519,8.467814,-4.0482354,-6.845854,-2.1533086,34.46091,0.0,2.495347,2.925855,7.7719555,22.727407,691.9966,1011.0511,-9.06615,1665.5201,2273.5305,-18.806763,2514.4895,808.33746,-22.446785
2.2420435,-6.221377,18.849926,0.054704707,-0.0029108562,2.4575417,13.626167,0.82345515,-3.9883668,-2.3037708,34.019047,0.0,2.495347,4.8819375,5.8057733,24.634026,645.7558,1152.816,-13.273359,1610.5498,2302.2295,-20.001244,2446.0266,731.7664,-23.925833
1.7746488,-11.666686,20.133688,0.047424454,-0.008695524,2.0607934,16.160948,9.137521,0.28768244,2.2054555,33.52818,0.0,1.9430348,5.250447,3.326357,25.338266,588.6512,1172.5074,0.0,1623.2379,819.6154,-20.762213,2611.2551,631.6966,-25.270409
1.5513557,-12.671735,20.323477,0.05440596,-0.012334161,1.134766,16.436686,12.0285845,-2.9205177,3.5073643,32.884293,0.05086311,1.6668464,4.5496535,3.4148273,22.28029,333.79828,1192.1774,-0.56296945,1322.2094,815.7482,-22.954306,2297.5562,675.9408,-22.44528
1.4586776,-12.422648,19.238459,0.066645466,-0.014645475,0.67778915,17.108286,12.39547,-2.9230683,6.737921,31.991163,0.046430465,1.390658,3.8716755,6.4874573,21.805902,361.08994,1123.2172,0.34913936,1340.8607,801.18823,-24.963366,2279.9958,683.4047,-21.456764
1.4188938,-12.060149,19.232388,0.06988079,-0.01754812,0.65254426,17.821579,11.337582,0.6043606,7.994213,31.069613,0.03756517,1.666782,4.0436687,11.422703,23.347382,364.99902,1079.8452,1.8786749,1357.4077,735.0735,-26.254288,2296.1453,654.5463,-21.468704
1.3505567,-12.461829,18.929825,0.07340156,-0.015876455,0.7853287,17.803127,11.068527,8.715774,11.0227585,30.282028,0.03756517,1.666782,4.5422063,14.484006,24.062256,350.48926,1066.1923,2.6424892,1374.7797,644.6169,-27.337255,2314.867,584.1233,-21.419764
1.2351798,-13.780229,21.770582,0.060055528,-0.014577095,0.8064086,15.477715,16.680395,14.681506,12.6683,29.779478,0.073518746,1.4046859,3.912309,15.56289,25.75615,327.77017,1056.157,1.8622923,1396.7108,530.09204,-29.845118,2362.8333,498.46414,-23.893858
1.1489264,-13.168061,20.524492,0.05776893,-0.01699915,0.7007652,10.8921385,24.768549,21.131575,5.3507123,29.450735,0.082454294,0.9009964,1.9371605,15.680268,24.636724,294.0081,1104.7028,-0.49835125,1492.6986,436.3995,-30.723597,2375.3015,370.87955,-25.135077
1.1549906,-9.519288,16.2642,0.056383774,-0.018087352,0.64667994,4.319304,32.35278,25.854128,-1.7494351,29.219603,0.07335628,0.76299113,-0.52593046,15.620804,22.276108,239.21095,1174.6357,-2.0843852,1636.4502,318.18103,-30.430708,2291.034,430.92953,-26.758844
1.2075408,-4.3407016,9.745395,0.03400482,-0.020577857,0.60587007,-3.3701296,36.551334,31.10456,-5.1032615,29.120422,0.037321467,0.70423985,-1.8432448,15.715561,19.765009,639.7131,1096.392,0.0,1970.647,465.7544,-87.062744,2624.5933,618.66583,-84.60367
1.2632568,-0.63241136,5.348413,0.01704626,-0.019559696,0.5903112,-10.218989,39.58619,33.42866,-2.2232034,0.0,0.0,0.0,0.0,0.0,0.0,1009.73956,1077.9564,-201.0,2243.7522,779.22736,-143.96515,2969.5403,977.8392,-143.15839
1.345396,2.8095667,3.1232731,-0.0064063165,-0.01663177,0.62801385,-16.42317,41.130116,34.634335,-2.059429,0.0,0.0,0.0,0.0,0.0,0.0,1337.9647,1147.277,-201.0,2500.0159,1020.86945,-201.0,3462.63,1121.2089,-201.0
1.4234723,6.661381,-0.5336475,-0.011104112,-0.010991409,0.71951866,-22.288284,42.685337,37.093613,-2.5829246,0.0,0.0,0.0,0.0,0.0,0.0,1126.1892,1408.2076,-201.0,2521.3748,1042.8899,-201.0,3472.6145,1133.0217,-201.0
1.4824864,11.300357,-4.7387104,-0.0080672605,-0.0057678,0.85823375,-27.120413,42.06878,37.26061,-5.394598,0.0,0.0,0.0,0.0,0.0,0.0,960.0854,1572.2577,-201.0,2591.5398,881.89386,-201.0,3526.8445,1038.5746,-201.0
1.4531702,16.261642,-10.079904,0.00057480886,-0.010083674,0.8935344,-31.018478,39.807148,33.834404,-12.08903,0.0,0.0,0.0,0.0,0.0,0.0,652.04474,1565.8871,-201.0,1979.058,1028.2593,-201.0,3218.0918,892.5069,-201.0
1.444252,20.469011,-15.036862,0.03413113,-0.0131295845,0.8092611,-33.625164,36.12032,28.335428,-19.268661,0.0,0.0,0.0,0.0,0.0,0.0,533.4006,1434.4252,-201.0,1335.4768,1126.288,-201.0,2970.1191,767.83154,-201.0
1.4253635,22.700037,-17.62322,0.024769919,-0.0077998503,0.7414567,-35.023,32.135445,26.122787,-21.612276,0.0,0.0,0.0,0.0,0.0,0.0,445.49844,1305.3639,-201.0,664.0004,1291.4689,-201.0,2674.6907,705.18994,-201.0
1.4358912,21.406118,-16.303915,0.024215741,-0.011109535,0.6534781,-33.08188,31.777359,26.440145,-21.45166,0.0,0.0,0.0,0.0,0.0,0.0,434.63284,1201.4894,-201.0,749.42426,1259.7491,-143.41629,2677.9744,753.09375,-141.5955
1.3873419,17.196405,-11.783786,-0.010720014,-0.011048882,0.6687576,-28.935923,32.533512,26.578384,-14.487317,34.496216,0.0,0.0,1.9997913,19.2826,19.144762,641.53754,1131.0752,0.0,1372.0963,1092.7919,-83.706635,2932.8918,899.1242,-79.922195
1.3205583,9.924528,-4.7436547,0.008778793,-0.019066637,0.62517923,-21.462576,32.909412,25.599686,-7.5718083,34.533047,0.0,0.0,3.8827431,18.70835,22.020945,907.1141,805.3884,-27.029041,1914.6471,971.57806,-22.755539,3069.695,994.3851,-20.536608
1.2282376,-0.59781045,5.8215523,0.037504707,-0.017061418,0.7921594,-8.792815,29.42562,24.228775,0.6660763,34.57785,0.0,0.0,7.3414397,16.577402,22.134375,957.0107,831.7443,-27.029041,2182.2551,724.8289,-18.539406,2912.9758,1357.0441,-17.885914
1.2327471,-10.6522455,15.952995,0.098810054,-0.019560935,1.1595696,4.6671915,24.48362,23.68715,2.6069922,34.587193,0.0,3.772501,9.138762,12.294475,22.431856,699.1721,800.14655,0.0,1871.194,633.2454,-16.210926,2540.9785,1184.0583,-16.910788
1.2530686,-15.833061,21.10132,0.13319491,-0.021975392,1.2025023,15.072993,17.15917,19.300493,3.9652836,34.5646,0.028636925,3.0537183,10.184068,6.842523,19.262102,349.91397,1055.632,5.3189316,1578.3129,524.01025,-13.784531,2275.0386,1055.8107,-13.743762
1.3325086,-15.617772,19.956503,0.14505352,-0.018505776,1.0428177,19.127222,10.52502,13.026488,6.127683,34.5312,0.024050234,1.6899358,10.663461,1.5155324,18.764221,360.57825,1015.47705,4.8324776,1434.807,633.15356,-11.37589,2295.1746,657.02826,-13.931745
1.4324514,-13.165141,17.338558,0.13468863,-0.015098911,0.70220286,21.417742,3.7566042,3.8825123,2.9409802,34.461994,0.014338019,1.0828842,10.086772,-3.0516455,19.835651,352.0936,1117.0923,3.8625462,1351.6992,763.75946,-8.352021,2265.2683,651.023,-15.973104
1.4981459,-12.73087,18.864115,0.11157184,-0.009649385,0.77317435,24.997423,0.9242727,-1.6306826,-2.5357563,34.309193,0.007999012,0.9072222,8.868581,-6.6741624,19.790426,362.89297,1160.2528,2.593847,1299.6503,890.966,-5.4426537,2251.3838,656.44574,-17.196579
1.5140195,-13.228753,22.885933,0.09702293,-0.013981916,0.79869366,24.395674,2.8062258,-9.699222,-9.529675,34.071888,0.0038690995,0.64228845,7.7245116,-8.816757,19.700853,361.62216,1202.3643,1.4907583,1253.0948,954.465,-2.6068172,2269.0745,665.024,-18.210096
1.5223966,-12.983251,24.009584,0.07411348,-0.022322893,0.78945416,19.3867,8.645672,-15.850469,-12.920876,33.833557,0.002526574,0.72011524,7.55966,-9.596244,20.400797,609.2541,1138.2903,0.35270295,1580.1544,856.4026,-7.0979466,2661.5408,561.5882,-19.617393
1.5046192,-11.066758,23.883474,0.07044373,-0.03326929,0.69177014,13.716862,14.913643,-24.304632,-17.535013,33.669933,0.0058086105,0.61340123,8.44923,-9.326213,23.008776,856.1696,1064.1425,-1.4082626,1982.4946,774.7007,-13.735657,3071.1453,405.2263,-22.185898
1.4894861,-9.112985,23.331709,0.068543635,-0.034891587,0.6482575,11.906151,18.052658,-26.003387,-20.951927,33.589333,0.00870126,0.6608929,9.707851,-8.538864,27.353594,1108.3687,949.58496,-3.3144045,2375.7307,625.3049,-21.86931,3437.153,300.18185,-26.04425
1.3509516,-11.073598,27.135412,0.081213325,-0.035361174,0.59502083,15.616368,19.592861,-25.0337,-23.270994,33.518185,0.007912419,0.7402587,10.486469,-6.9402785,28.120089,866.1311,1007.01166,-2.0900052,2024.174,737.5385,-21.1425,3100.8203,360.44446,-26.017046
1.2205476,-14.442783,30.649961,0.07788559,-0.032338675,0.46113503,20.444984,18.428043,-21.195993,-22.239958,33.400787,0.005577902,0.6635247,10.776849,-4.7391844,28.180893,611.6179,1119.8175,0.47566286,1590.4503,824.4561,-22.147684,2733.781,472.09863,-25.312622
1.0942285,-19.288332,30.975945,0.08111602,-0.036988184,0.4064552,25.310122,19.195747,-17.813383,-20.304964,33.230755,0.002442943,0.54458976,10.794662,-2.2922904,27.757318,362.78006,1221.2397,3.470726,1157.041,937.35376,-18.892675,2370.418,469.34256,-24.286596
0.9818657,-22.306076,29.131628,0.07266415,-0.043624014,0.34254792,28.52745,21.98117,-14.980164,-19.678938,33.036366,0.0041232505,0.5743883,10.845986,-0.1050655,29.639349,337.45248,1369.3789,3.673488,1093.043,992.2129,-20.179178,2315.553,445.9578,-25.539236
0.90222,-24.571783,25.916544,0.07858535,-0.049925532,0.38047466,29.494932,26.871851,-10.162171,-17.941057,32.840088,0.0048393486,0.5034916,10.673565,2.099754,34.951916,496.0957,1316.6669,0.0,1432.4437,798.99567,-21.638227,2636.206,427.9653,-29.897589
0.83932036,-26.426863,26.523943,0.08415007,-0.057496205,0.3115127,29.855186,31.605215,-5.9122014,-19.178093,32.640614,0.006874141,0.38258564,10.258359,4.7895026,40.476593,636.2335,1215.518,-7.514946,1780.8722,623.8851,-28.30211,3000.6758,490.6818,-33.998844
0.81712645,-27.668554,29.073442,0.097854145,-0.06114694,0.279686,29.977243,34.72629,-4.1815863,-18.083181,32.419018,0.007467342,0.41792512,9.747246,8.518921,47.867264,807.3724,995.85004,-8.433661,2176.6423,434.69357,-34.68542,3378.409,558.06177,-39.86786
0.8041027,-29.662195,35.033306,0.11298975,-0.06258226,0.31039405,30.999063,38.056995,-6.1571927,-17.494547,32.124702,0.0072814687,0.5123543,9.603446,12.554446,51.871387,807.7016,978.72736,-11.047498,2203.6165,507.68546,-38.091003,3417.5833,551.40576,-42.7173
0.74891645,-31.92832,41.363228,0.12443211,-0.058890413,0.41569123,32.403774,41.162502,-7.17014,-11.957603,31.839384,0.007589996,0.6073695,9.646209,15.295854,51.952026,819.75684,1048.1991,-15.42572,2236.778,651.07104,-38.456615,3502.664,656.89154,-42.5221
0.6702037,-33.78078,45.794662,0.114691086,-0.04809669,0.4498235,33.286118,42.04732,-4.904705,-6.579464,31.601439,0.011310245,0.5720714,9.857593,16.687208,48.886215,790.5047,1230.5995,-19.44083,2202.5706,920.9072,-39.22092,3455.9446,966.34015,-40.32552
0.57867473,-35.21532,46.59956,0.12481362,-0.04486611,0.44314113,33.04598,43.515667,1.5034183,-4.9909167,31.5432,0.012601337,0.54649836,9.847419,18.972874,43.158695,759.6235,1257.4272,-22.699633,2146.1038,986.9319,-36.665348,3430.7239,904.58734,-36.53314
0.49484846,-33.30664,42.75705,0.09583036,-0.03648524,0.45908347,30.922607,41.022247,9.576016,-4.0783257,31.627043,0.011727893,1.019509,9.102157,19.061846,38.992893,631.1955,1324.3969,-20.797564,1784.3204,1347.5806,-35.289707,2945.9668,792.5643,-34.919044
0.43368188,-30.114502,37.692074,0.09197458,-0.041247178,0.425734,27.99169,41.591034,14.180023,-9.541825,32.216312,0.007105229,1.3476672,7.1813354,17.274208,33.56757,637.93243,1157.8004,-20.403313,1801.9258,970.6464,-35.103687,2950.705,301.48645,-32.749973
0.38367248,-25.614115,31.62822,0.07221048,-0.040134437,0.35616854,23.893814,40.040417,15.540664,-11.684352,32.82201,0.01127724,1.3616287,5.4692307,13.598567,35.27374,537.5709,1285.7877,-10.948453,1469.3112,1537.2223,-34.67533,2624.8767,449.82364,-34.61958
0.37225974,-22.310308,28.3626,0.0943403,-0.043189377,0.20580614,20.859238,39.61105,12.243633,-17.585611,33.26612,0.014370099,1.4334478,4.715309,11.308937,39.084003,668.22095,1287.3472,-9.43405,1847.4344,1130.692,-35.219772,2966.7249,302.09634,-36.420494
0.3740671,-21.059187,26.823822,0.10389689,-0.03679346,0.17566866,20.286924,35.73402,10.88216,-16.322977,33.231976,0.02048836,1.0775484,5.1861973,9.124635,44.690125,660.67365,1387.8975,-4.908745,1799.0787,1309.9757,-30.203926,2909.6848,313.74637,-38.202747
0.4812385,-21.992317,29.64006,0.10232508,-0.032861803,0.41456437,23.665703,29.875198,6.393505,-12.963871,33.129276,0.03318031,1.0943711,5.8577323,5.0999107,41.5923,632.9296,1300.3988,-3.472678,1847.4877,832.69336,-23.48275,2838.3955,305.684,-33.668858
0.71116704,-23.754618,30.76267,0.10589061,-0.033872094,0.8297519,29.31073,23.326752,0.25788626,-9.103646,33.081284,0.058341116,1.6942619,6.226848,0.57095355,33.188377,465.17798,1326.8024,2.2655606,1444.9609,947.61554,-13.681004,2498.4836,432.4734,-25.532408
0.9161121,-23.784418,29.612669,0.08952274,-0.040629033,1.3395591,33.123775,17.440573,-7.32834,-10.359445,33.00464,0.05563582,2.1036172,5.919262,-2.692993,22.874186,344.37402,1354.8536,6.765222,1138.9336,1054.1156,-4.850187,2197.5564,545.8608,-16.108961
1.1092893,-20.704607,27.475489,0.08372339,-0.039954964,1.3503739,33.89601,11.049994,-14.17704,-12.478916,32.9138,0.0412522,2.6155422,5.312855,-3.8730361,15.513234,324.19913,1436.1569,6.1631875,1101.1609,1072.1578,-1.9019076,2179.7761,539.01465,-9.350047
1.1726834,-14.025611,23.288664,0.05481636,-0.032800063,1.2676334,31.726038,2.9036741,-17.981628,-11.141025,32.83833,0.013855805,1.7129474,5.062189,-3.3222406,15.347743,584.653,1310.3834,2.7185442,1431.7489,960.5336,-1.3341721,2495.7346,556.8743,-9.22736
1.2824959,-7.9828143,18.234865,0.04938079,-0.018212698,1.0151869,28.445185,-5.12143,-17.616573,-4.007897,32.79945,0.013057143,1.5223211,4.8927155,-2.1810029,17.290842,836.1203,1175.5966,-2.3043678,1781.1525,852.63995,-1.874373,2826.988,682.8902,-10.965469
1.3422822,-4.660602,12.565028,0.04643626,-0.013199796,0.90379995,24.011717,-9.273092,-10.447434,0.3753082,32.76811,0.008731118,1.3167869,4.299013,-0.06807963,18.2466,782.6705,1164.9781,-6.4880457,1813.4652,754.8449,-6.951814,2849.7366,668.03595,-11.6692
1.4504277,-4.8315597,8.69229,0.057862233,-0.014265078,0.7592395,19.080847,-8.947097,-0.70729333,3.4204245,32.72652,0.008197947,1.3584045,3.6356726,4.1171966,17.94433,451.85135,1279.6144,0.0,1555.2344,763.4492,-13.672603,2541.4355,719.8621,-11.224288
1.4737635,-5.880802,8.324936,0.07424981,-0.018698312,0.6817496,14.871856,-4.8591857,6.742275,7.121208,32.69879,0.005033914,1.0454239,2.999551,10.784846,18.738586,167.03294,1376.2872,0.0,1326.2039,746.37384,-22.869606,2234.198,763.6965,-12.551239
1.4478761,-7.086657,8.559377,0.08409312,-0.01839119,0.86792994,11.839694,0.8492643,16.604467,10.889203,32.813633,0.027407393,1.0501785,2.5923166,17.882566,20.661993,166.44823,1342.6481,0.0,1404.1973,577.5218,-26.61265,2307.885,869.87714,-16.711777
1.4600214,-8.326641,11.647492,0.075440384,-0.014280002,0.8193373,5.7664437,12.296729,23.854033,11.235499,33.015583,0.03725352,0.88578796,1.3095075,19.637108,19.585152,223.73003,1195.316,0.0,1477.3917,437.03564,-28.369902,2414.7983,865.14496,-20.377542
1.4280672,-8.746812,13.262494,0.07057477,-0.015253606,0.97138375,0.46612453,23.02368,30.40383,10.251948,27.412071,0.047973488,0.982281,-2.4546337,12.071163,18.810686,252.33606,1036.7919,0.0,1525.8268,304.46585,-18.431654,2506.9592,740.88525,-15.232689
1.411283,-9.516675,13.847461,0.06912555,-0.015133403,0.8280441,1.1061255,24.517645,28.169851,11.267345,20.616213,0.036680497,0.6941762,-6.2510524,4.0380306,23.73925,709.41144,826.16327,6.027391,1833.9259,737.0192,-9.903768,2727.7324,804.3388,-11.006576
1.5832916,-11.001903,17.381313,0.056711394,-0.016343385,1.8372139,11.691573,15.18232,19.115236,12.36226,16.168404,0.178205,0.464318,-8.519059,2.3336518,29.582367,659.7581,1140.1138,6.027391,1746.2959,1041.6958,-12.19841,2657.671,990.6272,-15.122932
1.6123842,-17.210434,27.238846,0.03445055,-0.022216922,3.1476326,26.677362,10.382413,11.958566,9.9996,17.25733,0.31972948,0.23445983,-6.294235,6.428369,33.308582,902.59357,1366.6171,0.0,2025.3232,1403.6943,-25.835894,2851.791,1206.914,-27.322397
1.4978714,-22.928972,35.647694,-0.015208119,-0.024053568,4.2407136,32.082245,13.497406,10.808116,9.922002,19.398745,0.461254,0.0046016555,-2.5793345,8.284709,31.87435,502.38486,1664.3724,-30.95614,1676.1317,1341.1349,-38.137432,2587.2502,1091.1498,-38.533234
1.1638818,-27.516388,38.984097,-0.056700636,-0.028711708,4.2558107,31.892782,22.447641,17.763924,9.484479,19.043844,0.461254,0.0046016555,0.16178413,6.8087687,26.69516,699.7612,1636.2212,-30.563614,1944.9126,1159.2684,-40.17349,2986.4124,754.3784,-36.195248
1.0449581,-27.792318,37.124065,-0.08877265,-0.027274122,3.3776786,25.783895,25.456469,20.491114,10.621466,18.20207,0.461254,0.0046016555,-0.6645673,7.609405,22.432825,623.8698,1604.3184,-27.903496,1829.9272,915.28595,-38.18967,3059.8904,426.14328,-30.709726
1.175043,-24.558344,33.029488,-0.09724772,-0.028230464,2.6385672,20.566603,27.529005,20.953909,5.578793,16.576796,0.461254,0.0046016555,-5.11994,9.194716,22.277689,638.6573,1504.4769,-25.860971,1914.3121,769.9231,-34.67099,3191.3066,243.80896,-27.415937
1.2962937,-21.813957,29.733103,-0.093888976,-0.02727224,2.245396,14.805276,29.481821,22.762215,6.278445,14.998689,0.461254,0.0046016555,-8.971719,10.13331,24.196867,505.0507,1274.3154,-25.010313,1760.861,665.1958,-29.626627,2951.347,286.18515,-26.232445
1.473402,-15.948932,22.501356,-0.090134405,-0.023558743,2.7527428,9.136486,30.917337,21.537773,2.5081944,14.161847,0.461254,0.0046016555,-9.630034,8.680745,26.256445,354.26956,1170.4952,-25.16304,1581.3324,700.3879,-25.541296,2695.254,255.12105,-28.000055
1.5386353,-13.444417,19.428558,-0.08570639,-0.026046364,2.666789,5.7438965,34.23043,19.339651,2.015635,14.113548,0.461254,0.0046016555,-6.7872014,6.9597335,24.754725,365.86765,1116.7408,-26.081846,1678.329,770.6448,-25.545607,2563.4744,290.82846,-27.685453
1.5700903,-9.912202,14.524811,-0.07265977,-0.027320735,2.3255556,3.2734861,34.947163,13.932953,-1.5066007,14.097275,0.461254,0.0046016555,-3.7448032,5.0973873,26.223719,378.1016,1160.4403,-25.126947,1658.1934,986.0142,-25.645723,2476.65,189.73918,-30.951754
1.5028464,-10.877137,15.272378,-0.0712995,-0.029500438,1.3355125,3.1860857,36.78696,9.537758,0.6857376,14.07798,0.461254,0.0046016555,-1.3596495,3.4484625,26.133102,383.72775,1125.6439,-24.111403,1648.0645,992.3079,-26.217094,2539.132,141.56065,-32.150436
1.3907385,-12.787242,15.372863,-0.07538161,-0.03183587,1.0714245,6.3192863,35.870476,8.864747,1.6903206,14.056496,0.42290983,0.57381755,0.25897467,2.2027571,25.911879,382.5217,1088.8458,-22.56341,1525.0302,869.7496,-24.26207,2717.2607,123.10769,-31.849386
1.2612752,-15.468701,18.02072,-0.084465444,-0.03152592,0.8142602,8.524969,37.34525,6.775013,4.5951653,14.034833,0.27014524,1.0566944,1.1222749,1.1560483,23.15936,398.26025,1058.9459,-21.584229,1562.2216,818.7798,-22.783846,2836.6318,1267.8951,-28.057375
1.1382416,-17.096333,20.562561,-0.06755747,-0.03178033,0.7900779,12.219311,34.610584,7.976873,5.052584,14.023488,0.17459086,1.5395713,1.5287584,-0.2989944,20.579638,394.458,1100.2181,-21.120348,1548.058,865.63654,-22.263077,2747.3616,1650.9766,-25.131094
1.0595645,-18.425713,23.501236,-0.056107488,-0.028085545,0.7654534,15.3318405,31.644873,8.055747,8.05005,14.015006,0.0,1.0393581,1.3772243,-1.730393,17.845991,392.79068,1154.6287,-21.13408,1538.2523,926.1741,-22.148659,2628.0159,1899.2714,-23.140045
0.982086,-19.243263,25.18429,-0.0515409,-0.026992457,0.7996936,19.41991,26.489563,8.479931,8.443962,14.000744,0.0035073697,0.62548417,0.8266596,-1.7570491,17.453587,387.3254,1142.2936,-18.597282,1465.2076,956.8748,-22.684027,2483.2903,985.53107,-23.029604
1.0114855,-19.468922,25.747498,-0.05064234,-0.025586009,0.7428233,19.359264,26.414438,9.118255,10.017751,13.960137,0.0,1.0468477,-0.25290772,-0.68809146,19.173548,384.77954,1098.287,-12.728681,1456.32,888.51465,-22.894455,2475.3918,769.1968,-23.615747
1.1644573,-17.059725,22.505503,-0.044161897,-0.024329564,0.7746089,14.359813,32.43117,3.948003,9.708405,13.94949,0.0024768785,1.2502944,-1.5012792,-0.07139286,20.760052,379.10678,1032.2455,-5.248604,1437.9701,765.3945,-21.71045,2625.1067,551.98505,-23.470772
1.315009,-14.698682,20.115662,-0.034334075,-0.021016097,0.7539995,9.028893,36.94785,2.3378615,7.2812347,13.919126,0.0024768785,1.4537412,-2.344349,-0.03832181,22.035395,364.63638,1084.3564,0.32943964,1459.71,787.23663,-20.059607,2760.8904,365.0267,-23.544855
1.3996859,-14.778012,18.98931,-0.029304529,-0.01858671,1.069234,10.890849,35.08037,5.2837253,4.5400534,13.932381,0.0,0.77678925,-2.4785209,0.65847635,21.25968,360.38074,1126.1792,1.5777239,1452.9229,811.8872,-19.393213,2815.557,483.6481,-22.251451
1.3356248,-15.818845,20.105394,-0.018127734,-0.015947975,1.0967058,18.179842,24.321848,12.084714,7.2404313,13.91335,0.003989015,0.73162794,-1.7219949,2.1102362,23.805283,355.93137,1166.9547,-1.1302236,1418.7135,857.14984,-20.790762,2578.6843,558.4323,-24.708445
1.1920153,-18.163347,23.044775,-0.0018519306,-0.015196922,1.333639,26.31494,16.782953,14.559215,11.854675,13.944481,0.003989015,0.68646663,-0.7406175,3.1585224,26.261862,361.23047,1192.5944,-6.494043,1370.7391,907.82916,-22.962534,2371.3264,831.27057,-26.8646
1.0198444,-19.849161,26.774317,-0.00612547,-0.018559022,1.0825747,30.471985,15.359016,13.935946,14.1756935,13.98637,0.0035921298,1.3556638,0.33941862,4.003514,28.81916,393.04745,1264.5682,-5.8997617,1449.4233,975.29083,-23.005587,2458.5486,793.7158,-28.788706
0.8765409,-22.136185,32.468845,-0.01881365,-0.023700252,0.9747429,32.598484,17.589216,11.987259,11.534095,14.030636,0.0033936873,2.024861,1.154098,4.567373,27.238462,424.66678,1383.5737,-3.268898,1557.1854,1714.1185,-22.606142,2291.573,992.7078,-26.392746
0.8250862,-24.050308,34.30698,-0.039548144,-0.03129409,0.70561886,34.438335,19.557783,13.610042,9.149996,14.04383,0.0,2.2291825,1.8941604,4.770927,25.642385,466.8495,1404.5848,1.630342,1646.8068,1673.9619,-21.980247,2462.5588,887.0202,-24.588331
0.8081209,-24.520746,32.422035,-0.05264653,-0.03217784,0.60147357,36.015347,19.078844,14.486173,11.119675,14.020679,0.007494516,1.4101582,2.1414483,4.0758553,26.850616,507.72974,1441.8657,1.567351,1669.8785,1655.0277,-21.653421,2412.0828,829.16016,-26.159071
0.7962486,-24.446539,29.943521,-0.031143209,-0.03688221,0.7148135,37.233234,17.488901,13.896164,11.622448,13.995095,0.007494516,0.59113383,1.8836805,3.1879718,26.057287,584.08685,1393.8793,-4.728746,1693.474,927.1679,-20.884132,2758.4082,611.4345,-25.761133
0.77899534,-24.766779,29.829933,-0.032198325,-0.03908047,0.7511711,39.40312,15.313923,16.170492,12.818616,13.971164,0.0,0.36675045,1.3033456,2.8188426,22.645819,655.1945,1341.7399,-10.455265,1741.1937,830.813,-20.308344,2786.076,597.2742,-22.169205
0.8010294,-23.922445,30.533081,-0.029227948,-0.039785575,0.7215257,36.886433,15.597224,17.640768,10.110307,13.985364,0.0007325634,0.49651566,0.62288237,3.069662,19.705797,607.6699,1278.7775,-10.47366,1754.569,806.4932,-20.237093,2509.3801,1518.4027,-18.682621
0.9910348,-20.0945,27.465124,-0.0495771,-0.033666413,0.6705026,28.46315,16.184662,21.255222,5.9003997,14.04466,0.0,0.9568011,0.20972084,3.5370748,18.339987,492.8767,1235.0516,-8.94438,1702.2621,756.02246,-20.969904,2385.4314,1592.4713,-16.68035
1.1903967,-16.003038,22.414465,-0.036306914,-0.026626332,0.7706728,19.318766,18.61447,23.963274,2.3153226,14.11811,0.0015777545,0.86908895,-0.044098128,3.1977913,18.445852,378.35403,1193.3009,-6.7282195,1669.9547,761.6355,-20.546122,2213.1138,1583.437,-16.669027
1.3188955,-12.902481,18.39492,-0.028564995,-0.021856597,0.8663915,13.870728,18.685648,26.627249,2.1271484,14.164004,0.0015777545,0.7813769,-0.9157658,1.0085932,15.641641,354.5217,1115.4928,-8.586797,1638.1923,637.86505,-20.59224,2369.8489,737.14716,-14.31797
1.3848854,-12.9250765,17.17219,-0.026878161,-0.026903808,0.8495328,11.969322,22.718618,27.778496,3.1841848,14.186191,0.0,0.63136125,-2.9516802,-2.379295,15.329165,363.0886,1036.671,-3.8944833,1675.1989,480.4242,-18.670912,2391.9705,806.92505,-14.55421
1.4638143,-12.021072,17.186144,-0.02693075,-0.026277551,0.7819558,8.827504,25.365822,23.663874,4.79969,14.136501,0.003697382,0.8746026,-5.272618,-4.9470105,15.538451,361.8965,1008.7639,1.0137931,1671.3754,400.35593,-16.837694,2368.292,847.6962,-14.999638
1.6218896,-13.372659,19.003408,0.0002585811,-0.030824997,1.181516,8.84386,28.102882,16.392492,0.4023145,14.08472,0.003697382,1.117844,-7.35688,-5.91192,15.505302,354.34036,1101.788,4.857079,1542.2944,608.72784,-12.693522,2385.9426,639.3636,-14.990722
1.6894859,-13.992638,20.862614,0.017514842,-0.02584617,1.8548285,12.682327,23.927042,7.4142976,-1.057628,14.110782,0.0,1.0928688,-7.4448776,-5.4608574,15.064114,357.15335,1212.0011,6.9236255,1448.225,915.2756,-9.985812,2376.5051,592.1047,-14.739657
1.7706013,-15.3516,21.577972,0.022616787,-0.032328572,2.2207234,18.567238,19.674864,2.2869432,-7.231423,14.169067,0.0,1.0928688,-6.0820174,-5.0508533,14.543185,368.72437,1220.3141,7.378779,1324.1681,1048.5775,-6.8263016,2439.87,495.29178,-14.5373955
1.7329928,-14.083511,20.919962,0.019613924,-0.02666167,2.105471,22.575178,12.727139,2.3201542,-8.028741,14.198184,0.0,1.0928688,-3.8502305,-4.526177,15.551425,331.9269,1306.4664,7.278847,1304.9231,1014.867,-5.862406,2453.7742,654.2199,-15.572197
1.6823078,-13.859924,20.272718,0.014694679,-0.02570269,1.5247103,26.147995,10.940979,6.735428,-10.690646,14.1088705,0.0,1.0839691,-2.2754858,-3.98835,14.837182,545.1819,1254.1371,2.4814305,1561.0824,885.553,-6.971075,2729.4072,493.64566,-14.520749
1.6974916,-12.543693,23.36058,0.023704939,-0.018202962,1.669926,26.766022,7.1585383,4.2918983,-11.997842,14.0448065,0.0010636403,1.0750694,-1.9560696,-3.283364,13.050362,529.837,1303.5265,1.4248236,1544.7338,870.2844,-7.9644914,2738.723,537.85486,-12.191785
1.8049116,-11.941117,21.762207,0.008324434,-0.017799364,1.7144495,25.701868,8.295841,3.9859684,-9.120114,13.971948,0.0,0.85753804,-1.9377794,-2.6321094,10.082168,580.43243,1130.9098,0.55098695,1572.2305,782.2522,-9.61572,2724.047,456.36475,-8.958718
1.9201183,-11.676982,20.958765,0.004708435,-0.019874485,1.952048,23.03829,7.5667496,3.4045563,-8.092961,13.882716,0.014539245,0.71011066,-2.6046436,-2.067744,8.591905,374.44113,1071.6865,4.312857,1302.6099,778.4199,-10.044015,2431.8826,480.80557,-7.583385
1.9168606,-11.789424,16.807913,0.0022346077,-0.025825584,1.548314,21.431847,7.179089,10.218392,-5.8419,13.881814,0.014539245,0.5626833,-3.3300571,-1.1692095,9.133086,387.0177,977.9331,4.4291983,1363.8179,683.80475,-11.982724,2402.5588,477.30237,-8.316724
1.8756801,-12.11687,15.839058,0.01279142,-0.0328916,1.3771008,20.721766,7.2586493,15.126778,-7.708039,13.98338,0.0,0.6238874,-4.2706857,1.0241369,11.3960085,387.4576,951.4509,4.8090577,1427.268,652.8454,-13.768676,2375.7053,547.6055,-10.547238
1.7954879,-11.239371,13.374442,0.025425285,-0.034830242,1.2591735,19.814917,6.616095,19.317572,-10.171674,14.128863,0.0,0.6238874,-5.0055237,3.7844448,13.752354,378.3574,990.12695,5.4853063,1488.4142,641.6563,-14.7625475,2357.0647,658.1421,-12.681277
1.711116,-10.946336,12.398689,0.014289119,-0.034518767,1.2656571,19.635698,8.518383,23.154602,-10.66328,14.127086,0.0,0.6238874,-5.7383437,4.755854,14.260238,374.03687,1073.56,6.3380647,1526.2855,768.4455,-15.657655,2308.8044,737.91724,-12.983528
1.6536471,-10.02964,10.949185,0.009060312,-0.03333868,1.1117378,18.0495,10.548572,23.646164,-13.248393,14.09911,0.0,0.6238874,-5.8317566,3.260842,13.09798,372.59402,1124.9218,6.6053205,1565.7744,874.26953,-15.358882,2294.956,790.18304,-11.655833
1.6538087,-10.816173,11.258087,0.023618644,-0.033713866,1.039282,18.026419,13.629173,23.591623,-13.727504,14.068329,0.0,0.6238874,-5.4233203,0.9392945,11.803685,376.93814,1085.6122,6.181705,1565.5293,823.34406,-15.577019,2358.7017,710.36346,-10.27429
1.652861,-10.869728,11.396152,0.027398074,-0.03270046,1.0038835,17.387434,14.888331,22.420593,-12.277805,14.025886,0.0,0.6238874,-5.1601577,0.45682588,10.582379,378.64285,1000.99725,5.301576,1554.1064,645.9191,-15.939229,2430.1843,601.08295,-9.172351
1.6459755,-10.906283,12.279012,0.013434727,-0.03232725,0.9969347,17.125269,14.397382,20.969002,-10.811237,13.817139,0.0,0.6238874,-6.0245914,3.1259634,8.912812,384.57166,945.66315,3.9116852,1543.2344,534.305,-16.45027,2445.4268,548.17975,-7.885427
1.6408291,-10.851382,12.693173,-0.008616606,-0.02933246,0.9568238,17.508717,13.020569,19.450813,-8.094232,13.912347,0.0,0.6238874,-6.2655106,5.9280257,7.373236,385.69214,965.6468,2.071321,1529.9586,603.8758,-16.09936,2379.0007,570.2781,-6.566462
1.6804224,-11.033284,12.137153,-0.009177841,-0.03062656,1.0313114,18.810915,10.963721,18.80552,-8.432103,14.015634,0.0,0.6238874,-5.487025,5.9775124,8.105509,394.03235,962.7331,0.6067936,1538.6846,700.1831,-14.836783,2310.2678,622.1809,-7.091236
1.6974163,-11.284808,11.265689,-0.0013623625,-0.029582882,1.0551368,20.799444,7.7729516,18.22949,-6.50722,14.1779375,0.0,0.6238874,-3.7967968,3.849839,12.46918,390.5344,1014.1257,-0.37595272,1491.8356,803.2822,-14.24062,2281.3584,608.45026,-10.765938
1.5927645,-11.522054,13.223926,-0.0030691226,-0.025098076,1.1473175,22.839342,7.3377357,13.576032,-4.9331794,14.045578,0.0,0.6238874,-2.4158988,2.0357625,17.284111,371.04382,1162.3688,-1.0652184,1387.168,907.03485,-15.0098915,2276.0256,591.42267,-15.218407
1.3820664,-14.157147,17.898184,-0.010546844,-0.023697393,1.1530534,26.654425,9.0715685,10.178022,-2.4717212,14.010353,0.0,0.59752774,-1.1967216,4.3927903,20.160757,380.66708,1339.5524,-1.7640038,1299.3224,1219.8145,-16.25568,2220.5745,737.6213,-18.434458
1.1633271,-16.636154,23.274988,0.0025743141,-0.025505073,1.1864847,29.974985,10.442866,7.274118,-1.1264267,14.011059,0.017756943,0.57116807,-0.26907566,6.317051,20.763266,425.73166,1592.4755,-2.3089302,1112.2734,1781.3447,-12.866215,2106.7666,893.78046,-19.627893
1.0169736,-18.354963,25.20156,-0.005402084,-0.031572234,0.96316236,32.595066,9.57983,9.612119,-0.22983158,14.0022955,0.0,1.1000966,0.24228741,7.0572143,21.72078,451.30103,1803.4781,-2.397232,1055.3853,2112.2334,-12.763503,2024.1637,1110.0182,-20.741587
0.95519423,-18.91786,25.065483,-0.0005298387,-0.03409885,0.7418132,34.08199,8.557496,10.654716,-3.0304148,13.992203,0.0057173143,1.6553849,0.46158502,5.3565392,22.66126,564.96185,1826.9336,-3.110452,1300.3994,1871.3545,-15.461182,2390.217,1012.8494,-21.525522
0.9240391,-20.246687,25.67269,-0.016287053,-0.035834815,0.57696855,36.621048,8.826081,13.215659,-9.264997,13.997081,0.0,1.5690455,0.7160268,4.054768,23.475952,669.4453,1666.6523,-3.8546531,1677.2544,1450.3715,-22.936415,2749.6472,904.5674,-22.320253
0.8974305,-21.61193,26.072302,-0.017110324,-0.037025183,0.64974403,38.664234,9.825059,16.302834,-14.50414,13.974426,0.0071192803,0.9800585,0.18669026,3.6577225,22.14594,669.2347,1515.526,-3.245993,1698.6,1253.4274,-22.016272,2821.9355,822.80133,-21.016434
0.8582756,-21.353058,26.645887,-0.013556371,-0.03519516,0.72817135,38.873356,8.980033,17.437984,-16.870167,13.988194,0.0071192803,0.39107156,-1.3874874,3.7633312,19.755907,499.5376,1623.4331,0.73803633,1377.5736,1395.8873,-15.391404,2494.8,856.38324,-18.176355
1.0265628,-18.087397,23.53449,-0.013885287,-0.034200367,0.85406226,30.556122,12.948059,18.594233,-13.570674,13.985767,0.0,0.4437121,-2.4902759,3.8875751,17.830864,356.0067,1511.6401,-64.72475,1293.9283,1345.6149,-73.60365,2211.119,836.51514,-77.59283
1.295365,-13.5929985,18.596231,-0.004705274,-0.03245412,0.82691956,21.402939,15.843544,19.559357,-15.167298,0.0,0.0,0.0,0.0,0.0,0.0,360.93118,1355.7583,-131.49825,1596.6278,1025.9706,-135.73299,2133.9958,1347.8295,-138.34706
1.7174721,-7.5648246,14.412476,-0.012311433,-0.018485015,1.0118656,12.147865,14.677712,13.331471,-10.877645,0.0,0.0,0.0,0.0,0.0,0.0,588.3013,1021.1945,-201.0,1957.62,813.4927,-201.0,2454.9749,1174.0111,-201.0
2.4338045,-3.125014,10.723965,0.00030710362,-0.00736195,1.4605671,9.271947,7.154239,4.8734136,-8.7958145,0.0,0.0,0.0,0.0,0.0,0.0,754.278,1145.6072,-201.0,2062.8289,832.59784,-201.0,2773.763,1108.8776,-201.0
2.8998706,0.44164363,9.466859,-0.00045439307,0.0049220044,1.8575486,5.570912,-0.18669128,-5.057204,0.056935627,0.0,0.0,0.0,0.0,0.0,0.0,795.74615,1010.7059,-201.0,1937.0743,971.19165,-201.0,2956.662,994.4899,-201.0
3.193881,1.1080236,10.087589,0.0028250823,0.0014393694,1.9755168,4.9240766,-1.9948562,-6.8358727,3.85857,0.0,0.0,0.0,0.0,0.0,0.0,661.97406,1062.7971,-133.2677,1728.1276,1223.0381,-134.8832,2610.472,1296.3895,-136.70755
2.7455378,-0.9306435,12.682063,-0.018913576,-0.0020967314,1.8040482,7.1181145,0.593178,-5.6433964,4.9744964,25.916647,0.0,0.6680298,-4.4435434,9.648718,16.123894,520.3577,1117.7098,-67.00712,1398.6821,1255.2963,-67.80964,2315.0256,1373.7714,-74.51751
2.4009836,-3.2224476,14.809592,-0.0081548,-0.007032264,1.6395806,11.606729,2.981737,-7.1559787,1.1002606,25.944147,0.0,0.6680298,-5.383494,10.188084,17.657251,446.14932,1319.7196,-1.860692,1250.7212,1278.6671,-0.40367684,2209.799,835.44916,-12.523475
2.084043,-4.9824014,16.59858,-0.0028965136,-0.008758769,1.4657339,16.69985,4.836752,-9.852448,-2.042557,26.055695,0.0,1.2469611,-7.0635834,10.739228,19.727928,394.63016,1394.7118,-4.4414563,1152.1554,1093.1466,0.32633543,2265.8508,638.98096,-14.021709
1.9759926,-3.1719112,16.582508,-0.006958132,-0.00028054882,1.4960123,19.151237,-0.018336773,-13.500081,-0.1710852,26.15547,0.08504274,1.8258924,-7.0820384,10.432764,20.51032,390.30856,1192.9854,-4.881192,1215.6709,951.3533,0.6718429,2293.8064,611.0583,-14.767494
1.8777227,-2.8083055,18.485588,-0.027656004,0.0023111093,1.5314449,22.445536,-1.7639467,-13.656155,0.6298211,26.201912,0.08504274,2.4048238,-5.344642,8.681155,20.666248,428.06396,1104.2754,-3.5241528,1234.7997,927.56464,0.8125265,2320.985,618.6197,-15.317992
1.7465259,-3.059149,17.366812,-0.032713134,0.002639616,1.5587372,22.077581,-0.5741175,-11.686973,-1.4525386,26.141281,0.08504274,2.4048238,-2.672197,6.5681653,22.192774,437.3444,1094.9171,-1.9970102,1225.1396,929.4214,1.7028507,2346.1372,557.25867,-17.430368
1.6838808,-5.0094075,17.983408,-0.010077585,-0.00669929,1.2226523,22.94798,2.7067013,-11.02959,-8.796527,26.05004,0.08504274,2.4048238,-1.8825098,5.9685655,23.616241,416.75388,1147.2937,-1.6567715,1202.6818,915.16425,1.9247731,2368.8508,514.24774,-19.304447
1.6762053,-5.295206,17.270592,-0.0105808815,-0.010560889,0.9653444,22.67113,4.3772187,-8.38575,-13.238553,25.980406,0.058977965,2.512748,-2.4597664,7.1441703,23.430643,412.08847,1140.7504,-3.1829777,1189.7582,893.143,1.2963971,2394.6921,434.68832,-19.469452
1.6594607,-4.4655657,16.452393,-0.0137406215,-0.013408647,0.7768245,21.96466,4.613481,-5.573855,-17.893297,21.992636,0.19941354,2.2534237,-3.1376069,7.1272316,22.28891,377.64627,1233.9357,-3.383938,1157.8861,874.4663,0.25588712,2401.4573,353.5946,-18.845034
1.6357312,-3.9898148,16.560154,-0.018090872,-0.014383302,0.85833937,21.905436,6.493089,-3.7598639,-21.719635,17.978813,0.3398491,1.9940993,-3.6378171,5.5242257,23.205378,370.54407,1236.7255,-2.2343934,1143.8901,848.9741,-1.9677242,2436.7747,247.96407,-20.154284
1.5549965,-5.2103677,15.780849,-0.01608055,-0.020077283,0.9743528,21.50177,10.069814,-3.4952,-27.11315,13.996635,0.33955565,1.2809464,-3.3258188,2.4844599,24.204248,363.02597,1259.9498,0.6063926,1126.4508,858.5654,-6.174768,2473.9485,181.8761,-21.403704
1.4532648,-9.500061,17.645996,-0.008988389,-0.029882478,1.1072031,23.775,14.034694,-2.2765887,-29.055925,13.985877,0.25615877,0.9350424,-3.3169346,1.0529876,25.391432,379.44144,1206.2408,2.6848152,1134.3534,899.15454,-10.330293,2503.7927,164.90172,-22.72624
1.2846607,-14.300334,19.79141,-0.010973415,-0.036282342,1.0318714,25.741287,19.445213,0.6177408,-28.408417,14.064731,0.0,0.43987477,-4.374337,1.2140155,22.094862,376.3591,1245.7245,4.368917,1137.0977,959.9107,-12.916228,2532.4119,217.0515,-19.847174
1.1246524,-17.673014,22.270151,-0.013985477,-0.039280817,1.0615543,26.40008,24.145914,6.0275474,-23.697824,13.910573,0.013467362,0.29061115,-6.670261,4.3283653,19.076645,361.2208,1289.1732,5.5064645,1142.695,989.7112,-12.7947035,2526.5203,190.00323,-17.24188
1.0555795,-18.054949,22.71232,-0.001666742,-0.031762276,1.0761614,24.878944,25.264109,6.644167,-20.049147,19.621126,0.013467361,0.1413475,-6.5699344,3.6985416,19.718834,614.5804,1174.89,0.8846213,1598.0348,750.71844,-11.950211,2917.4539,332.2239,-17.176987
1.1208676,-17.001291,21.981653,-0.0025898211,-0.035768088,1.1318761,22.941534,23.722229,9.270787,-20.082148,25.292513,0.013467361,0.1413475,-4.56371,1.1750612,18.22698,791.8525,1174.5582,-1.912778,1996.6523,496.92618,-12.195049,3152.375,530.25635,-15.730378
1.3249085,-16.226759,20.640932,0.0024590548,-0.041862894,1.2321906,22.44721,21.348944,6.8635216,-23.873652,31.146204,0.31651756,0.74189925,-1.0588584,-4.2681117,19.18216,762.9445,1378.1024,-5.8025513,1914.9164,606.97034,-8.573524,3087.681,566.3486,-16.645697
1.4865532,-16.391304,20.426857,-0.001782593,-0.052357543,1.297119,22.921537,20.897469,5.899876,-30.486883,31.072,0.32888737,1.097407,0.47251892,-6.05244,18.93572,684.0867,1422.7943,0.0,1860.9922,579.64374,-11.022367,2991.3145,504.99307,-16.434877
1.5227119,-17.661474,20.783386,0.0087794745,-0.05213249,1.358903,24.635538,22.388937,2.1874313,-29.58401,30.97783,0.33283666,1.2341492,1.1181415,-6.09244,23.417715,503.4138,1458.872,3.0096233,1432.2875,845.5632,-11.301015,2692.1797,305.26453,-19.670397
1.4198469,-19.412,23.209993,0.027461112,-0.050074887,1.2272094,26.262695,21.972685,-0.61009413,-28.206175,30.88383,0.027079435,1.0414337,1.0723977,-4.876722,28.013601,705.4265,1176.0219,0.111542225,1875.8481,584.06744,-21.277407,2963.6658,569.1135,-23.32009
1.3414062,-22.173422,27.726568,0.028193606,-0.05063345,1.0482689,29.277435,24.200005,-3.3338833,-23.678198,28.900314,0.012002646,1.0937623,-1.0769639,-2.7263641,31.9663,730.9007,1193.725,-4.3382154,1923.1464,693.3134,-24.232895,3034.882,868.5944,-27.918411
1.2394599,-24.377428,31.603561,0.02360139,-0.047841057,0.9390461,30.919859,25.84707,-4.0283284,-18.618,23.272223,0.005346352,1.3648562,-3.9847057,-1.0023292,31.414366,742.4482,1222.0757,-5.721749,1950.0248,776.20135,-23.009787,3040.112,1106.792,-27.93505
1.1040648,-25.094095,32.29785,0.023571977,-0.04088362,1.1136657,33.301456,26.045616,-2.1931973,-11.787617,17.678495,0.005346352,1.3648562,-5.688565,3.0621634,29.691015,578.42194,1382.7577,-4.7961793,1610.7397,1028.8431,-17.95933,2874.545,1022.6506,-27.004555
0.92758656,-24.504333,32.070827,0.015159941,-0.033738222,1.2504407,35.392456,22.988968,2.3875542,-3.6833248,14.024344,0.005346352,1.3648562,-5.116583,5.5130405,26.673422,383.38156,1529.2866,-1.8550987,1194.4126,1325.7789,-14.613926,2420.015,1005.27765,-24.05411
0.77790445,-22.759176,29.738152,0.0038343736,-0.03149912,1.2571197,38.304405,15.4845495,6.387734,-2.3390625,14.0414915,0.005346352,1.3648562,-3.7102518,8.51589,28.922585,386.44824,1538.5283,-3.3554485,1210.464,1352.3751,-16.87015,2353.7993,1029.667,-25.97213
0.7082456,-22.11595,29.335222,-0.013571243,-0.031835172,0.86964506,40.86698,10.913741,9.350789,-1.5404371,14.060646,0.005346352,1.3648562,-3.0504677,8.551795,27.731369,389.12064,1818.9424,-3.5612476,1259.4745,2316.5862,-17.149242,1952.7555,1422.1136,-23.722765
0.6685128,-21.95492,29.121836,-0.02152128,-0.031135885,0.7561495,41.501633,8.892368,10.223936,-1.1682216,14.053454,0.005346352,1.3648562,-2.6630836,8.089673,29.869095,370.5623,1939.3165,-3.5458949,1255.018,2361.9963,-16.93164,1971.495,1679.4585,-25.66728
0.6679282,-23.173346,30.886091,-0.015496175,-0.030824864,0.68811756,41.547546,12.199985,10.899823,-1.4922234,14.040076,0.20984213,1.3131008,-2.2396333,6.808596,28.860899,357.00696,2010.8662,-3.8272686,1241.7504,2360.3206,-16.28524,2100.0637,1659.9874,-25.728592
0.7814391,-21.309586,28.294703,-0.018527912,-0.030648177,0.68072724,31.675432,22.66672,5.713676,-1.1423243,13.971337,0.21491063,1.1252841,-2.2314794,5.0264153,30.053,358.53232,1653.8257,-3.9719865,1211.2552,1351.3582,-14.954303,2523.0808,1140.4442,-27.87436
0.88581795,-17.282127,21.429548,-0.022405261,-0.026596406,0.55899704,20.415434,31.09347,0.2905194,-3.779087,13.933323,0.31969276,0.9374673,-2.262225,3.3129766,26.032007,360.76135,1454.8492,-3.0859768,1216.6019,1156.7651,-12.948914,2656.3257,489.04016,-23.338997
1.0207158,-14.474469,16.741652,-0.017719647,-0.028914751,0.62454957,11.37194,36.090603,-5.1356606,-3.4227161,13.931605,0.0,1.4793838,-3.2958784,0.67561597,21.895782,374.41885,1232.5359,0.014161746,1310.8856,1032.4742,-10.753673,2578.3625,427.0691,-18.226822
1.1193606,-13.63161,17.31309,-0.013464245,-0.030203775,0.79735965,11.775027,30.720556,-2.444646,-5.296,14.40132,0.008834541,2.1573617,-4.2292433,-2.736295,17.486643,386.89355,1129.2019,4.2297215,1370.0082,946.9653,-8.282523,2586.9053,470.6796,-13.610034
1.3633937,-12.486911,16.897879,-0.0075164475,-0.031454146,0.93372685,13.454852,22.02215,2.6710365,-6.992676,14.398992,0.0,2.8353395,-6.634337,-5.159546,12.106075,419.0753,1067.2931,7.1607075,1541.1797,942.0726,-6.1598773,2506.706,1125.0254,-9.224004
1.5483202,-12.25592,19.216837,-0.0030182973,-0.02384057,1.3131834,18.070244,15.28748,5.3367805,-7.1425805,14.418667,0.0,2.8353395,-6.8860917,-5.043716,6.9833903,402.66586,1127.4221,3.4179304,1470.142,915.50714,-4.9272566,2486.107,1034.3615,-5.1456065
1.7089357,-11.394116,16.431786,-0.00010078773,-0.018083364,1.505826,22.705803,7.6235633,6.391333,-2.7582495,14.443024,0.0,2.8353395,-7.8372617,-1.6141549,3.6384313,391.24817,1190.23,1.4591122,1425.3011,941.9497,-2.350096,2330.1768,1104.4325,-2.1797254
1.7317709,-10.721705,15.07357,0.013168976,-0.0194527,1.6010329,26.525442,0.72996396,2.4070096,2.50548,14.472961,0.0,2.8353395,-6.0132737,5.92631,3.3565025,379.67648,1125.984,-0.45627514,1293.392,866.82806,-0.86024314,2271.8362,602.9398,-1.5746431
1.8625317,-6.976501,8.852905,0.004500943,-0.023500325,1.2651688,23.94798,-5.5420327,0.89284945,7.2221565,14.453835,0.0,2.8353395,-5.185803,11.20239,4.248645,388.9625,1053.1232,1.5338278,1328.8267,792.18097,0.13095975,2269.2683,608.9953,-2.2022371
1.9841805,-4.9508176,7.6217327,0.003237539,-0.027132822,1.0370907,20.53513,-8.689984,-0.80730104,4.5363274,14.030769,0.0,2.8353395,-4.294369,12.6962385,4.5659065,379.80148,1013.63776,-0.588578,1333.4469,722.5576,-0.60621935,2274.501,587.732,-2.6945965
2.0658529,-4.7240233,8.030799,-0.0063569206,-0.028340673,0.9362194,18.438791,-8.872678,0.8302431,-2.1764207,20.434813,0.0,2.0763276,-2.8963368,2.395272,1.5694965,364.48184,1075.8972,-2.2516854,1325.7944,782.71747,1.5682344,2272.0771,582.4968,-1.484096
2.070741,-4.445053,6.839903,-0.014893338,-0.022753447,0.9561364,16.308897,-8.284755,2.1617208,-6.4408073,26.800684,1.0,1.3173159,-1.6851698,-8.318389,-1.402593,378.2335,1098.9304,-4.874035,1296.1525,849.91406,4.7518234,2266.4807,524.2023,-1.8414278
2.0433397,-3.6226647,6.4187865,-0.012715791,-0.018316755,1.0171579,14.52152,-7.3518586,0.6703524,-12.272682,33.10297,0.669787,0.507338,0.50733644,-17.557737,-1.8016787,634.6956,1028.024,-1.7874318,1597.1093,727.01483,2.9897907,2645.9763,385.83896,-5.0125194
2.0527964,-2.9739532,8.230446,-0.020039916,-0.013494752,0.9870513,14.196889,-5.056602,-1.377508,-13.553487,33.002014,0.34115872,0.57559985,0.9135761,-18.293106,-0.6297086,609.08746,1096.6029,-1.160907,1544.4723,715.34125,2.2484734,2657.2593,343.67188,-7.8864007
2.065975,-2.6861403,10.73856,-0.019510793,-0.012544732,0.8988084,14.067909,-3.6996996,-3.606302,-20.40912,32.91923,0.009814867,0.9635375,0.8115396,-17.15628,1.8396324,559.6441,1212.7748,0.0,1501.4486,726.3055,0.95387346,2665.5166,321.58585,-10.228414
1.9856234,-3.347121,13.249696,-0.01687094,-0.01515991,0.85854983,15.759511,-1.8331227,-4.2376823,-24.907534,32.817684,0.00817634,1.1922685,-0.13924281,-16.353914,3.0839021,239.42235,1415.9564,0.0,1124.3239,906.5141,2.397615,2300.8657,357.82275,-12.195788
1.920096,-3.6278715,14.236844,-0.015205848,-0.020810748,0.91069883,17.948034,-0.9558925,-4.039061,-27.723082,32.758812,0.0052069495,1.406858,-0.7771702,-16.124134,4.9941607,275.1749,1370.2875,0.0,1122.1509,933.3074,-66.19768,2320.2966,335.41147,-76.72592
1.7118381,-5.580078,17.862627,-0.010474524,-0.025744801,1.0826459,21.30604,0.11284435,-6.216288,-27.37705,0.0,0.0,0.0,0.0,0.0,0.0,282.1614,1385.101,-98.65238,1125.0975,976.71454,-69.53775,2322.4905,406.02783,-77.852936
1.5877167,-9.617299,18.673391,-0.014085122,-0.034776855,1.139278,23.866327,3.6464722,-4.861542,-23.061068,18.424904,0.0,0.0,-6.1308894,10.256527,27.88893,505.6577,1285.5507,-69.79397,1481.993,861.135,-75.31829,2616.4968,539.25903,-78.74201
1.4878674,-14.124554,21.80339,-0.019181212,-0.029970547,1.7857088,23.32734,8.547148,1.2349926,-12.181389,18.425089,0.0,0.0,-5.6132793,8.654123,26.308401,772.8156,1262.1222,-9.486275,1882.1769,748.97797,-14.96754,2945.7024,696.9814,-19.02622
1.5650387,-16.45954,22.497551,-0.026982015,-0.027485302,1.8343573,23.201721,11.471744,9.313721,-4.225164,16.882872,0.0,0.0,-5.114788,6.518457,24.48205,802.78564,1191.1182,-14.0958605,1952.9144,751.8298,-20.514816,2943.5256,746.0765,-22.797295
1.4305583,-17.267792,24.780783,-0.038031515,-0.01835645,1.9711633,25.805618,11.051659,16.201078,2.4470422,15.389996,0.0,0.0,-5.59301,4.009089,22.031454,664.1147,1198.8018,-14.794705,1716.9873,941.26514,-23.521797,2670.5178,964.0158,-26.808481
1.2143463,-16.309752,22.339716,-0.032067712,-0.020909676,1.4466501,27.518007,8.245249,16.005201,-3.589182,13.895024,0.0,0.0,-5.700459,64.48881,21.200396,412.48428,1161.0576,-13.3194275,1401.4625,1069.3467,-26.812246,2382.4226,877.2067,-30.779505
0.96072626,-19.085545,25.563065,-0.054663006,-0.021334892,1.8104981,29.96016,8.738889,17.317268,-1.665039,13.968984,0.0,0.0,-5.2148643,65.66163,19.772087,424.09506,1183.7313,-17.072851,1429.4467,1108.4335,-28.820055,2511.1191,920.6675,-33.00658
0.92853713,-21.528292,29.152313,-0.07618466,-0.027546018,1.6746044,28.647703,10.772634,15.832274,0.7427077,14.019269,0.0,2.6562872,-5.805607,65.05691,19.777245,455.136,1221.5747,-15.003033,1513.0381,1009.11786,-27.686277,2682.8733,670.2466,-32.60292
0.96960497,-22.640509,32.397526,-0.099092014,-0.025970958,1.944069,26.830606,11.741454,14.342755,5.049358,14.118332,0.0,2.6562872,-6.7202897,0.9943449,19.02738,464.98532,1214.5858,-10.822175,1562.4995,996.9485,-26.507362,2735.1143,887.0695,-30.484232
1.0070065,-20.026016,31.607824,-0.088874586,-0.024912313,1.2681193,25.206726,9.679175,9.742074,3.0903766,14.148297,0.0,2.6562872,-6.704401,-4.104677,18.798628,560.94214,1325.5137,-6.17432,1672.5516,1107.6366,-23.385374,2840.569,962.7749,-27.66297
1.123435,-17.597746,28.653578,-0.06392432,-0.021463552,1.4442939,23.215933,12.795738,6.9067826,0.66473496,14.130073,0.0,2.6562872,-5.350607,-6.660785,16.606062,529.97876,1275.4225,-2.641316,1584.3966,1212.0099,-20.178064,2692.2832,1133.5245,-22.435293
1.2387553,-18.111748,28.729551,-0.04439038,-0.025461853,1.2850059,24.736902,16.701296,7.0437355,3.8006318,13.957667,0.0,2.2483518,-4.2833047,-7.8888116,14.086444,515.58936,1313.9955,-0.90388346,1566.2023,1258.0682,-15.395523,2586.6545,1068.1083,-17.284306
1.3541981,-17.626675,24.298843,-0.028771466,-0.026448637,1.4483215,25.078844,17.69796,11.523364,11.144189,13.755447,0.086065814,1.8404166,-4.643142,-7.8834176,13.8164835,401.61084,1127.8619,3.085963,1445.2631,996.31323,-10.888939,2353.2983,930.8096,-12.958957
1.3865606,-15.15223,19.685637,-0.022284904,-0.027335892,1.4253759,26.316076,10.4102335,12.602052,13.68028,13.441756,0.0,1.0265061,-6.067486,-6.241663,19.865301,396.7727,1200.7778,4.7459826,1436.9606,1067.127,-6.831552,2277.969,909.2957,-12.07317
1.4374037,-13.232186,17.037468,-0.016379477,-0.028191706,1.2472004,22.00441,12.820325,7.785415,10.393035,13.126786,0.08764715,1.1624647,-7.570709,-4.8708415,24.375093,448.8395,1304.0367,-62.955288,1586.7247,979.71436,-69.85331,2550.693,721.1716,-75.08761
1.682294,-14.311788,22.709436,-0.006396182,-0.028461494,2.2713172,22.524847,16.419405,0.38719955,4.3512473,14.609909,0.08190794,1.2984233,-7.6252675,0.0,0.0,419.56754,1512.2402,-70.5388,1524.3761,1139.9603,-77.57634,2577.779,885.34717,-82.10047
1.6297588,-19.808027,32.954014,-0.009224511,-0.029978313,3.37366,24.545263,25.456642,-0.71565294,3.5781794,16.261772,0.07042953,1.8403572,-4.782154,1.757901,27.535816,588.72723,1470.4291,-83.385345,1775.6837,1108.6285,-88.52557,2866.8066,790.4495,-91.3953
1.5191945,-23.21921,36.891754,-0.02705462,-0.026258951,4.268232,29.454102,23.916433,3.8950746,9.913723,17.998766,0.07042953,1.8403572,-1.515268,0.48011827,25.056519,525.2824,1442.0016,-23.456894,1576.9086,1237.5626,-31.714548,2567.3887,964.6245,-36.50577
1.1612061,-25.34822,35.977367,-0.052936394,-0.028005041,3.5994122,30.288177,23.091139,9.472915,12.642331,17.963293,0.14578669,1.2925806,-0.18652534,1.0266895,24.648695,521.3448,1468.5239,-21.573606,1560.2051,1280.3226,-31.451538,2523.9375,825.65576,-36.81132
1.1059438,-25.220362,34.256397,-0.08056536,-0.021281557,2.650413,29.591805,18.862415,15.831088,14.325189,18.21866,0.13076843,0.70702714,-2.7466872,-62.50969,-39.424213,553.0141,1509.287,-19.568443,1558.4303,1105.1593,-30.512774,2611.072,835.2641,-35.17986
1.1374424,-24.154305,33.212185,-0.08424864,-0.018047998,1.896684,28.48078,15.6713915,20.280687,10.838524,18.365492,0.1609379,0.12147354,-5.345078,-61.342007,-37.24741,724.4238,1540.5094,-23.167633,1810.6094,890.04425,-29.209267,3021.0554,787.4262,-33.508728
1.181516,-24.219574,33.684902,-0.07651914,-0.01822239,2.3282652,27.370768,17.60672,22.86164,10.6979065,18.521994,0.0,0.083696485,-5.4273877,-62.769623,-38.531284,732.1533,1452.5947,-20.324774,1825.268,820.8005,-25.650595,3042.8582,737.9661,-30.34841
1.1828485,-20.691,28.249384,-0.056157663,-0.019080032,2.711523,23.851784,18.946894,20.092117,12.016547,18.286324,0.0,0.083696485,-3.54549,-0.09477457,24.016096,419.795,1651.0552,-18.032507,1478.6919,1074.5138,-20.209084,2631.3093,699.4643,-26.830538
1.1069022,-19.099228,25.844786,-0.039017864,-0.023119504,2.4389079,22.635637,21.10917,18.85422,12.834004,18.139261,0.0,0.8570707,-1.9861532,-2.4141185,22.846292,164.22052,1755.3647,0.0,1162.5272,1302.9664,-15.850108,2202.2507,589.5174,-24.374704
1.0716201,-16.900187,23.518122,-0.03324045,-0.018010732,1.7018865,18.179066,22.85311,17.3097,11.94463,18.021105,0.04445199,1.6304449,-2.3746874,-5.137502,19.599222,418.13022,1675.5923,0.0,1490.8535,1089.2892,-16.874067,2540.7717,480.85852,-19.964275
1.1843209,-15.020524,22.280367,-0.023235703,-0.01826221,1.1359744,13.317811,27.428736,16.880632,6.15888,16.345358,0.0,2.403819,-3.3455522,-3.1243496,16.696611,768.388,1524.0385,-9.989495,1859.5189,698.51117,-15.9674835,2836.0745,423.9645,-15.558284
1.3787848,-11.523492,18.181694,-0.02832373,-0.019280793,1.133049,6.612875,33.42998,14.054795,-0.94215316,14.682006,0.0,2.0693724,-4.113114,-0.014336507,14.354897,841.12134,1319.8873,-10.986037,2046.4113,580.41406,-18.514666,2898.3875,370.68857,-12.661542
1.6295837,-6.8158946,11.831871,-0.025439443,-0.023711808,1.0434772,0.4913249,37.87575,13.156165,-7.010424,13.045872,0.25829205,1.7349256,-3.9591787,4.0102577,14.731773,867.97394,1415.772,-11.993123,2017.6674,562.5593,-18.881277,2853.1897,358.1274,-13.475418
1.7176281,-3.9666517,7.2074647,-0.033421304,-0.023970643,0.7703893,-2.3599787,40.526188,10.859645,-7.393618,13.032229,0.0,1.0997152,-3.242285,4.5884433,16.16275,593.2758,1350.8223,-15.128129,1906.6469,828.31866,-21.391924,2601.281,249.687,-15.714421
1.6909775,-3.5838435,6.47172,-0.0095619885,-0.018095082,0.7756807,-3.4104242,41.094227,8.0201845,-4.4139,13.036265,0.02644629,0.79895157,-2.5163662,4.9275856,15.939136,901.1636,1487.8717,-15.841083,2122.2517,615.4908,-20.644272,2823.831,237.62761,-15.764169
1.5507897,-5.565075,8.626431,-0.019499922,-0.016940994,0.7317553,-1.2112784,41.51758,7.634033,-3.7186124,13.018237,0.0,1.1040214,-2.3931284,4.685902,17.662489,628.69025,1401.041,-18.546713,1936.3478,912.98047,-19.83059,2570.038,349.9647,-18.004965
1.4940481,-6.149145,10.776866,-0.018039785,-0.021733975,0.7604413,-0.6978538,39.600857,6.190511,-4.767185,13.007766,0.009338994,1.1017138,-2.210437,3.4992335,17.316963,629.4117,1383.9528,-19.280104,1806.8636,826.2807,-19.540958,2626.0266,366.7335,-18.82581
1.4377924,-7.326374,11.661567,-0.047972754,-0.029980263,0.7582887,1.2522951,38.269604,9.381944,-6.0306106,13.025126,0.009338994,1.0994059,-2.1028564,2.5098917,18.564493,326.96576,1227.1018,-20.358541,1539.3441,1016.13824,-20.150364,2433.8972,308.8803,-21.217274
1.4133306,-6.241829,9.817039,-0.040305592,-0.035775274,0.77753955,0.6872012,36.17015,10.586938,-7.941124,13.043305,0.0,0.38678256,-2.1128132,2.5300977,19.03151,344.44507,1131.0138,-18.909094,1664.9277,844.3496,-20.828138,2390.6238,148.54828,-21.848444
1.3748528,-6.394989,9.603492,-0.036540125,-0.03583413,0.7235885,0.560952,38.611996,14.072612,-8.578875,13.054649,0.0050823716,0.28230062,-2.498792,3.764592,20.624676,360.6298,1008.03217,-17.175611,1787.3671,684.4585,-21.633736,2326.3896,215.01802,-22.226286
1.3813504,-5.3661175,9.02828,-0.02140487,-0.034440294,0.67361706,-0.5733567,41.059795,16.11879,-9.519736,13.054288,0.0,0.3152776,-2.8257742,5.0509777,22.67256,359.57925,936.7923,-15.935852,1867.9532,501.25952,-22.612234,2300.6975,332.374,-22.543688
1.383174,-5.3075004,9.654843,-0.009802611,-0.030756377,0.6562981,-1.0815703,42.28979,15.397611,-7.0481505,13.047295,0.0008056604,0.4527366,-3.3104928,5.32208,23.631996,350.06656,928.0705,-14.736984,1851.4418,341.387,-23.502161,2317.0254,380.69974,-22.096558
1.3638493,-6.107619,9.728764,-0.020197714,-0.023817068,0.715164,-0.51043844,43.629887,14.312916,-5.4995003,13.081299,0.0,0.91102725,-3.7030106,4.389881,22.091476,343.16248,1020.5195,-11.084344,1806.0819,630.7707,-23.06276,2331.3562,433.36655,-19.773035
1.4116524,-5.46504,8.595572,-0.024232745,-0.024867645,0.7719825,-2.019844,44.148865,11.248135,-5.5678697,13.19826,0.0058936616,1.1204726,-4.411982,2.4617898,18.918459,346.01147,1028.5629,-5.2131915,1845.1803,585.1297,-19.478212,2339.2117,502.90097,-16.141562
1.4008493,-6.237234,9.059312,-0.03935728,-0.024217496,0.75756544,-1.9836775,44.864277,11.87899,-3.8754463,13.4252825,0.0058936616,1.329918,-5.416685,-0.0041849613,15.586113,347.4199,1045.9762,1.6504606,1830.7397,512.1429,-14.602409,2463.8875,975.4812,-12.621598
1.3421637,-7.679241,11.067437,-0.030036302,-0.031869162,0.7932076,0.51231986,39.55669,11.992391,-0.42139053,13.641198,0.0,1.2185317,-5.250664,-2.1795788,12.813188,361.4061,975.3846,6.4234347,1795.8043,229.9475,-15.228381,2472.942,1052.4086,-10.00936
1.2711567,-10.787976,14.149062,-0.0077836453,-0.030471468,0.9765999,7.1313767,31.614126,15.541669,8.30177,13.691109,0.0,1.2185317,-4.0968337,-3.920888,10.395805,362.05713,987.0213,8.407507,1682.8185,276.9073,-18.42551,2505.9346,1085.6669,-8.130003
1.2990764,-11.879821,13.960504,0.012973716,-0.029621923,0.9887778,12.333862,25.321709,18.717625,13.819135,13.559452,0.0,1.2185317,-2.187455,-5.208676,7.637588,369.6893,944.8564,8.7438345,1615.6797,313.14642,-22.476374,2437.041,791.56866,-6.063751
1.3396748,-11.735494,12.360208,0.029876368,-0.025799036,0.973202,15.142041,20.962523,22.909922,12.317117,13.331502,0.0,0.82543945,-1.215279,-6.2567306,5.4004593,368.2601,961.13043,8.038386,1623.1598,286.87143,-20.989204,2492.004,891.4567,-4.5108514
1.3294383,-10.797607,10.214358,0.014567652,-0.023920365,0.84615093,15.847373,20.488943,27.186087,9.774856,13.112918,0.022637155,0.4323471,-1.46975,-6.6598225,4.783952,373.11096,983.6004,7.060375,1664.6656,292.37766,-18.418936,2527.1663,1047.2759,-4.0427947
1.2890807,-10.3529415,9.466449,0.009222341,-0.02219516,0.7833634,16.8247,17.667976,30.011847,8.78605,13.58468,0.0,0.08436658,-2.6076708,-6.197916,7.1016254,370.69116,1055.9899,7.2234726,1692.2448,370.32797,-15.071204,2517.4463,1267.1315,-4.59337
1.2842861,-8.914794,7.863153,-0.00037553316,-0.015806101,0.77582693,16.81143,14.89339,30.723772,11.347221,14.147626,0.022621106,0.12947838,-4.9510865,-4.118812,15.113759,831.6382,1420.4883,1.5462986,1744.0848,521.0662,-12.279849,2803.3938,1339.9213,-7.1578903
1.3284653,-9.210387,8.630153,-0.0019501216,-0.01250023,0.7380529,16.883116,12.008092,27.283426,11.272315,14.707931,0.022621104,0.17459016,-9.563392,0.6709283,23.82666,1127.7244,1685.1508,-1.9924196,1845.1011,673.8682,-10.345359,3043.7751,1257.7161,-9.346152
1.571961,-10.568056,12.836425,0.009398484,-0.012654379,1.3301609,19.763054,10.300593,16.79783,9.118112,14.599111,0.04982857,1.3208375,-14.804706,3.0827034,30.88144,1084.6185,1838.8658,-8.309849,1675.1797,875.08936,-15.4010315,2966.2244,996.9416,-17.865595
1.680425,-16.443663,22.679598,0.025899021,-0.022383938,2.6532106,25.545282,13.770526,11.2776575,7.817145,14.67505,0.063432306,2.467085,-13.178612,4.418503,31.435175,610.08636,1654.3695,-11.916138,1445.5043,1015.4751,-23.325285,2617.8474,774.3706,-25.26368
1.6551719,-19.674074,28.474688,0.014803544,-0.027275732,3.4682515,28.367567,15.036869,7.917221,7.86565,15.286129,0.0,3.613332,-7.9061127,4.2171597,29.808014,313.48682,1599.5052,-17.806252,1179.3019,1302.5225,-30.788694,2210.4011,713.70337,-33.05151
1.3614911,-22.71164,31.486433,-0.020736294,-0.029799825,3.600215,29.00608,19.03877,12.55909,7.7657714,15.894574,0.0,3.613332,-1.119568,6.411122,28.220583,353.72964,1581.4009,-21.117945,1183.6635,1393.3843,-32.74679,2229.2139,743.41327,-34.751373
1.1429006,-24.738266,32.37631,-0.06003122,-0.029747346,3.3150053,28.912344,18.901953,16.277163,10.413381,16.194374,0.0,3.613332,-2.0177934,8.639787,29.70611,519.8088,1529.1167,-25.179647,1448.9491,1300.9083,-32.301365,2496.7783,844.1475,-36.557674
0.9813049,-27.340227,34.519993,-0.079532616,-0.026134163,3.0433514,32.041355,17.316713,20.962227,12.296147,14.841405,0.0,3.613332,-3.7612522,11.505676,29.634954,508.97815,1475.6719,-22.877737,1510.4799,1161.7067,-31.927164,2571.884,910.8926,-34.967083
0.9134617,-30.24624,37.85992,-0.081911854,-0.026755437,2.896467,36.12238,16.053919,24.927513,16.351894,13.645383,0.0,3.1165035,-6.084574,12.453792,26.857698,514.05426,1383.1426,-21.66159,1544.3097,1085.6747,-30.904968,2528.8308,963.6216,-32.57034
0.88108397,-28.156248,34.259907,-0.07558395,-0.022907672,2.7449017,35.645863,14.517295,27.452362,14.761207,12.673762,0.17723128,2.619675,-7.596129,11.82254,19.51361,373.45923,1357.0868,-15.545258,1405.833,1298.2655,-28.993982,2179.4172,973.8496,-27.991198
0.94427043,-25.452179,32.614796,-0.065708034,-0.023937853,2.5982811,28.622416,19.372345,25.201416,7.4484687,12.881534,0.0,1.6493883,-13.943341,9.977272,13.873749,390.8392,1219.525,-13.829864,1485.8568,1179.8297,-26.508226,2253.795,978.92755,-24.187973
1.0455443,-19.546251,25.612883,-0.060708743,-0.024645692,2.3644001,16.83024,23.588594,18.877947,0.7986293,13.009933,0.20782252,1.1759306,-16.272593,8.622346,13.77979,404.7078,1085.1636,-8.642197,1604.2577,944.8745,-21.19738,2434.6074,806.7957,-20.776024
1.2189687,-12.528969,19.403748,-0.052979037,-0.025137277,1.7467952,4.810507,28.495361,8.13189,-6.551142,12.991065,0.0,0.7024729,-15.845397,7.542375,13.79985,415.7755,896.53,-5.85399,1673.1481,515.60046,-18.30601,2582.621,538.1241,-17.949814
1.4227916,-6.880413,10.069463,-0.03892498,-0.02859337,1.3410082,-1.1403946,32.52412,3.1079228,-6.544918,12.983753,0.0,0.7024729,-9.862823,5.706988,14.569461,416.05566,800.21,-4.2394004,1702.9347,234.32722,-15.92784,2593.5876,191.01585,-17.153124
1.5464536,-2.106982,3.965937,-0.03321731,-0.030392328,1.0472921,-4.744742,32.812595,1.2283751,-8.905029,13.005429,0.0,0.7024729,-6.9008956,4.7120624,12.758327,420.11887,755.9172,-5.286277,1711.6559,102.06985,-15.595557,2567.0918,79.24409,-16.308743
1.5820104,-3.059579,2.7214768,-0.03613775,-0.030718265,0.81701964,-2.8668222,35.354366,2.1653054,-6.2050004,13.064906,0.0,0.7024729,-4.9554343,4.8312593,13.329356,410.80106,837.1345,-3.5890582,1645.1332,283.32098,-12.742114,2617.694,31.942123,-14.999145
1.4431357,-3.5649498,4.1482215,-0.02796366,-0.027688414,0.8009894,-0.9431955,33.205383,-1.0235707,-7.660499,13.089256,0.0,0.7024729,-3.5030186,5.0655785,16.23129,408.00723,950.56055,-1.9270235,1566.9073,572.2422,-10.57322,2705.252,208.63611,-15.792186
1.2801294,-6.8527207,7.278954,-0.009331857,-0.027332613,0.72152925,3.9137928,31.224249,-3.1192486,-5.8187065,13.070648,0.0,1.1061249,-2.6787837,5.0595193,16.282701,406.8995,1110.7167,-0.6361349,1536.248,1017.55145,-9.556401,2515.0364,605.37396,-14.262883
1.0786933,-9.491634,10.727136,-0.00869229,-0.02794042,0.5444022,10.058339,24.112053,-1.5339073,-3.905182,13.03382,0.09087793,1.5097767,-2.7524898,4.286176,16.354654,409.9639,1147.2296,-0.08207718,1494.2842,1097.2119,-9.772067,2378.509,855.52106,-13.951375
0.9654269,-12.380889,13.544533,-0.0008422397,-0.029879898,0.4456943,15.53922,18.97907,0.7267017,-3.6984565,13.04098,0.0,1.6007277,-3.1909657,3.1077082,13.396549,419.09396,1212.2003,0.088568926,1500.7225,1360.397,-10.386487,2120.0723,1043.5825,-11.213303
0.9758232,-12.344968,14.573306,-0.0072030593,-0.02505637,0.47167078,16.034025,17.519194,3.2075646,-4.8961797,13.07449,0.0100406725,1.4873863,-3.5316699,2.352662,12.628089,424.90833,1168.0231,-0.06465236,1489.9404,1247.7228,-10.605648,2258.7688,1008.9174,-10.893837
1.0944136,-10.803155,13.775018,0.010741,-0.024409479,0.5324347,12.437806,17.996048,-0.16412275,-7.568156,13.139255,0.0100406725,1.374045,-3.666859,1.8591222,11.311256,419.49545,1150.7677,-0.1608622,1532.2953,1182.0947,-10.368688,2312.2776,1075.0682,-10.412871
1.1301067,-10.494347,14.231147,-0.0029055856,-0.022671303,0.53881997,11.598651,19.568409,-1.7352077,-8.023675,13.1818695,0.0,1.5734047,-3.517606,0.977989,9.543701,435.81577,1113.2386,0.61607957,1539.8297,1195.8434,-9.794507,2345.5505,1100.8379,-9.788873
1.1274287,-11.026349,13.351901,-0.00029155103,-0.027091295,0.50966686,13.47881,16.612606,-0.41460785,-10.356286,13.168628,0.0,1.5734047,-3.417968,-0.18308084,8.179952,429.5138,1079.0084,0.66054624,1537.6299,1139.0287,-9.655647,2315.016,1012.69965,-9.393895
1.1190159,-11.084778,13.10759,-0.010272981,-0.028005885,0.46105495,15.067599,13.973472,2.6017673,-10.138957,13.112462,0.0,1.1955018,-3.1532898,-0.5157745,8.206071,434.9021,1033.7124,0.37769756,1513.8856,1074.2299,-9.9767275,2357.262,851.816,-9.384649
1.2134669,-10.422497,11.7150545,0.0135292085,-0.0304458,0.49908355,14.912064,11.572047,7.756696,-10.190796,13.083543,0.0028819528,1.0199957,-3.128765,0.46827316,9.038021,416.5121,943.7098,-0.9193329,1518.1742,736.649,-10.234595,2427.3318,705.6844,-9.27557
1.2525277,-8.818087,11.703468,0.015499382,-0.031162972,0.61069775,12.896156,8.61474,6.3128586,-8.794288,13.094388,0.0028819528,0.8444896,-3.055767,2.1060512,10.585197,416.67734,894.30414,-1.5387034,1497.4865,649.9012,-10.2914,2422.3596,633.7641,-9.613669
1.280341,-9.32829,11.189003,0.013890959,-0.032933936,0.746548,14.126213,8.940661,9.918873,-8.502483,13.103232,0.0,1.6183802,-3.1870537,3.5211027,12.3338175,419.4257,924.1547,-1.9870151,1508.9518,754.2236,-10.338603,2351.2415,651.62775,-10.580842
1.2505455,-8.274234,10.401164,-0.01027814,-0.029899172,0.75497,13.641305,6.6005197,8.8164625,-7.6174836,13.085754,0.0034850303,2.189874,-3.1540518,4.5182834,14.27241,423.921,950.6455,-2.0135272,1488.8593,837.472,-10.9532385,2325.0667,608.2886,-12.205875
1.1881033,-9.6754675,10.300002,-0.020362372,-0.029546602,0.6491843,16.5796,8.533562,10.932271,-6.6474214,13.056363,0.0,2.181929,-3.597905,4.998354,15.465321,429.2018,998.2176,-1.4577135,1491.2773,973.47284,-11.762082,2310.4968,613.44336,-13.375381
1.0842663,-10.098615,11.88931,-0.025137356,-0.026641259,0.49399185,18.39691,7.9020896,6.775736,-4.581632,13.048511,0.0131839635,1.6024901,-5.244383,5.2252526,14.590957,430.55197,1025.5825,-0.53276104,1440.64,1002.21735,-9.135021,2306.0994,646.4314,-12.655888
0.95460397,-12.689091,15.378041,-0.0065500345,-0.030363508,0.44364133,21.887865,9.479096,0.44269815,-5.346123,13.05095,0.0,1.0230511,-6.285451,5.198161,13.905483,428.96274,1118.6769,-67.02111,1364.503,1134.7391,-72.14414,2287.9844,682.8132,-75.05689
1.060973,-11.74234,14.735568,-0.002703393,-0.028532514,0.5107159,16.739092,16.933434,-4.363953,-6.1352196,0.0,0.0,0.0,0.0,0.0,0.0,433.37796,1099.3169,-133.82764,1406.691,1133.0732,-134.95601,2386.6667,576.9353,-137.51625
1.3879108,-8.792209,12.63496,0.015066661,-0.023853531,0.7591648,10.808959,16.17428,-10.862409,-7.6332855,0.0,0.0,0.0,0.0,0.0,0.0,631.17975,1059.9438,-201.0,1642.5553,1047.3633,-201.0,2733.987,441.06494,-201.0
2.3184488,-2.488183,8.477317,0.009322773,-0.007998346,1.5210778,4.195787,10.068397,-10.96949,-3.7796385,0.0,0.0,0.0,0.0,0.0,0.0,662.0888,1445.0602,-201.0,1483.3423,1110.3666,-201.0,2668.6458,550.32465,-201.0
2.7474473,0.64508355,6.9002814,0.0099322,0.00317974,1.9659132,4.9869685,-1.3556305,-10.865998,-0.9595775,0.0,0.0,0.0,0.0,0.0,0.0,811.40204,1513.5844,-201.0,1604.316,1077.65,-201.0,2839.5618,549.6366,-201.0
2.8610446,1.5847677,6.705931,0.007030167,0.0044183973,2.0387192,5.1595407,-3.470028,-6.56803,-0.5022872,0.0,0.0,0.0,0.0,0.0,0.0,858.7188,1638.604,-201.0,1674.3346,1116.3903,-201.0,2827.7092,735.6802,-201.0
2.7327,0.9878313,7.225469,0.01883647,-5.4167584e-05,1.9485521,4.9716716,-6.878136,-9.17095,-3.574433,0.0,0.0,0.0,0.0,0.0,0.0,809.7181,1164.5898,-201.0,1949.3573,980.75397,-201.0,2879.3535,948.3177,-201.0
2.5441399,0.224675,8.165581,0.030943826,-0.0057806727,1.9318686,6.614119,-10.606099,-14.6115675,-7.604994,0.0,0.0,0.0,0.0,0.0,0.0,826.5827,1160.1434,-201.0,1950.8856,927.831,-201.0,2948.7568,1018.8294,-201.0
2.2930343,-0.89474636,10.014107,0.022366755,-0.0059315194,1.9661716,10.433327,-10.336291,-13.135587,-7.233383,0.0,0.0,0.0,0.0,0.0,0.0,775.9729,1125.9963,-139.43102,1936.3004,967.86115,-143.83801,2896.5564,990.57806,-145.2415
1.654682,-3.8602169,11.816327,0.010200572,-0.009692505,1.3271316,15.618709,-3.9484737,-6.895207,-3.9980786,33.8265,0.0,0.0,1.6826417,9.655931,33.647312,1011.63446,1254.0099,-81.08638,2035.43,1031.4984,-82.79845,3177.4226,636.6325,-89.50483
1.4164673,-7.774732,17.127329,0.0007112242,-0.009239054,1.1178261,20.320288,4.933076,1.0077323,0.26472458,33.7202,0.0,0.0,2.4530861,6.908315,33.35741,1063.6311,1296.2738,-19.161224,2122.8584,1226.6105,-21.40051,3109.8137,691.48346,-32.907
1.3581734,-11.7739,19.111507,0.009481332,-0.015559219,1.0189911,23.240446,9.285775,1.0448796,0.88287634,33.43046,0.0,1.254771,3.4221427,1.3080162,29.457647,1033.8097,1379.5153,-16.534555,2051.7273,1187.707,-17.66112,3123.871,736.3586,-29.21901
1.4375299,-14.732999,21.17716,0.017904816,-0.025164366,1.2746649,25.547842,12.053222,-1.2436656,-2.8833606,33.121784,0.06238535,1.2741774,2.957791,-4.6801333,23.957336,956.68036,1383.1666,-7.643459,2052.117,1052.055,-17.485014,3134.9373,754.10596,-25.741152
1.5030274,-16.918556,22.337265,0.022980599,-0.03895778,1.4429697,26.965376,11.585656,-4.2858386,-7.601073,32.821842,0.047850627,1.2739341,2.1166894,-9.027535,16.214777,729.52264,1404.9008,-5.3413625,1713.5358,1078.5323,-10.611561,2800.5486,800.37714,-21.295036
1.5469671,-15.499713,22.443392,0.02819973,-0.04438698,1.5874685,26.720995,6.9381375,-7.9617753,-15.9473505,32.615143,0.023873592,0.87088317,1.0702021,-10.112106,12.335587,748.9476,1279.2716,-1.2389754,1753.1332,999.46735,-11.640357,2819.0417,650.48926,-20.06108
1.6015621,-10.893134,22.36794,0.010274251,-0.0398926,1.7057208,27.643896,2.9331954,-11.127841,-18.321981,32.368046,0.015102302,1.1846753,0.13467097,-8.552451,5.8540473,600.1264,1189.7397,-4.5664735,1511.692,1003.1701,-5.7185326,2527.1218,610.48004,-14.963857
1.6665186,-4.245623,18.26026,-0.0006905782,-0.029847873,1.360352,27.133284,-4.467567,-12.335678,-19.493612,32.101093,0.012163166,1.4886202,-1.1254267,-5.6877,3.6359653,585.9222,1172.5583,-4.7451925,1478.1315,870.2381,-7.395869,2535.829,501.923,-12.924495
1.7187649,-0.17293207,14.080199,-0.016543692,-0.015525807,1.3260964,25.381418,-8.687598,-13.070465,-14.188378,31.74022,0.010697846,1.7321199,-1.9990845,-1.5525028,1.0704751,395.49243,1158.794,-7.9894404,1175.4806,949.93854,-0.0056672096,2186.548,535.26544,-9.0599165
1.7457123,-0.67245275,10.376611,-0.009673387,-0.008124079,1.1473403,22.649078,-8.781464,-9.233822,-13.107137,31.438513,0.011593737,1.1647446,-2.7137606,2.6343894,3.047311,400.44775,1141.784,-6.0780206,1188.2291,942.69135,-0.27301154,2191.3289,516.8037,-9.125332
1.7745892,-0.6049226,7.949549,0.005712436,-0.0021540327,1.229218,17.800028,-8.158627,-9.658974,-10.0129595,25.186022,0.014408045,0.78975517,-3.9158294,2.5565832,4.92108,374.10086,1153.2797,-2.5042355,1200.2052,907.73584,-0.14329155,2204.4492,513.81854,-7.7599044
1.8395861,-1.711009,7.7549663,0.010366916,-0.0050759893,1.0837833,17.475988,-5.735132,-5.7871456,-6.783413,19.086742,0.018406712,0.55224085,-5.194975,0.52706784,8.87085,369.59494,1215.6676,0.75192094,1208.4249,921.6066,-1.995862,2214.744,567.94293,-9.744887
1.7223159,-2.954004,10.179436,0.013775083,-0.009822798,1.0595938,17.66345,-5.0314236,-7.424455,-2.9345436,13.1188135,0.018406712,0.55224085,-5.9407754,-1.6353801,12.820663,364.073,1210.5784,3.3184984,1247.8854,898.39453,-3.03294,2240.2207,653.53827,-12.70359
1.5052077,-6.7042274,12.915143,-0.0014649393,-0.018732144,0.9604208,19.590952,2.5102632,-4.77982,-2.3699467,13.185127,0.018406712,0.55224085,-5.301067,0.8713158,16.466633,405.53848,1185.7999,4.0909414,1315.833,990.08185,-3.785971,2258.4202,869.97266,-16.290224
1.1937377,-9.405232,17.81893,0.0037242256,-0.02315705,0.8696244,20.644915,7.774297,-7.164596,-6.107418,13.245545,0.018406712,0.55224085,-4.2772536,3.2235405,19.933136,357.6499,1308.1023,0.8938694,1287.1439,1049.0182,-3.2271624,2271.9314,911.227,-18.902529
0.97880846,-9.989644,19.959251,0.008824088,-0.023736656,0.5991547,21.16151,10.883714,-6.617025,-9.247546,13.232178,0.018406712,0.55224085,-4.304342,3.9525535,20.24627,588.62476,1306.09,-1.718667,1634.8063,1016.1149,-8.388856,2596.0645,983.85205,-18.145828
0.8403389,-11.11987,23.887041,0.013481189,-0.022132799,0.55104023,23.252203,11.739343,-5.3097906,-7.4511065,13.225705,0.018406712,0.55224085,-5.8786545,3.270674,19.238867,578.37714,1343.2399,-2.1874676,1592.017,991.0656,-8.737773,2645.8455,862.0791,-17.025625
0.86852694,-10.160808,22.054413,0.012569492,-0.020790165,0.5048139,19.969591,13.887254,-5.2772994,-7.748247,13.223129,0.018406712,0.55224085,-7.1316113,2.6829915,16.970737,868.3462,1138.7465,-67.30035,2013.0225,751.0708,-74.706795,3039.7258,770.0639,-76.97336
1.1500735,-7.8783455,15.381142,-0.0013613385,-0.021174705,0.67430997,11.230084,22.748667,-5.016192,-7.8730006,0.0,0.0,0.0,0.0,0.0,0.0,594.6503,1305.7689,-133.07404,1614.9258,888.763,-135.37817,2769.2288,574.8027,-139.0177
1.4906374,-2.2370636,5.8499084,-0.005020294,-0.018266892,0.7198765,-0.19903183,27.532007,-4.9738326,-11.119302,0.0,0.0,0.0,0.0,0.0,0.0,605.82825,1190.5428,-201.0,1729.6841,731.47626,-201.0,2729.6208,394.97684,-201.0
1.7446942,1.8654169,0.02049478,-0.0004702732,-0.017965037,0.7157442,-7.679325,31.515388,-2.911219,-13.536701,0.0,0.0,0.0,0.0,0.0,0.0,566.2216,1221.2035,-201.0,1640.119,754.33105,-201.0,2652.0984,451.05966,-201.0
1.779132,3.5571928,-2.1762629,-0.0022475712,-0.016673388,0.6952241,-8.781096,29.352423,3.0939035,-15.5181465,0.0,0.0,0.0,0.0,0.0,0.0,620.8858,1087.9537,-133.7357,1871.546,921.9466,-142.16798,2495.8306,449.08276,-142.16798
1.6222199,3.1929233,-2.1748679,0.0030775778,-0.014815968,0.7327955,-6.448568,25.137075,6.6904473,-18.361555,32.862556,0.0,0.0,2.2707267,10.136188,25.80553,807.0376,1129.7318,-71.45565,2031.017,736.448,-82.05631,2797.4307,470.43265,-83.10394
1.4140717,-2.3216422,4.24377,-0.0049583493,-0.01948726,0.92547363,1.9879919,22.505247,12.02628,-12.439236,32.725803,0.0,0.0,2.954728,10.372058,23.968275,575.7427,1192.5558,-3.0074809,1753.9785,864.4134,-21.553818,2509.4927,379.3458,-21.420364
1.2331609,-7.7963433,12.30373,-0.0036686445,-0.02010117,1.0096374,10.590842,17.646544,11.938077,-5.478349,32.45366,0.0,0.0,3.656825,11.325882,22.206,544.8756,1194.9359,-1.9703044,1579.255,573.10223,-20.529865,2642.21,404.32886,-18.620913
1.2527221,-12.875888,18.919203,0.0007627464,-0.02356709,0.99216014,17.461355,15.772782,14.534584,1.8231968,32.21245,0.06729772,1.6477118,2.957655,14.231143,21.014296,329.3744,1190.6786,3.3510144,1370.6031,757.10675,-20.332247,2370.6152,484.9192,-17.663279
1.354535,-12.459114,18.412058,0.006560596,-0.019507691,0.87235564,15.938191,15.239479,13.131162,5.299865,32.33407,0.04754277,1.3423606,2.4708195,15.311833,24.467237,334.11057,1117.1444,0.8850694,1407.6368,632.57227,-24.278687,2380.0784,513.789,-23.582169
1.3578681,-12.566136,18.254595,0.008783256,-0.014862388,0.8064073,13.208683,19.384905,11.435039,7.196785,32.656513,0.03190535,1.0304946,3.050874,15.910213,24.57038,290.03503,1206.4425,-0.6246042,1372.7003,658.40753,-23.629234,2385.4092,474.8314,-26.400604
1.3143117,-13.27864,18.792648,0.0202443,-0.012988563,1.0037905,12.973195,22.58915,6.0097127,9.795181,33.104527,0.013737306,0.72421867,4.39999,13.57931,24.343847,599.9155,1324.6661,0.0,1624.9551,790.65967,-25.187902,2696.022,642.7626,-28.23369
1.246435,-14.797363,19.896196,0.02180744,-0.012312842,1.0028033,16.063082,21.719072,5.1424603,10.892047,33.308437,0.028146794,0.6496706,5.6626477,12.710575,20.484129,588.7786,1503.62,-20.64551,1592.4623,1055.7504,-30.477598,2652.1133,763.46216,-25.010363
1.2440618,-15.454894,19.936602,0.025967723,-0.018930053,0.93241197,20.581747,17.189936,6.2680745,9.767036,33.468693,0.037792068,0.83341056,6.414663,11.906871,20.638535,649.79425,1442.6666,0.0,1623.891,1163.0892,-40.71769,2604.781,874.0235,-25.508604
1.2402596,-16.266647,20.360914,0.013587776,-0.021212349,0.73406774,23.883501,13.223186,11.487648,5.659001,33.593422,0.041289527,1.3160132,6.607662,17.915108,20.138397,349.16602,1392.9313,-4.976232,1346.3481,1204.4852,-49.326717,2273.4246,752.32367,-25.110052
1.2236047,-17.175848,21.438745,0.00458392,-0.024304995,0.60243195,26.587606,11.792457,14.597767,0.027092775,33.756897,0.028440878,1.4528517,6.097939,20.570902,19.953453,372.59033,1313.1149,-4.383608,1326.9293,1158.195,-42.590984,2309.7666,639.8214,-24.337059
1.2163578,-18.273506,23.146646,0.010667435,-0.025708422,0.5725743,27.799704,12.234962,17.109617,-2.1831434,33.863873,0.01328807,1.0451216,5.1314335,21.058113,17.689947,363.62183,1410.837,-2.8072708,1286.8431,1267.1307,-34.126026,2302.5183,639.0814,-20.497217
1.2020003,-18.826754,23.514723,0.03696863,-0.027009888,0.51864415,28.507524,13.62456,15.204692,-3.2410765,33.92792,0.014584924,0.671665,4.261491,15.195493,14.750642,362.9502,1615.0492,-0.45822063,1184.9248,1549.1562,-28.34835,2230.8118,705.7155,-15.208862
1.2765219,-16.937353,21.514048,0.044940934,-0.030482573,0.7303939,27.529266,11.646106,15.48173,-1.1633153,33.866726,0.023816219,0.5970691,3.5975916,13.354106,12.21151,377.22922,1528.7692,2.112127,1280.2052,1400.9403,-26.857187,2304.9421,835.5483,-10.099383
1.4640064,-12.625247,16.715843,0.0459147,-0.03076678,0.9729647,23.663124,7.5588894,15.687866,-0.02449759,33.754604,0.024897225,0.6608041,3.0690153,13.736702,10.7419,381.50293,1346.3639,4.1480613,1379.998,1043.7089,-26.763906,2409.2244,827.96924,-6.593839
1.6595527,-8.377009,12.961144,0.021043101,-0.030764276,0.978218,19.00045,4.286751,18.52268,1.9936794,33.487377,0.023560347,0.71352434,2.0768828,13.404007,12.078491,381.2826,1049.5562,5.1955214,1531.2338,510.56445,-25.549688,2549.0413,760.6125,-6.8829703
1.7717314,-6.5976615,10.140038,0.015135172,-0.029166698,0.79309577,16.410704,4.018149,21.404196,0.2054944,32.96152,0.01345244,1.0000582,1.5914074,17.954815,12.485044,373.8622,1004.29315,5.8003097,1539.4062,382.44882,-23.593687,2547.5056,714.5019,-6.6847343
1.7416787,-6.5726166,9.914498,0.01450679,-0.028748503,0.68856335,16.167948,4.0385156,21.204409,-1.8612539,32.447037,0.013382076,0.97027415,0.96171594,15.772222,13.188705,376.05844,1053.5797,5.2416472,1575.9369,396.2589,-20.894815,2565.9875,770.62726,-7.9470596
1.6329359,-6.899967,10.060449,0.024811996,-0.033011775,0.6927817,17.296,5.1651273,20.187578,-4.1254888,32.08696,0.02998381,1.0483183,0.70019984,12.610984,11.249657,391.27048,1108.2899,2.898367,1649.786,505.28723,-16.751335,2515.6619,1339.806,-8.351289
1.4309721,-6.80141,8.6426735,0.025460796,-0.033340782,0.86740834,19.34391,3.8133745,15.77888,-4.2965975,32.045277,0.037383337,1.0392847,0.37746716,8.957698,9.101632,429.1548,1233.2008,-6.9019103,1527.5317,1232.4344,-16.282476,2333.5708,1268.2343,-10.465058
1.1856948,-8.553161,10.645808,0.010539324,-0.035733387,0.8143565,22.636772,2.7521896,13.454804,-8.28781,32.039413,0.0416317,0.93719023,0.5060963,5.581613,6.706063,462.19003,1216.5826,-9.583093,1481.6255,1656.3423,-17.037495,2169.3416,1260.0358,-11.5696945
0.9701967,-11.199698,12.314876,-0.0108377375,-0.03371465,0.7456078,26.807055,1.0925832,10.871753,-10.96194,32.051823,0.026033292,0.74897724,0.901879,2.5896025,6.7345543,554.72,1237.2657,-6.627477,1545.3936,1635.733,-14.487614,2456.0146,647.1857,-14.165467
0.8891838,-13.0900345,16.187546,-0.012080393,-0.03645824,0.50345945,29.712702,0.8894265,8.569105,-14.847808,32.067844,0.01621932,0.4529636,1.1924356,-1.4384729,7.4104466,570.955,1287.2944,-0.0027020772,1479.9669,1569.6666,-13.995866,2461.7585,719.4417,-12.24466
0.8409899,-13.968479,16.458052,-0.019587807,-0.035592385,0.37466702,30.006323,0.79623824,6.9426513,-16.218933,32.080936,0.010159492,0.42722997,1.851463,7.434675,10.79803,574.6874,1246.8796,-4.428585,1593.6229,1298.8632,-11.298305,2456.582,1216.4241,-11.1849785
0.9202568,-11.293777,15.146655,-0.009211167,-0.033369754,0.35073164,24.331167,-0.9129174,3.9688957,-18.112667,32.08756,0.0056015626,0.8363457,2.6265583,14.877327,14.332995,488.11874,1145.6023,-4.8624454,1523.485,1429.1158,-15.188053,2050.8445,1363.5997,-9.630906
1.0105667,-10.549312,13.00256,-0.0049121906,-0.029757574,0.5967411,20.833902,3.4699485,2.844164,-10.056167,32.05765,0.0091845235,0.6874706,3.1017883,18.199835,19.213644,458.61935,1100.225,-5.6939373,1617.9034,1290.3807,-17.124346,2062.0437,1324.648,-13.932728
1.2610104,-10.120921,13.625514,0.02301112,-0.028974354,0.980309,19.019567,7.76156,3.9694405,-0.5068814,32.015827,0.013685763,1.8229613,2.088558,12.940043,21.399504,436.135,1312.4287,0.0,1612.2076,1284.2412,-22.533403,2230.4226,996.1289,-19.44712
1.3933703,-12.652591,17.408043,0.017677324,-0.030057067,1.2413889,19.486502,15.93542,3.2570274,9.385815,31.974642,0.015968353,1.9977013,1.4162478,11.440876,21.78717,430.91296,1420.2716,-102.12828,1552.6927,1432.456,-82.4705,2232.8008,1016.86993,-81.587555
1.4944854,-12.343392,19.278631,0.01206788,-0.034888554,1.3079083,14.092618,20.44562,5.315569,3.7411146,0.0,0.0,0.0,0.0,0.0,0.0,427.7095,1246.7008,-135.08553,1704.7684,1049.941,-142.94408,2316.988,1127.7759,-142.1615
1.6187758,-8.373918,13.750007,-0.0121563235,-0.037153866,1.1103369,4.9506288,27.066637,1.9120191,-3.52991,0.0,0.0,0.0,0.0,0.0,0.0,437.54532,921.6297,-201.0,1673.9891,855.8679,-201.0,2303.0315,709.74176,-201.0
1.7429329,-3.2155201,6.531074,-0.014700349,-0.039106857,0.99172163,-2.015397,31.252777,0.7693642,-13.119136,0.0,0.0,0.0,0.0,0.0,0.0,448.45596,717.2067,-201.0,1731.733,526.5494,-201.0,2436.212,523.3356,-201.0
1.7472124,-0.7103775,3.1394737,-0.015953848,-0.03661037,0.88900524,-5.987829,32.020786,-5.8298492,-17.68345,0.0,0.0,0.0,0.0,0.0,0.0,445.27023,666.77765,-201.0,1784.8795,332.3108,-201.0,2504.4053,304.13263,-201.0
1.568057,-1.788386,4.9065576,-0.011620175,-0.033944983,0.76616424,-5.003839,31.095482,-9.929008,-18.71002,0.0,0.0,0.0,0.0,0.0,0.0,447.2461,688.5159,-201.0,1784.3427,460.9974,-201.0,2527.2332,329.41312,-201.0
1.4660047,-2.0660608,5.608232,-0.015343845,-0.029590124,0.6553986,-5.322806,29.314726,-10.123277,-19.083384,0.0,0.0,0.0,0.0,0.0,0.0,447.37448,680.61285,-201.0,1786.1871,395.90396,-201.0,2539.8022,214.36151,-201.0
1.4601425,-1.3083699,5.078508,-0.022276988,-0.025936661,0.5259617,-5.357847,28.63003,-8.474711,-15.72575,0.0,0.0,0.0,0.0,0.0,0.0,449.70825,667.2993,-201.0,1703.9696,428.7507,-201.0,2539.7668,132.44289,-201.0
1.4931296,0.05457865,2.7935603,-0.023434745,-0.02455686,0.54218894,-6.351999,29.551544,-5.562861,-14.661339,0.0,0.0,0.0,0.0,0.0,0.0,449.6465,688.1924,-201.0,1715.3915,422.6132,-201.0,2470.3445,130.14821,-201.0
1.7705669,-4.733966,9.905269,0.002435971,-0.024287092,1.7410909,1.0216881,28.407412,-6.0813613,-7.5691075,0.0,0.0,0.0,0.0,0.0,0.0,410.70023,940.4058,-201.0,1561.8324,665.2129,-201.0,2439.9377,357.86697,-201.0
1.8130003,-13.247806,20.844217,0.007290432,-0.02551616,3.048282,10.63593,30.94551,-1.6123809,-1.5932746,0.0,0.0,0.0,0.0,0.0,0.0,383.02963,1315.7242,-141.94829,1441.1211,1226.2113,-144.68181,2335.2632,852.57416,-145.73647
1.8202844,-20.151192,30.322493,-0.009936835,-0.021865273,3.8155353,15.492416,32.28875,6.7977962,7.0903664,16.158352,0.0,0.0,-0.41032335,9.473132,29.985546,307.37796,1518.8619,-81.16781,1348.9235,1254.798,-88.986725,2380.34,875.229,-91.554436
1.4986585,-21.662857,30.865728,-0.05418269,-0.016400022,3.6364028,12.571163,34.591076,14.812985,12.043472,16.537851,0.0,0.0,-0.5274956,9.52077,29.80992,618.629,1453.3324,-25.204203,1710.7988,1270.4987,-34.586426,2604.1719,747.02954,-37.154133
1.3159214,-22.544464,31.889154,-0.080758244,-0.015586195,3.226783,10.892964,34.386204,19.541153,14.832019,17.169672,0.0,0.042560775,-1.1607217,-55.728985,-34.993603,823.8023,1351.5587,-27.436335,2031.3422,883.1462,-36.293713,2894.8945,494.0625,-37.541813
1.1457347,-24.57781,33.965412,-0.10191014,-0.014179851,3.219207,14.412193,29.874832,19.249573,15.196851,19.434738,0.00016019278,0.04865137,-1.4088753,-53.448517,-35.054127,1100.201,1209.2144,-30.305336,2327.1897,753.1831,-35.6801,3152.6165,733.89655,-36.98293
1.0011952,-27.667322,37.879772,-0.099678226,-0.015882134,3.4481974,21.889107,26.555008,21.809525,14.821182,21.310057,0.00016019278,0.06083257,-2.0613387,-48.539093,-34.630455,715.98175,1417.8724,-28.903404,1932.4078,822.4256,-30.31254,2892.5168,805.459,-34.967888
0.94917154,-25.355806,34.030674,-0.086903654,-0.012738652,3.3546999,24.74058,20.320961,20.49662,18.106459,22.909462,0.10847073,0.33607483,-5.1877065,21.337034,30.083048,778.69073,1334.7777,0.0,1898.7145,841.37695,-23.231691,2924.545,780.7446,-30.42167
0.91228247,-22.338083,30.482687,-0.05200961,-0.015433836,2.7938378,27.22979,18.130472,17.2601,19.069618,22.874807,0.14742553,1.4740014,-6.7744827,24.126251,29.177866,521.6856,1559.3077,-14.515835,1513.527,1145.2638,-16.45167,2524.5469,756.34283,-23.877655
0.87543106,-19.157398,26.08515,-0.060515184,-0.012614467,1.7549623,25.079748,13.942685,14.871686,23.656235,26.865036,0.29524466,2.9022655,-5.0359635,18.885258,28.541655,860.39844,1353.8873,-15.999303,1808.2404,1019.56036,-16.77191,2810.823,717.12134,-24.355904
0.94242305,-18.702635,24.146925,-0.06007114,-0.015473664,1.1359189,26.646135,12.401036,15.871814,20.382917,30.86056,0.33475325,4.055288,0.28865314,12.672086,23.751076,596.5318,1447.0303,-12.694999,1507.1703,1237.8951,-16.950548,2463.3425,709.03174,-23.37929
1.0501367,-17.9449,23.32955,-0.034934495,-0.019024739,1.2040931,27.444078,10.061761,16.99244,12.986705,34.74513,0.3150225,4.024288,2.146562,5.504205,23.092667,801.8172,1307.3397,-13.700189,1796.5947,1000.51056,-20.554579,2808.6992,658.3299,-26.40774
1.221367,-16.181305,20.732824,-0.011966638,-0.024758143,1.1218753,30.193878,8.810801,14.864028,2.3650262,34.323406,0.1714554,2.71702,1.1692764,3.7257988,16.566229,522.20905,1458.8656,-11.067163,1477.4633,1097.4446,-18.497416,2498.8225,663.5375,-18.513283
1.3291601,-12.218438,18.847742,0.00060251943,-0.019428233,1.1118891,29.425913,4.671022,10.335853,-3.6149318,33.819042,0.026872883,1.7632542,-0.07731154,3.112695,14.924613,505.20865,1426.5548,0.0,1445.5548,917.96124,-18.37935,2539.1418,610.26715,-15.901273
1.4435024,-10.077198,14.161408,-0.026266998,-0.014874875,0.98862284,28.152876,1.0925201,13.934113,-2.1635408,33.318623,0.013091083,0.8560648,-0.42984787,2.9993534,9.709515,334.73422,1399.6627,-1.5223932,1217.0322,1040.7941,-18.21916,2227.307,596.654,-10.812318
1.493247,-6.8783164,9.1404505,-0.023915268,-0.01622153,1.018569,23.409594,-1.929182,19.054558,-1.8186164,33.03922,0.019434376,1.0178909,-0.004596293,3.2301705,9.48082,368.2924,1178.1005,-2.0639157,1353.4786,818.3154,-22.24412,2263.4255,657.99066,-11.544735
1.5616065,-5.997417,5.348212,-0.02703771,-0.021991389,0.90580684,19.661398,-1.6801599,26.702337,-0.82076496,32.80293,0.019521913,0.9529223,0.37545863,4.078798,8.383725,386.15048,1090.1556,-2.3239524,1478.7632,673.6993,-24.773859,2289.044,828.5872,-10.707679
1.6411858,-4.9938397,6.0264487,-0.021801012,-0.026238069,0.91198826,17.058329,-1.3501834,31.640945,0.7373728,32.577015,0.019392403,1.2879287,0.58669084,5.542179,7.8711305,370.9166,1062.3135,-1.339523,1501.8813,462.73404,-25.57891,2341.8123,873.11847,-9.210654
1.6632484,-5.0758204,7.8116355,-0.01824947,-0.028670454,0.9322942,16.846216,-0.37736645,35.007324,1.9833893,32.40459,0.01218748,1.0477487,0.63269,7.295408,7.7693114,360.9519,1077.2192,-0.50204515,1500.7982,385.98282,-26.039534,2380.1826,903.81464,-8.271356
1.6198121,-4.078387,7.1550884,-0.0009843651,-0.034064587,1.0416899,15.594434,0.5169292,36.74499,1.9554151,32.28764,0.010403785,1.0129424,0.987114,9.527272,8.96934,356.48193,1020.23895,-0.5785982,1493.9897,286.47787,-27.194643,2405.0623,842.904,-9.547939
1.4884857,-4.0116096,6.114408,0.0048446413,-0.031756617,1.0032295,14.358429,3.955063,37.75508,2.8670237,32.226963,0.0078029684,0.5252869,1.448884,11.954894,12.550899,349.80594,1037.6362,-1.4132651,1527.6953,247.52547,-27.858162,2431.8933,933.34454,-13.964165
1.3243718,-7.311918,9.195347,-0.006400734,-0.02627564,0.9286545,16.08333,8.088889,36.46661,5.7759876,32.219654,0.008087737,0.73887664,1.9300908,14.128415,16.23868,343.0034,1142.2487,-1.35101,1591.0511,392.6621,-27.06157,2382.7043,1159.7098,-17.589691
1.1474371,-11.929817,14.5470915,-0.016435148,-0.019890731,0.88116807,20.498419,10.94122,31.865335,9.579919,32.235332,0.027895221,1.0032555,2.4728599,15.742986,23.43953,340.03015,1336.4451,-0.92372495,1605.6781,939.30475,-27.517815,2262.12,1180.0309,-24.36325
1.0180278,-16.029823,18.835405,-0.02333426,-0.019016406,0.87314934,25.425743,12.133212,25.397669,14.197144,32.210278,0.025538944,1.4668866,2.9903371,17.174574,24.076601,348.48038,1460.3029,-0.4775977,1569.253,1340.6099,-27.743614,2174.5662,1159.7007,-24.5542
0.9946353,-17.15746,19.008034,-0.010546371,-0.019073524,0.800778,27.346436,12.6959915,21.139856,16.575468,32.13805,0.041910842,1.6218578,3.729973,18.898535,24.882444,346.47705,1483.0751,-1.162084,1424.1058,1485.6777,-27.638948,2159.5186,854.2126,-26.044527
1.0015067,-18.01174,18.93683,-0.020014802,-0.015826875,0.6709896,27.816343,14.399703,20.320932,19.242346,32.03447,0.041805226,1.4734836,4.3101234,20.202127,22.80216,348.40762,1412.1976,-2.2020905,1339.0739,1243.4608,-29.444212,2228.5674,764.7441,-25.004251
0.9817095,-18.477968,19.737003,-0.020265214,-0.0183589,0.5386568,27.202467,15.63705,19.76459,17.783844,31.936518,0.043596253,1.2696269,4.507578,19.876198,24.75949,350.34024,1411.1781,-3.3292096,1367.3442,1336.4844,-31.487062,2200.5017,715.55084,-28.0887
0.94630784,-20.860764,24.1112,-0.033482384,-0.018257981,0.7039177,28.133493,17.139956,22.414276,19.854536,31.836143,0.044052735,1.1988701,3.6647003,17.49049,27.263422,364.77368,1350.5197,-3.873743,1442.5082,1351.5762,-32.970123,2194.6975,806.61786,-31.137167
0.89518785,-22.257536,27.588598,-0.03307863,-0.02167893,0.88003653,28.382837,18.646597,24.031265,16.534369,27.773056,0.19019942,1.4594132,2.0418737,18.402327,27.175026,373.67212,1348.5446,-2.5136542,1512.4435,1520.2993,-29.710138,2158.4932,880.7946,-27.935461
0.8601815,-22.035225,28.904993,-0.0367155,-0.023010977,1.0003749,27.594706,19.10783,23.388895,13.405354,23.699865,0.2025258,1.4054712,0.5333557,20.828157,27.548014,359.7129,1405.3016,-1.8137082,1441.3002,1515.0726,-25.509752,2153.6826,928.094,-25.194014
0.83166313,-20.10224,27.589754,-0.035447534,-0.021968586,0.89862996,24.825424,18.834448,18.778719,12.654756,19.676378,0.19833069,1.3139871,-0.41311613,24.565527,25.1295,332.27542,1449.443,-1.6779661,1382.0482,1405.9425,-21.006773,2184.7102,852.5203,-19.37804
0.8616848,-18.402063,26.152311,-0.04221794,-0.019309804,0.8269534,21.073132,19.134474,15.076318,15.398522,19.675108,0.04891337,0.8697329,-1.0773855,20.765621,24.396523,601.2129,1440.204,-7.8199134,1589.0728,1082.0774,-16.839468,2568.6326,725.9029,-18.219076
0.9467599,-16.441149,24.345366,-0.04111291,-0.012689081,0.8469688,15.354169,21.004478,13.408534,19.622416,19.702438,0.051580347,0.8948016,-1.3643144,18.635641,23.205048,943.12726,1137.2894,-74.22422,1908.1415,756.57916,-76.9475,2992.7712,610.6809,-78.11138
1.1943533,-14.043381,22.24679,-0.03666344,-0.0144605115,0.9956846,11.513858,20.677637,15.647957,15.646126,0.0,0.0,0.0,0.0,0.0,0.0,953.96344,1072.7926,-109.472534,1945.8114,630.26495,-75.33733,3064.8477,585.6993,-79.24681
1.378768,-10.814658,19.180344,-0.027101168,-0.013622957,1.1207874,10.017386,15.877984,14.308777,14.584053,34.690987,0.0,2.634046,0.94240177,4.2511964,19.196447,664.1889,1129.5776,0.0,1676.82,714.763,-75.76098,2693.3093,744.2808,-79.04316
1.6091236,-9.720319,17.237051,-0.013839539,-0.011464226,1.3779844,14.71188,8.828339,13.454223,11.100449,34.7373,0.0,1.8408436,1.409531,2.993632,17.67457,271.574,1420.2616,0.0,1320.7721,806.49506,-12.82792,2307.3132,763.97046,-16.230892
1.7802788,-9.017452,15.586217,0.009767927,-0.009508956,1.4968624,19.294771,2.8269587,7.0932727,7.630951,34.83688,0.027866721,1.0784763,2.3768184,0.9919413,13.581013,234.07088,1551.4341,0.0,1244.5636,980.355,-12.451634,2201.6204,809.2692,-11.183223
1.9450217,-9.811681,14.385501,0.024160529,-0.0083276415,1.4487244,22.946991,1.4437404,5.4288716,6.4389415,34.884933,0.0205043,0.58085227,2.6249025,0.31771818,9.02301,235.94856,1559.9282,0.0,1241.0319,1087.8075,-12.226087,2191.4744,821.36255,-5.206562
2.0346847,-9.213329,12.13351,0.03685909,-0.014727783,1.1908609,22.071556,-0.097700916,4.9884095,4.466758,34.903133,0.023698607,0.8921798,1.8870548,1.2733364,5.84967,304.66348,1394.8754,0.0,1297.5137,1051.463,-11.771114,2182.7415,852.65314,-0.40445647
2.0493839,-7.2478375,7.391449,0.02925132,-0.020104257,1.0060433,19.421743,-2.0047166,10.859965,6.0790734,34.735725,0.01164746,1.0491356,0.07541323,5.900362,5.711952,343.5067,1263.0153,6.9539,1361.041,956.91943,-13.660622,2187.4314,864.8047,0.73530275
2.1080654,-4.553164,3.5939167,0.032447826,-0.024259334,0.94080883,16.285284,-4.029074,17.3426,3.8936236,30.475258,0.1776257,0.95857143,-1.8735962,6.1986117,4.04797,344.5984,1134.0854,0.0,1402.1229,722.71783,-13.601422,2217.803,807.06854,-0.15671809
2.1137106,-2.823227,2.6695106,0.027894681,-0.023637747,1.1464205,13.914897,-2.431495,21.98308,2.5114014,28.270622,0.2565508,0.8436464,-2.8755176,7.6252384,3.5165584,332.0133,1091.1045,-98.14414,1436.8398,529.89496,-76.98945,2252.8943,813.5634,-67.77109
2.0890841,-1.867,2.7688744,0.033992756,-0.020288447,1.1379231,11.938923,0.6376261,23.553438,1.0348479,0.0,0.0,0.0,0.0,0.0,0.0,327.3912,1061.3091,-132.42943,1470.8936,396.99277,-138.02678,2277.953,848.282,-134.51317
1.9982204,-1.6537265,2.620628,0.022692734,-0.023188159,1.3034967,10.377431,2.9762037,23.46518,0.4858807,0.0,0.0,0.0,0.0,0.0,0.0,336.9805,1047.9741,-135.48994,1503.9406,372.93137,-138.73534,2290.4587,909.592,-135.49277
1.8687547,-2.6452162,2.6565053,0.02624885,-0.02450648,1.088972,11.592243,3.8665493,23.059198,-0.4589367,22.783367,0.0,0.0,-6.010709,4.578141,6.966147,335.4845,1123.1832,-70.25267,1520.0485,559.2231,-76.494316,2221.39,933.3747,-71.84467
1.6802984,-3.7902215,2.8357904,0.03210606,-0.029184908,1.1474963,12.33585,3.7452471,21.841423,0.708622,22.79791,0.0,0.0,-5.4133925,3.2218382,8.091889,364.4491,1140.8627,-4.5483856,1532.2931,727.93994,-14.053863,2180.0945,967.1375,-9.693452
1.535635,-6.7176375,6.9615464,0.042213175,-0.028098652,1.0448002,14.805641,6.162275,20.976313,3.7194939,22.830637,0.0,0.0,-4.218451,1.4239825,8.8222,367.73987,1156.016,-4.3355656,1500.7291,832.718,-13.830873,2166.0334,845.41473,-12.0088
1.3998281,-8.028516,8.170934,0.036453556,-0.02940238,1.0568254,13.544156,9.345731,16.378271,7.1725707,22.867697,0.0,0.0,-3.7167466,-0.80106777,8.117898,392.39005,1067.4662,-4.472368,1499.3517,750.16986,-13.631969,2260.5198,804.08856,-13.055649
1.354832,-9.146446,9.527791,0.021203058,-0.029520154,0.79556894,12.569919,13.621226,10.213192,4.922761,22.895144,0.0,0.0,-4.4691534,-2.1498215,7.0942025,388.9606,1024.7988,-5.098931,1492.3915,703.4654,-13.592824,2324.2634,723.8508,-13.127468
1.3391832,-8.421065,7.4128227,0.010995434,-0.030192623,0.60098815,9.516889,18.12197,2.5402114,3.9359796,22.887856,0.0,0.0,-5.3353057,-2.5575745,8.069221,397.338,982.6069,-5.3603096,1486.8185,667.1248,-13.510524,2381.9417,694.8994,-14.466565
1.3955545,-6.750788,6.0152335,-0.0036544495,-0.02769799,0.45663,7.0604424,22.08608,-0.9918625,2.244343,22.90344,0.0,2.9968657,-6.564817,-2.8510087,8.351964,398.93137,998.2956,-4.740464,1466.789,723.7327,-13.595592,2384.0168,640.24854,-14.945328
1.4877189,-4.7309484,4.0504766,-0.0056543606,-0.029484497,0.57076365,3.341068,26.679178,-2.037831,0.22703584,22.910818,0.0,2.9968655,-6.323339,-2.0554817,8.8185425,399.91354,967.8659,-4.1575446,1540.8091,630.7949,-13.648879,2422.5813,756.49335,-14.598416
1.554711,-3.2593563,2.589585,-0.0010139886,-0.031778116,0.64139754,1.2400755,29.215353,-1.8369068,-6.150148,22.930916,0.0,2.9968655,-5.6136208,-0.918101,9.958003,404.27075,965.39136,-4.0261903,1659.9191,651.6704,-13.896976,2507.9338,887.71893,-14.895978
1.5935189,-2.1424563,0.63136363,0.004569714,-0.035588156,0.6752374,-0.3918241,30.63534,-2.1015656,-7.5730915,22.917833,0.0,2.9968655,-3.7438402,0.62094134,15.17802,399.09155,930.93536,-3.7681334,1713.5326,513.6497,-16.599749,2695.9812,1014.6735,-19.029623
1.5506507,-4.278452,4.068379,-0.007494083,-0.034797933,0.7226737,1.9594073,29.42515,-0.69306546,-5.3806157,22.846315,0.0,2.9968655,-2.7880719,3.320671,18.87958,408.06274,924.7066,-3.2391303,1683.7809,533.6618,-19.144867,2773.2683,998.13666,-19.987005
1.5052533,-5.0876904,4.934138,-0.011955786,-0.036322843,0.7320687,3.66632,28.23699,1.620759,-2.347354,21.897507,0.0,2.9968655,-3.0612915,10.988617,22.208038,406.87985,952.00287,-2.5045507,1667.6649,493.5071,-19.425978,2646.4326,1285.1853,-19.96315
1.4486828,-7.5645103,8.1924715,-0.014194023,-0.03825235,0.7271802,6.5646205,28.151596,4.0959487,0.59728384,20.602524,0.0,2.9968655,-3.4630291,19.92365,21.29625,406.6433,968.7964,-1.0287937,1629.4248,586.6663,-17.206135,2449.6506,1198.9275,-15.975558
1.4020828,-8.305242,9.765727,-0.004955552,-0.033121575,0.71059805,6.9748874,29.766144,3.093271,4.0469604,19.545322,0.0,2.9968657,-3.752423,26.411106,22.056023,379.02344,1092.8234,-67.21844,1564.3392,716.3679,-77.08733,2341.6946,1158.9154,-77.444496
1.3591388,-9.7016,12.896732,-0.008795313,-0.027979696,0.7961433,7.648561,30.621223,4.7320843,5.4423013,0.0,0.0,0.0,0.0,0.0,0.0,369.82382,1108.4664,-133.54587,1506.5426,762.59894,-139.1281,2449.281,801.3455,-139.02357
1.3698596,-9.252029,13.113533,-0.01401554,-0.027540088,0.83358043,6.959579,32.634098,3.5945911,5.164921,0.0,0.0,0.0,0.0,0.0,0.0,369.07227,1166.6227,-201.0,1534.77,847.9807,-201.0,2484.3352,901.1182,-201.0
1.396224,-7.5793834,10.34534,-0.023129469,-0.031170243,0.85597163,5.615371,35.408543,3.8138542,1.8427919,0.0,0.0,0.0,0.0,0.0,0.0,388.90445,1026.0372,-201.0,1556.1862,723.2055,-201.0,2615.9685,723.08185,-201.0
1.478738,-5.9879417,8.335007,-0.017871069,-0.028584009,0.81834716,3.8027818,35.524143,0.63039035,2.3709145,0.0,0.0,0.0,0.0,0.0,0.0,390.46176,982.84015,-201.0,1541.3016,655.11694,-201.0,2617.8691,710.58466,-201.0
1.6469628,-4.5361953,6.6284943,-0.011296265,-0.022924727,0.86229867,1.9500784,30.933603,0.23792897,-1.114821,0.0,0.0,0.0,0.0,0.0,0.0,399.2084,924.52545,-201.0,1534.7153,549.3952,-201.0,2643.4204,590.61523,-201.0
1.7736235,-4.1343713,5.906244,0.0007343809,-0.018597724,0.84503436,1.7024703,25.208239,-1.5308343,-0.32733938,0.0,0.0,0.0,0.0,0.0,0.0,396.53067,1071.8882,-201.0,1555.3588,691.9085,-201.0,2498.556,949.0191,-201.0
2.3650758,-1.1532112,5.83662,-0.005961586,-0.010093153,1.4668008,1.9981985,13.24783,-7.848049,-1.3583542,0.0,0.0,0.0,0.0,0.0,0.0,599.6165,1167.3241,-201.0,1746.0898,784.74384,-201.0,2717.1487,808.0557,-201.0
2.7163782,0.0824824,6.62397,-0.003714635,-0.0035558029,1.8367434,2.990944,6.6428704,-9.019488,0.3440583,0.0,0.0,0.0,0.0,0.0,0.0,764.3896,1144.7931,-201.0,1883.727,792.09595,-201.0,2934.1292,694.8538,-201.0
2.9960544,1.0562612,8.574538,-0.0058651506,0.0014578766,2.1733916,3.2298508,0.26101288,-9.063493,1.0915926,0.0,0.0,0.0,0.0,0.0,0.0,794.4172,1056.9384,-135.56306,1861.3395,794.12476,-138.90436,2966.4932,594.4904,-136.44022
2.9207637,1.0674883,10.850965,0.025303042,0.0007059584,2.097591,4.6132755,-0.6152937,-7.9823394,0.29355755,32.38351,0.0,0.0,-1.0669118,4.945217,16.0054,694.6465,1033.1161,-74.239334,1783.1793,789.2154,-76.742226,2920.8132,635.7452,-77.58341
2.5787282,-1.217271,12.6439705,0.033505518,-0.004621457,2.3192642,8.461159,0.46496677,-6.8080916,0.01331826,32.28735,0.0,0.0,-0.086209856,4.876322,18.124184,700.34033,1119.0984,-15.151745,1776.224,880.5954,-15.482127,2871.5977,714.5137,-18.382044
2.204457,-3.8194284,15.5985155,0.037240688,-0.007167199,2.0410392,13.3669815,1.7388719,-4.5398135,-0.66015106,32.12689,0.0,0.36977136,1.2285471,4.971173,22.068945,595.55975,1322.1176,-20.383013,1697.836,892.43756,-18.410402,2825.2627,621.01953,-22.686823
1.667934,-9.395847,18.470995,0.026468283,-0.015507112,1.5006236,18.208853,7.6464295,1.6678225,3.4895122,32.06992,0.03780687,1.1739911,1.242977,6.063479,19.877275,483.79175,1325.2368,0.0,1520.5654,902.31036,-20.435846,2543.4795,716.77637,-20.096642
1.4921575,-12.173993,22.219254,0.023840765,-0.020270132,0.9040354,20.504103,10.374547,4.5068026,3.5458133,31.983332,0.047598556,1.4408946,0.4594669,8.592704,18.559258,305.01706,1283.3771,1.7320311,1316.987,875.9216,-21.317167,2298.2654,701.7188,-17.62642
1.4484028,-12.970183,20.245173,0.048564985,-0.026660154,1.0103508,20.505968,12.389217,6.8521214,1.8232151,31.851212,0.045781378,1.9071614,-0.26856178,10.569398,20.332893,369.79883,1075.6869,1.7035341,1356.4037,763.7535,-20.911829,2320.8926,539.63074,-18.629358
1.3391911,-13.735908,19.261436,0.042012166,-0.026704408,0.9000945,20.469889,13.073345,9.63778,-2.1741652,31.703077,0.069498815,1.0816164,-0.10730866,11.463717,21.309702,366.83414,1068.672,1.4381957,1365.2275,776.644,-22.714417,2331.8298,472.0513,-19.871506
1.2219647,-14.990819,18.593351,0.04188979,-0.025969656,0.8767826,21.974352,14.026246,9.732947,-0.8824353,31.608292,0.07277205,0.74132925,0.671163,11.594112,21.476313,363.00903,1109.2914,0.4433163,1358.1849,822.19855,-27.04898,2340.9705,475.71,-21.032999
1.0820575,-17.356203,20.330503,0.014977262,-0.02751342,0.71103305,24.758598,15.788028,12.01327,-0.94381905,31.528229,0.08880162,0.37759328,1.3820075,12.5007715,19.344288,372.56143,1152.8491,-0.31937122,1355.3597,971.64307,-30.085836,2323.273,505.93295,-19.66366
1.0303617,-18.19469,19.167356,0.010833406,-0.03172526,0.8361721,26.983503,16.99006,13.692104,0.16880552,31.416458,0.083774865,0.94291925,1.6770083,13.687051,19.02563,380.2222,1162.5541,-0.4501319,1332.6855,1028.6653,-30.203592,2324.1006,472.27963,-19.475763
0.990599,-18.259005,17.837122,0.00021564309,-0.036156107,0.84002113,28.391586,16.651308,17.218843,-2.6989572,31.302246,0.08479783,0.9067996,1.5989337,13.320351,19.236544,380.33023,1215.5884,-0.067784786,1289.526,1114.9932,-30.298044,2303.6912,443.99878,-19.304329
0.972318,-17.942305,16.62008,0.0006029235,-0.03510964,0.77097076,30.684723,14.825894,17.386515,-0.16101456,31.26632,0.07357655,1.1383084,1.0753653,10.957745,19.590372,373.7491,1235.9772,0.6372507,1257.5306,1076.2533,-28.419703,2303.3171,450.52344,-18.953123
0.9335726,-19.162268,18.440123,-0.006407662,-0.037085682,0.63694924,31.532463,15.154282,17.655685,-0.22958906,31.295189,0.06772909,1.313456,0.49716127,7.143421,19.55076,353.81638,1469.0781,1.2761569,1158.2045,1264.68,-24.067001,2250.8215,511.6753,-18.274603
0.9279547,-19.095438,19.264032,0.005033882,-0.036817506,0.6929681,29.83383,15.43201,15.3021,0.10901785,31.243006,0.043636095,1.7249603,0.33747494,3.4181166,17.903732,360.9706,1474.7831,1.4181129,1213.1844,1355.2633,-18.41583,2235.9666,606.32184,-16.485619
1.0552894,-18.107794,19.793236,0.013007504,-0.036952123,0.8091721,26.109766,16.001978,12.476681,-1.2447462,31.040659,0.04615381,1.7531824,0.6731356,1.6607491,16.911749,355.89676,1493.0516,0.8674526,1252.5018,1348.1552,-16.667889,2255.4746,636.23486,-16.044296
1.2351667,-15.078008,16.648567,0.02362861,-0.03292867,0.97292393,22.54109,13.228105,9.744483,-0.95329326,30.749918,0.036524463,1.308338,0.8166306,1.7676663,16.983189,372.25488,1295.1122,-0.13051112,1403.8094,1160.8732,-20.481966,2314.3464,695.0158,-17.113699
1.3557764,-14.064003,15.746009,0.015083821,-0.028163379,1.0247114,21.808065,12.91586,8.418662,2.6694038,28.066765,0.050890923,1.1926839,-2.469042,0.7738916,18.39984,375.08105,1296.2206,0.5270247,1454.3257,1116.501,-21.102808,2347.406,762.08624,-18.819094
1.2344419,-15.54311,18.701733,0.009329735,-0.02630083,1.0094503,21.763489,17.025366,6.7344403,5.0100408,25.472717,0.050890923,1.1926839,-4.421525,0.9745121,18.445358,361.26465,1485.3867,0.56510407,1346.8005,1356.8754,-19.44955,2270.26,785.54376,-18.066442
1.0801373,-16.052631,20.521042,-0.0022578933,-0.027025754,0.9780461,19.031507,22.683512,6.880983,3.7042787,22.978174,0.050890923,1.1926839,-5.8295884,1.4663447,18.084158,390.6971,1441.9628,4.108991,1398.5504,1849.9454,-16.184294,2165.4207,677.9092,-15.010512
0.98411274,-14.057811,19.941563,0.003241664,-0.025136814,0.87619835,13.039761,25.111252,6.1516037,0.3344617,22.968332,0.050890923,1.1926839,-4.432802,3.8448322,18.5717,375.63052,1424.6198,6.4959064,1474.8115,1677.7357,-14.485965,2164.9192,877.95685,-13.069496
1.001827,-10.373353,14.990729,-0.0006060517,-0.025989018,0.6803937,7.182257,24.049658,7.6850524,-1.976076,22.962053,0.050890923,1.1926839,-4.152665,4.738304,19.49225,396.8635,1110.1039,9.027631,1633.6542,1207.4911,-16.816933,2303.0417,813.0762,-13.30177
1.0062112,-9.690381,14.797055,0.012725984,-0.024455162,0.5311997,4.8713055,25.653818,6.94545,-1.373537,22.93389,0.050890923,1.1926839,-4.4239283,4.8385468,18.943352,374.09482,1043.9918,7.7687964,1653.9824,562.53937,-18.72466,2458.0786,866.74786,-14.113983
1.0031995,-10.61451,15.605236,0.011689569,-0.029832521,0.3917483,4.837879,29.944366,7.694851,-2.965649,22.914154,0.050890923,1.1926839,-5.059377,4.900162,17.278936,387.97302,947.20233,5.897133,1762.5485,688.56445,-18.487967,2396.093,545.10846,-13.905002
1.0296968,-11.146594,16.88991,0.01951875,-0.0317782,0.3756589,4.4129715,32.332348,8.170646,-4.170464,22.91893,0.050890923,1.1926839,-5.9070816,4.750687,16.507349,386.91537,973.56085,4.7145867,1821.5345,731.3587,-16.580986,2355.0808,674.4543,-13.42928
1.0559456,-9.875991,15.182079,0.0067163445,-0.033918813,0.35198864,3.3363621,31.849844,9.974355,-3.1115468,22.936653,0.050890923,1.1926839,-6.1150794,4.32546,17.442923,390.90933,969.4287,4.240029,1831.6288,598.68317,-15.977794,2443.3801,1083.5519,-14.357742
1.0692796,-8.908652,14.301239,0.0060909675,-0.03178789,0.34784648,3.148318,29.129217,11.623482,-2.236899,22.967855,0.050890923,1.1926839,-5.7622323,3.4555476,18.580408,383.7887,948.768,4.3674903,1694.4369,302.24255,-18.63073,2548.3943,1138.6898,-15.849774
1.0418469,-8.9637785,13.132595,-0.00012068311,-0.030787855,0.35541072,3.9966164,30.495787,10.998089,-4.4216323,22.992432,0.050890923,1.1926839,-5.370083,2.2895532,18.319168,390.93503,944.8779,5.184218,1696.703,456.2764,-18.6847,2542.7437,897.3464,-15.794746
1.0014211,-9.9641075,14.566895,0.007932566,-0.030483147,0.3107706,4.8311086,31.237991,8.668057,-6.3866196,23.010864,0.050890923,1.1926839,-5.3807774,1.592449,17.55524,388.34982,931.1631,-63.218323,1686.7949,599.21045,-79.40039,2411.8635,420.76804,-77.111855
0.96273,-10.165945,14.910466,0.014384691,-0.028935505,0.29456234,4.9771767,30.764425,6.4022274,-5.058442,0.0,0.0,0.0,0.0,0.0,0.0,380.02567,987.83716,-131.85548,1648.0114,720.01636,-139.66258,2418.4968,322.2175,-138.53493
0.97383803,-9.305039,14.887642,0.0242699,-0.02531697,0.2718931,4.0642385,27.956419,8.489792,-2.2923365,0.0,0.0,0.0,0.0,0.0,0.0,363.81668,1027.5723,-134.03313,1607.7975,588.7048,-142.0777,2420.3086,422.02475,-143.65063
0.97814196,-9.276061,14.379712,0.032002848,-0.024347352,0.3098994,5.32047,25.12854,8.572559,-2.5801647,33.831818,0.0,0.0,2.2836132,7.031417,27.235825,366.31592,1071.1207,-67.5218,1581.1686,672.9053,-83.79136,2414.0964,519.4228,-85.679016
1.0925916,-11.701282,15.690384,0.038137656,-0.024693118,0.6335941,8.620129,27.363626,5.447185,-2.54921,33.70647,0.0,0.0,3.2036076,5.8102665,28.954256,537.878,1268.7891,-4.888023,1771.0352,914.4116,-25.366867,2597.173,600.7568,-30.160772
1.3123652,-14.619435,18.351128,0.041873977,-0.029506927,1.0754396,13.549637,29.085276,-3.9099386,-5.0740056,33.435352,0.0,0.0,4.4221506,3.7559834,28.523653,776.9429,1290.668,-7.878723,2064.37,1031.6791,-26.671494,2928.364,656.9058,-30.764603
1.5488003,-15.870452,20.371199,0.043021414,-0.030893432,1.2328196,17.317457,29.469284,-11.0146055,-4.3868384,33.128822,0.0,0.0,3.7831852,3.0629842,26.84118,958.6612,1397.1256,-8.917758,2188.6047,1039.6195,-27.553858,3285.656,603.2498,-29.800848
1.6743517,-13.971695,22.133993,0.02912377,-0.033177182,1.2102658,19.593193,24.443106,-16.161985,-5.615101,32.650463,0.017698882,0.7536195,2.2076552,2.5409896,21.429344,783.0608,1378.2592,-4.8487644,1864.5303,993.7075,-19.681057,3034.218,717.7126,-24.001526
1.6333728,-10.071973,23.414663,0.017012492,-0.030525347,1.1259688,22.376991,18.76664,-17.575438,-3.6183064,32.164593,0.018115854,0.7357909,0.7528178,2.6008646,16.453854,539.23395,1477.4697,-1.4063215,1410.1774,1038.4381,-10.214442,2696.5242,701.05035,-17.539858
1.6000223,-6.1471505,21.776999,0.010361603,-0.031379607,1.2563232,24.608774,10.289269,-18.002121,-5.9867454,31.722765,0.014058228,0.5211503,-0.6747225,3.5822232,17.00588,549.92194,1408.0648,-1.6867503,1462.2257,1151.1891,-6.0449653,2487.6543,789.43097,-16.050798
1.5465683,-3.959574,18.520927,0.008924761,-0.02620704,1.179419,26.708776,2.6248531,-16.417234,-3.7864828,28.756933,0.013204329,0.605801,-3.0017326,2.3398669,18.4207,797.8538,1357.4069,-0.5477174,1776.7135,1350.1974,-10.1312,2634.548,707.9844,-16.409903
1.47916,-3.0839922,16.283012,0.0124502955,-0.022408113,1.0431023,28.20153,-4.040404,-14.210422,0.20396502,25.893892,0.010331597,0.55863464,-4.057896,0.93650883,21.78643,1011.70215,1247.8004,-0.8508734,2063.3738,1375.5704,-15.736535,2773.3835,708.45135,-19.619516
1.2813367,-2.3835132,17.143328,0.002252977,-0.008594304,0.9875593,29.74243,-3.5872135,-14.719376,11.801127,23.04534,0.010331597,0.55863464,-3.8323078,-1.312571,21.738213,1015.63666,1245.3677,0.68472147,2003.249,1352.8507,-15.413096,2771.6086,634.1553,-19.880714
1.1210963,-1.447497,19.691591,0.013462407,-0.0016060412,0.9180173,30.875822,-2.3938496,-17.093512,17.243896,22.9936,0.010331597,0.55863464,-1.4292717,-0.2818334,24.61149,986.63745,1136.7592,-1.6228613,1937.3109,1188.3353,-15.649472,2778.6775,592.86523,-22.875124
0.9769308,-3.219305,22.4145,0.009683903,-0.0011705831,0.87155753,32.731934,0.12918192,-17.097223,17.987526,22.948685,0.010331597,0.55863464,-0.3111279,0.7099724,27.070467,1012.19995,1204.9014,-5.5637193,1932.6508,1224.8497,-15.639089,2810.1912,602.62213,-25.1569
0.8682949,-7.3046856,24.151197,0.017478826,-0.008029311,0.7294782,34.217804,1.5376765,-12.717343,11.654399,22.962944,0.15312763,0.40140784,-0.69481564,1.4796416,26.563833,798.49054,1422.0748,-5.431956,1720.0854,1355.9097,-18.136152,2560.44,974.9897,-24.662405
0.7353782,-12.502537,23.684057,0.009096167,-0.017250694,0.6072382,36.026043,4.6419263,-6.4707985,7.935098,22.975946,0.15222634,1.4059877,-2.5259376,1.9568748,23.892767,588.8223,1612.525,-3.3014052,1471.6132,1424.4922,-19.363184,2326.6223,1139.2892,-22.562372
0.6376034,-17.397125,23.646805,0.01041372,-0.025258193,0.52259374,37.44409,7.64496,-0.76774675,5.7071457,19.77408,0.15132505,2.4105675,-5.236576,0.8869683,23.03993,497.4087,1585.6207,1.1566409,1415.3109,1337.002,-19.65096,2308.4197,1154.3036,-20.307985
0.6006403,-19.187426,23.165365,0.0032929836,-0.0290376,0.46916696,38.230732,8.684022,2.3654606,5.0528283,16.651636,0.007627727,3.5723743,-6.9880137,1.1716195,27.78134,619.53217,1475.3408,1.0790229,1568.4082,1150.357,-17.894659,2600.7932,848.12085,-20.026247
0.5900287,-20.289406,25.872787,0.0004110009,-0.029351816,0.49699447,39.469616,8.28365,7.10161,3.9321158,14.270157,0.007627727,3.5723743,-8.175205,67.30534,32.935192,634.2386,1625.7819,2.3678641,1491.5248,1309.5435,-14.21899,2554.8076,870.40216,-18.014956
0.6699732,-17.395552,23.466087,-0.0066311024,-0.029120645,0.4710401,31.578049,12.062524,8.875169,-2.1570961,14.761314,0.007627727,3.5723743,-8.192428,101.90635,35.627857,512.38336,1646.899,-65.264786,1333.0096,1491.4808,-75.420555,2413.6768,832.8603,-77.98516
0.8481674,-20.212038,28.250748,-0.013460171,-0.030138282,1.5263824,29.024963,18.10937,14.99028,-0.27514458,15.441246,0.007627727,3.5723743,-7.0448728,0.0,0.0,391.91675,1593.8442,-70.251625,1172.3558,1526.2855,-78.87856,2217.403,797.71625,-82.598335
1.050896,-21.49573,29.953619,-0.030688519,-0.021746458,2.2778385,23.471323,21.755692,18.89052,4.280208,15.771321,0.007627727,3.5723743,-4.523944,18.24424,31.694077,635.73816,1224.972,-82.21637,1616.7582,1036.0077,-88.334435,2726.4246,571.06866,-91.16278
1.2255713,-22.602037,33.1982,-0.04816152,-0.01261123,3.1270072,24.847933,17.076797,22.957132,11.937446,17.567793,0.007627727,3.5723743,-2.296818,18.262184,32.741673,881.0718,1190.8995,-23.018845,1912.317,807.7823,-32.800156,2993.547,628.08905,-38.690113
1.2344254,-22.42443,33.532566,-0.067775905,-0.009330654,2.7844696,23.83812,16.294746,19.827799,15.5568495,19.21031,0.007627727,3.5723743,-1.763532,18.224165,30.32611,835.96826,1410.4479,-20.1083,1923.19,952.3182,-28.456232,3048.3333,762.89453,-38.132313
1.2107905,-22.43744,34.04888,-0.079656236,-0.01861426,2.2805123,28.431273,16.5502,14.286326,12.469116,20.467348,0.06082763,2.6789062,-2.97952,19.554834,30.919876,772.80615,1447.4039,-12.767449,1913.543,1064.7709,-24.781805,2971.3171,951.9327,-37.188293
1.2015523,-21.873331,33.52982,-0.07380104,-0.02109842,2.2775114,34.275585,16.84762,6.036407,12.797852,20.566923,0.11402754,1.785438,-5.023231,20.901812,26.628569,512.59814,1539.5392,-4.4728208,1575.9791,1196.8549,-14.29171,2653.9912,994.87555,-29.710905
1.2807322,-17.678255,30.321257,-0.07048541,-0.021685654,1.881205,37.762936,11.614835,-0.1742851,9.494317,24.501612,0.4448183,1.1695764,-4.682878,13.737067,26.404257,576.59894,1325.4159,-1.7595253,1550.6798,1030.5255,-9.75883,2610.5251,860.1508,-26.773294
1.3560786,-13.411197,26.828924,-0.060107693,-0.021557616,2.0202305,37.078506,7.954023,-5.5878296,10.613724,28.319178,0.7224092,1.4471833,-3.8219483,6.65403,24.808447,397.14246,1433.0665,2.5891836,1224.6346,1140.6832,-0.42800745,2344.2805,799.9348,-22.440376
1.3456635,-11.792499,26.83137,-0.06678895,-0.029000858,1.2727695,36.517117,9.180923,-9.535202,7.323611,32.06599,0.68279964,1.6175947,-1.8349589,-1.3568664,24.743454,406.13126,1349.5432,3.892945,1215.7714,1071.4628,1.18283,2353.6575,714.15094,-20.850508
1.3383249,-9.7555895,25.094316,-0.0549842,-0.036196444,1.1384597,35.26153,8.391597,-12.119494,0.49443212,31.672882,0.35364008,1.8910908,-1.5823423,-1.9502584,24.419107,403.23282,1358.1302,3.6536093,1190.1171,1071.387,-0.76234865,2330.2437,708.51685,-20.765497
1.3799378,-9.954711,23.951487,-0.046362977,-0.038499847,0.86381966,33.723526,8.783212,-13.598407,-5.7053657,31.221756,0.02422147,1.5667996,-1.1703185,-2.5163467,20.993385,397.89246,1313.863,0.7977316,1162.0311,1043.3805,-5.925976,2284.3955,629.9819,-20.195656
1.3943452,-11.917992,21.351301,-0.02808716,-0.040464118,1.069394,30.684809,8.143933,-11.659195,-10.080531,30.758806,0.009503618,1.2727107,-1.2175058,-2.3605251,21.352385,345.17422,1583.9357,-1.4972794,1090.2692,1192.8275,-11.829185,2250.2986,678.7592,-25.00593
1.4386121,-14.411601,20.731462,-0.008459326,-0.038329918,1.111493,28.672117,8.836423,-9.513661,-9.407027,28.95873,0.0067450604,0.59793067,-1.6463442,-0.8843939,22.32464,344.1997,1630.2017,0.0,1094.2196,1304.1577,-18.77577,2242.8782,736.5922,-30.556562
1.5922518,-15.76913,21.379438,0.008057364,-0.037315752,1.641047,25.553871,12.300904,-7.30818,-9.2685995,28.006577,0.004245502,0.5209375,-1.9325193,-1.0920447,24.53686,349.20804,1611.8619,-14.35189,1161.0004,1323.5258,-25.308603,2378.4883,756.0705,-37.44345
1.6507078,-18.957472,29.03443,0.015054171,-0.03504193,2.6876934,27.332747,17.951479,-4.562071,-2.9596527,23.102652,0.004245502,0.5209375,-2.900994,4.0152836,31.212585,603.25415,1393.3844,-18.917778,1545.2074,1329.8761,-33.601917,2727.871,768.519,-41.61417
1.5431538,-22.989006,36.22537,-0.010308393,-0.0314903,3.401882,27.528234,24.76439,0.3076733,3.0525768,19.607622,0.21610068,0.4336709,-2.7809036,5.349491,35.678127,564.0141,1454.6049,-19.079544,1545.0621,1278.6129,-35.183426,2769.0867,794.5952,-43.13039
1.282458,-25.791422,39.75743,-0.040728915,-0.027736463,3.499632,29.137482,27.569016,5.518601,12.218552,15.455575,0.32202828,0.34640434,-2.848751,12.286199,38.53352,542.9883,1431.0747,-19.798029,1547.234,1173.1913,-35.785015,2703.0635,817.06647,-41.955143
1.1226264,-27.161423,40.61939,-0.05795716,-0.023711348,2.8398364,30.088076,26.696648,9.401782,15.508789,15.940301,0.0,0.17820413,-2.6330936,13.153492,35.03716,341.4769,1461.265,-16.585518,1292.0378,1167.9769,-32.9307,2423.0515,948.29877,-39.265316
1.073682,-27.702684,38.572117,-0.06568315,-0.025001371,2.607394,31.08152,25.432894,9.709842,18.545328,16.217865,0.108601384,0.1705426,-4.6774154,14.354983,31.943464,508.1521,1369.2295,-20.623053,1554.151,1097.8666,-32.990223,2583.518,999.6001,-34.681286
0.99447757,-29.39524,39.694225,-0.0745989,-0.02417513,2.6436355,33.256977,23.985718,12.829068,22.116219,15.932828,0.074600585,0.16288106,-7.5035987,9.817957,28.465483,661.37695,1449.0342,-22.54477,1717.3613,1137.8735,-28.76679,2683.1328,1022.16864,-27.129477
0.8924229,-26.798887,33.91341,-0.08378222,-0.021501081,2.9328768,30.286963,21.403528,13.848804,25.435495,15.01358,0.006599,0.23615317,-8.498657,4.345533,24.435272,582.07214,1563.6735,-16.767187,1669.9531,1099.3651,-25.099737,2613.7761,924.4074,-22.502142
0.7876528,-23.271402,29.55221,-0.07428568,-0.014769883,2.3997405,27.5588,19.735064,14.134843,24.289541,14.372765,0.006599,0.23615317,-7.8739944,0.9524703,23.13887,694.21967,1532.5713,-13.376481,1779.9204,1045.9705,-21.101046,2732.2283,998.15283,-22.104528
0.7164569,-19.800957,25.12195,-0.06994236,-0.011777981,1.7205653,24.609774,17.226254,10.266438,20.165901,16.529144,0.006599,0.23615317,-7.0782413,5.3763123,21.574768,774.98895,1520.9008,-10.426346,1965.567,1006.7991,-19.654799,2700.6194,2006.2623,-21.95806
0.7103574,-19.403265,24.528778,-0.0821313,-0.010908234,0.7451995,24.52271,16.65895,9.053472,16.854939,18.763746,0.006599,0.23615317,-6.81345,11.509369,21.666471,1063.2736,1342.1758,-14.254753,2300.964,912.7161,-18.159737,2974.487,2062.7073,-20.37905
0.731797,-17.348413,21.498894,-0.080143094,-0.012438494,0.76862097,24.265207,12.715484,8.023107,12.710519,21.064117,0.006599,0.23615317,-6.6125503,17.96784,20.33779,1038.7344,1369.9684,-12.46526,2273.5156,886.44653,-16.88059,2962.223,1965.2329,-16.478643
0.78344685,-16.510366,21.792921,-0.073094524,-0.012291081,0.8258186,24.382185,13.370845,8.884709,11.743942,21.066757,0.0790919,1.3829015,-4.9778447,17.800339,21.81383,747.2124,1462.0586,-5.9645324,1850.855,938.7331,-15.037846,2832.11,879.2341,-16.759834
0.8441267,-13.336482,19.580866,-0.055392336,-0.0106005445,0.99888176,21.852465,11.193263,7.2007174,5.3112636,21.032938,0.08605846,2.2560186,-2.843069,16.819956,22.925814,532.793,1505.6261,-1.1913522,1507.7213,953.63617,-14.090553,2601.7415,687.44415,-16.75512
0.9237295,-13.866486,21.346643,-0.060608685,-0.0073677762,0.9615247,19.84585,14.489036,11.093124,7.2971587,20.988092,0.09321428,3.0255356,-0.87118,16.15522,24.241137,242.11397,1556.3944,5.197368,1170.7639,968.6504,-13.784541,2309.8992,471.92432,-17.201128
0.9905317,-12.002828,17.947325,-0.047121316,-0.008142917,0.9005332,16.917929,13.583932,10.996773,1.8816596,20.977682,0.028760396,1.8384137,0.124477066,16.17695,25.138475,257.70795,1539.536,0.87051344,1174.9117,988.60205,-14.678245,2306.8564,402.23996,-16.818583
1.0080632,-13.530659,19.859324,-0.04606992,-0.0065421388,0.7975276,15.949772,17.609858,12.974716,8.094192,20.997255,0.027910918,1.3676729,-0.055918436,16.969366,26.303848,200.89331,1590.8253,4.3701653,1197.8024,949.8208,-14.130402,2304.66,430.6543,-16.326942
0.984194,-13.800583,19.894562,-0.033483747,-0.011590538,0.7179696,15.892346,18.335838,10.177905,4.9178643,21.023802,0.0239124,1.3845683,-0.0006564458,18.00731,26.800917,264.61685,1484.9852,3.8671017,1248.1934,985.8372,-12.775504,2318.2036,481.03146,-15.323413
0.9172778,-16.082596,24.340189,-0.036804195,-0.011901359,0.72938055,17.55011,19.882357,12.978104,8.122792,21.030148,0.01865269,1.973251,0.36063865,19.001886,29.989454,549.6611,1339.9413,3.2567775,1610.0704,892.8994,-13.392453,2616.6887,754.5776,-18.441515
0.832679,-16.900787,25.102774,-0.03022031,-0.012332437,0.69680905,21.867128,16.693068,13.145039,6.6140018,21.01985,0.015143979,2.1211088,0.8642714,19.409372,33.75091,854.3767,1248.6365,-4.308763,1916.9789,852.4191,-16.075874,3006.9268,849.4777,-23.472517
0.7640021,-17.979445,27.091812,-0.029430995,-0.008437146,0.57008463,26.491867,13.54283,14.3581085,11.143349,20.999565,0.014107472,1.8235668,1.172415,19.387209,36.28322,1054.1837,1226.6332,-9.46001,2158.1077,826.0805,-17.57686,3245.5762,1013.075,-26.79657
0.7176593,-18.604324,26.263971,-0.022327885,-0.0049983426,0.48279393,30.404526,10.769009,13.87651,13.020219,20.99539,0.01289919,1.61329,1.3179024,19.382072,33.054653,791.4982,1372.7504,-9.126023,1809.7789,994.0579,-16.377134,2914.3984,903.61566,-22.925339
0.70460755,-18.881582,26.653452,-0.020939602,-0.0047401595,0.41178927,31.586306,10.454224,13.8283205,16.095728,21.00979,0.011370716,1.3177696,1.4717947,19.846252,29.130438,750.11615,1373.8373,-7.9692917,1782.5885,1083.2225,-14.700246,2749.7004,1078.4199,-17.902092
0.69913673,-19.469978,26.906599,-0.019324077,-0.0045391824,0.35822296,32.28894,11.096393,13.567599,16.383127,21.000332,0.012802559,1.5430123,1.1646,19.576794,27.264807,795.25116,1393.9215,-8.026389,1821.973,1052.0219,-15.089027,2745.1965,1000.55804,-16.439526
0.6889283,-18.879795,26.530357,-0.023810625,-0.0045366497,0.30521038,32.24136,10.419402,11.452278,18.160408,21.05988,0.018566437,2.1615899,0.1447341,17.288933,24.899506,1038.3087,1324.9976,-9.241721,2152.4495,1159.356,-15.596425,2874.5496,1146.7338,-16.269592
0.7255268,-19.229109,27.452833,-0.030411324,-0.0051152552,0.37863088,29.79592,12.496727,14.187874,14.032055,21.014025,0.022930305,2.863486,-1.0153978,13.868168,21.999352,807.60815,1382.902,-8.92997,1888.3602,1197.2981,-16.830833,2618.7415,919.6268,-15.806538
0.79061246,-17.564417,24.727844,-0.033490926,-0.005620424,0.52313,24.848923,14.43603,16.460224,8.878168,20.99154,0.0,2.4265182,-0.96930313,12.6928835,15.707416,812.8784,1440.7711,-11.189008,1858.9801,1099.5219,-15.234146,2724.636,667.41095,-11.043771
1.0811294,-15.8745775,21.116262,-0.015354421,-0.013675075,1.0642008,20.547607,17.417437,20.253542,0.62849504,24.80898,0.26846206,1.6923643,1.3641033,10.839771,16.026682,593.53876,1270.7174,-4.108993,1605.9697,758.98236,-16.988474,2634.449,384.00223,-9.899168
1.2999336,-14.588879,17.088755,0.0028496357,-0.021174094,1.3744591,18.827478,17.771883,19.445372,-3.720032,28.67933,0.18953963,0.7500804,3.7870808,9.459274,15.289296,611.9868,1099.2428,0.836312,1646.7333,562.1723,-16.78984,2667.9128,320.4388,-7.7059226
1.534125,-14.170888,16.809938,0.019550918,-0.02717235,1.4204592,19.073618,16.508238,18.740545,-4.948161,32.549892,0.19723733,0.62837976,4.476723,6.770882,16.46875,366.39175,945.09454,6.851992,1424.6556,601.9148,-19.925919,2315.3057,495.68018,-9.616759
1.5676874,-13.138573,16.729591,0.018454036,-0.029590972,0.9901741,18.72701,12.925552,17.68958,-2.8467968,28.111116,0.19358878,0.54738116,1.8792826,7.133654,16.970219,361.94748,929.89136,5.4061046,1419.4506,519.7639,-19.134172,2334.7268,491.84476,-9.506754
1.54207,-10.859016,15.01284,0.022154115,-0.028197974,0.8422157,17.312338,9.699748,17.284145,1.3530941,23.703592,0.18724269,0.8168592,-0.7089315,8.035301,22.53179,354.53043,955.6214,2.7572415,1411.8335,483.0248,-18.7324,2335.713,515.00055,-14.323555
1.4211158,-11.491008,15.463615,0.00819756,-0.020588404,1.0717049,13.496917,16.10202,15.679249,7.1999707,19.181273,0.17584236,0.94521815,-4.487225,8.742856,27.260439,311.8525,1155.6022,-64.87079,1435.5446,710.07587,-78.28411,2295.069,622.2525,-77.59342
1.4369236,-14.045788,19.77814,-0.0086059645,-0.01703097,1.5677427,14.347572,21.834799,8.554556,10.772277,19.675581,0.028383309,1.6391433,-5.716124,0.0,0.0,300.70996,1416.766,-71.21447,1369.6729,1053.8658,-80.96873,2251.5928,749.6904,-84.66081
1.5253539,-18.52059,28.434504,-0.025305858,-0.017596012,2.3069248,22.335287,24.998962,1.2687063,13.43459,20.194677,0.058095008,1.6659094,-5.557902,11.51659,28.495964,502.13785,1550.1705,-80.16679,1557.0223,1313.618,-87.40552,2601.3809,954.273,-90.30542
1.6540332,-20.388481,32.60443,-0.042226743,-0.02591339,3.3030674,27.22695,19.576601,0.17561944,11.331906,20.51928,0.0878067,1.6926756,-2.7905629,8.531138,27.542913,721.79224,1497.7928,-25.265152,1746.1078,1147.2584,-33.839725,2939.3105,857.8555,-37.75339
1.5305363,-22.054197,33.83299,-0.048646186,-0.026686775,3.7161417,29.804037,16.238867,9.095177,9.115869,20.499624,0.1017916,1.1678634,-1.0412139,8.825213,27.198584,757.48065,1448.451,-27.165247,1784.4801,1364.2301,-38.95581,2909.3967,852.4079,-38.512253
1.3116068,-25.418097,35.54377,-0.07481167,-0.028282711,3.508195,28.842184,17.462774,20.102043,6.335111,20.737524,0.08788701,0.7832642,-0.9800839,9.190926,23.622053,587.0007,1512.857,-23.17379,1552.764,1722.6383,-39.21394,2493.706,796.01636,-33.49147
1.099358,-27.382805,36.025227,-0.084467135,-0.027613139,2.768347,31.575111,18.797293,23.530035,4.851305,21.391428,0.073982425,0.39866504,-1.3947288,13.441528,23.703232,630.26306,1503.6747,-20.587492,1619.9252,1655.2389,-30.976768,2538.9817,905.8819,-28.648024
1.0431937,-28.036898,34.698177,-0.08263741,-0.02808206,2.5206242,32.56297,19.344965,25.715906,6.1448197,21.727701,0.04522125,0.4777459,-1.4776028,14.075887,18.07604,601.2685,1522.286,-15.726514,1608.7499,1504.1107,-25.435297,2571.3318,863.2841,-21.062084
1.1922867,-21.606195,24.464605,-0.063734904,-0.025100946,2.4644926,28.627695,15.514388,25.61558,10.99326,21.727552,0.08420289,0.77119464,-1.2030345,12.886352,14.32249,583.6353,1342.3651,-10.940745,1671.7593,959.2141,-17.818903,2641.1692,742.8514,-16.003647
1.4112896,-15.53958,16.406534,-0.037155017,-0.026427567,2.448682,25.150137,10.278275,27.910858,10.838222,21.660824,0.09626542,1.149759,-1.0359703,11.673505,8.543559,375.01413,1204.6697,-68.42867,1431.0905,963.3489,-79.621864,2309.7595,684.4179,-73.39913
1.5934143,-9.670737,10.021368,-0.027159529,-0.027050784,1.9133612,20.753843,5.4524536,23.598267,6.819713,0.0,0.0,0.0,0.0,0.0,0.0,394.10876,1000.00464,-133.89104,1484.7782,637.6713,-138.7688,2351.5095,649.2803,-136.78218
1.6706082,-7.4900336,8.595977,-0.0125116035,-0.025417505,1.46107,18.449858,0.566617,17.057648,-0.12682468,0.0,0.0,0.0,0.0,0.0,0.0,416.19943,988.334,-201.0,1478.0796,709.64764,-201.0,2332.599,693.15283,-201.0
1.6792759,-7.295053,9.790203,-0.014858766,-0.020507483,1.0536721,18.131102,-4.036953,11.258632,-1.283351,0.0,0.0,0.0,0.0,0.0,0.0,436.77267,988.5586,-132.83702,1440.5337,807.82965,-129.79333,2312.1084,701.12506,-132.03087
1.6944555,-5.64356,9.130126,0.0034200612,-0.008622157,1.0095321,18.33638,-10.072581,6.6248994,0.66327596,32.39385,0.0,1.2582154,-0.7513069,7.4681516,7.973592,458.43637,1041.9935,-65.106636,1388.6881,941.9121,-59.293488,2279.486,730.9502,-65.443596
1.7054516,-3.315956,8.954068,0.023451915,0.00043080343,0.97222346,18.88902,-14.198695,4.581406,0.20781581,32.317616,0.00887804,1.1292429,-0.15225768,5.5964303,12.571053,673.78204,1040.5062,2.4157414,1636.2797,898.2917,5.455063,2671.9092,697.0725,-5.31278
1.7612365,0.4792751,8.347065,0.037933063,0.011762147,0.94388294,19.952225,-16.846949,0.15566571,4.737935,32.173557,0.010604345,1.0190674,0.27679208,3.070439,12.899951,644.63794,1167.5906,0.37260136,1553.2946,914.7961,1.1045042,2635.0076,649.7178,-10.91817
1.7251457,1.8941575,9.624555,0.02339823,0.013498784,0.95612305,21.479256,-15.280845,-2.4263866,7.8088017,32.07197,0.010647989,0.6933348,-0.52942383,3.3427563,12.965854,613.95123,1198.6254,-1.9987068,1515.6078,844.9727,-3.5124414,2618.7595,590.81256,-15.100797
1.6337104,1.453133,10.160064,-0.0030289646,0.009252957,1.0326028,23.123896,-11.478538,-6.6881676,9.122684,28.478949,0.17767154,1.2787839,-3.1169116,6.233032,12.031835,381.08066,1282.6324,-3.4686022,1183.5236,920.4333,-0.9393768,2201.514,563.57544,-12.860869
1.493226,0.797198,11.906228,-0.005057432,0.0029401619,1.1114091,24.42438,-8.342526,-7.990513,5.8155212,24.767397,0.34262657,1.8209711,-4.6632137,9.50364,15.579964,377.68433,1316.2305,-4.173556,1160.3198,946.73126,-2.2386665,2213.0203,547.92346,-14.005767
1.4072751,-1.0867208,14.721843,-0.010693155,-0.004120101,1.12787,23.693932,-2.9635823,-7.6888866,1.6326193,21.124794,0.50892216,2.627645,-4.4794292,10.408639,19.70512,581.91144,1228.6024,-4.976294,1492.4487,872.14105,-6.644926,2566.0554,543.99603,-15.522595
1.3609214,-3.6932774,16.772799,0.0015007127,-0.00970338,1.051371,19.422918,2.6481593,-4.0383906,-1.6404763,21.011887,0.50892216,2.627645,-2.2648442,10.051755,19.385279,632.7068,1347.6549,-5.515232,1442.2731,1190.0669,-10.439843,2554.0159,624.22125,-16.468565
1.1938443,-7.6174293,17.182356,-0.015230586,-0.014010741,0.9063339,17.985983,6.1116815,1.2222617,-2.5871975,21.028141,0.50892216,2.627645,-0.60628676,9.131379,19.551653,646.0752,1366.874,-5.478905,1473.7267,1285.3014,-13.116347,2549.7402,698.20685,-17.90529
1.0246363,-10.566713,16.379396,-0.011972203,-0.014764306,0.6994292,19.915934,6.1273284,4.924455,-0.5653388,21.04843,0.3617381,1.9859599,-0.30274096,8.620528,19.555416,411.85156,1597.873,-5.1253123,1133.5845,1486.4347,-10.693419,2193.2615,784.04376,-18.554644
0.85053796,-12.418929,17.579262,-0.027424982,-0.011398539,0.5664378,25.226873,4.5799427,7.5788574,6.234984,21.070976,0.19300437,1.2753066,-2.3230293,6.9001546,20.76349,324.36038,1631.7462,-4.2929373,1182.3033,1258.8848,-10.545322,2182.2573,810.7327,-19.41236
0.8044625,-13.455082,19.198395,-0.01945217,-0.0133405505,0.51995593,28.493097,4.973151,6.2061667,7.1936703,21.064938,0.026591972,0.5485818,-6.34028,5.7856255,23.568186,519.09393,1565.4315,-5.8699174,1495.6849,1164.3866,-12.891923,2455.3975,816.51227,-20.574697
0.781564,-13.943648,20.736532,-0.021498986,-0.014402282,0.5303932,30.497818,4.2393603,6.7076664,7.1795564,20.986341,0.009076606,0.518332,-8.353215,6.8639855,26.43212,767.26447,1473.0475,-7.05705,1875.2201,1319.1339,-16.270391,2632.6829,908.9733,-20.227394
0.7954078,-14.765659,23.196505,-0.010544118,-0.018254155,0.49968302,32.550617,3.837815,8.836221,3.2278354,24.254663,0.013110892,0.5570504,-4.677829,8.900735,28.247961,1080.1158,1406.7574,-14.413676,2237.7683,1415.0527,-23.734688,2877.1272,977.0073,-23.116768
0.8341587,-16.267672,25.567644,-0.008921974,-0.016049081,0.62715197,32.64604,5.491982,12.673696,4.3058057,27.495224,0.014823853,0.6118402,1.2343441,10.481361,28.690294,1089.7216,1429.5732,-20.476608,2218.1936,1552.0079,-27.566086,2828.5693,1011.45624,-25.260653
0.86772996,-18.172575,28.335556,-0.00017207458,-0.015215486,0.69330865,32.045395,8.834714,15.152756,5.5751476,30.740248,0.14600275,1.3415326,5.447573,11.287745,29.0734,865.15405,1401.9004,-16.766762,1897.9261,1313.5189,-28.480247,2741.9524,965.50854,-28.744162
0.8999675,-19.445654,27.382349,0.018648125,-0.016150042,0.6750982,31.948257,11.654714,16.605074,6.551948,30.590826,0.14806399,1.2036084,4.2416315,12.824061,28.956635,587.2035,1336.1132,-8.4437475,1629.3573,1151.026,-22.590073,2629.4207,790.72974,-28.018158
0.90405273,-21.107153,27.600098,0.035543267,-0.019498643,0.61842215,32.72478,14.398267,16.675783,6.662153,30.497305,0.15330274,1.4828582,0.8527403,13.525654,24.339172,371.43765,1351.018,1.0020709,1402.8442,1095.6176,-14.960389,2487.9402,752.7803,-23.337103
0.99682856,-20.714903,26.28113,0.042668477,-0.021264056,0.5953961,26.859726,22.068098,13.248752,6.6691585,30.487406,0.02980628,0.83999556,-3.1777275,12.74538,19.869139,364.88992,1355.3763,0.99237126,1415.2197,1138.4296,-9.394908,2486.6523,660.0862,-18.876766
1.6900549,-13.73253,22.320387,0.027876996,-0.009173368,1.2517611,18.886164,17.69851,4.849046,6.8909554,30.458244,0.03091454,1.0119525,-4.791345,10.717377,16.485853,540.05426,1239.89,-3.0975068,1620.849,1065.6122,-9.031149,2711.1196,588.7059,-15.594525
2.4482114,-5.975098,14.481556,0.020979038,-0.0011400583,1.4963841,9.945914,10.582183,-2.113518,3.8570783,30.42589,0.029722093,1.4713663,-4.4995008,9.1302805,16.926878,736.1221,1129.5526,-6.541616,1834.4745,961.25275,-11.462449,2959.285,487.72256,-16.578985
2.8632858,-0.9766329,10.791654,0.030004976,0.0035458964,1.8315996,8.8629875,0.6022442,-3.699169,2.2657602,30.390947,0.026085952,2.1232004,-2.7206328,8.335172,16.110155,962.5713,985.81256,-9.81947,2109.9392,846.86084,-14.649487,3190.8271,467.50903,-16.481081
2.86296,-2.216194,11.101017,0.031202054,-0.0018817441,1.6729407,8.989155,0.77396464,0.28569555,1.1197871,30.444435,0.0331887,1.9224418,-1.9360795,8.267945,15.820193,823.9556,982.83026,-8.60452,1910.1161,872.2502,-16.061506,2931.1748,668.6768,-16.056488
2.7741244,-2.9833412,13.635814,0.027289212,-0.004094031,1.7519797,12.184785,0.664211,3.2993002,2.0309598,30.553404,0.0424065,1.2634807,-1.9903685,10.643611,19.378105,779.5183,1017.26483,-9.257832,1880.833,839.19305,-15.929942,2927.6055,656.4958,-18.341972
2.5785027,-4.3501086,13.456333,0.013596621,-0.007416576,1.8694534,15.033896,0.26406097,6.0523925,-0.64011854,30.48382,0.047596585,0.32766426,-2.3429794,10.448638,20.309717,748.45233,1046.2864,-10.938858,1830.8522,805.509,-16.070854,2895.448,659.80475,-18.55504
2.1121635,-6.650406,14.31927,0.0073966603,-0.010406434,1.5817895,18.385595,1.1692067,7.6036224,-1.3821144,30.346237,0.06587821,0.8170364,-2.07282,9.098682,21.456093,712.637,1190.9469,-9.393346,1801.8193,917.1326,-14.545302,2864.1406,706.18945,-21.06442
1.660107,-9.477371,15.058716,0.015032615,-0.013930813,1.1799453,19.896162,3.8973815,9.22745,-2.5124648,30.136055,0.08116797,1.0599805,-1.12932,3.960306,16.646185,554.21704,1247.0414,-7.3252816,1588.5049,980.9023,-13.472568,2592.426,800.04266,-19.012861
1.5697613,-11.106603,17.658934,-0.0018274622,-0.010757782,1.0123498,20.137386,5.465406,8.035957,1.2825595,27.09773,0.10048545,1.57978,-2.2519026,3.090751,15.795505,382.16553,1400.7686,-0.48177943,1333.64,1166.8735,-8.994526,2358.6204,905.646,-16.413492
1.5754982,-10.693416,17.292704,-0.0039963103,-0.009001616,0.92164296,17.42201,8.464155,7.3180795,0.32225323,24.077278,0.10048545,1.57978,-4.0576105,3.7181787,13.990215,408.66275,1421.1425,3.0718548,1321.0289,1271.0504,-5.5372295,2368.549,836.24225,-11.913899
1.7457565,-7.8460846,13.146076,-0.00081408024,-0.009562955,1.1392676,11.381621,12.866685,4.9855847,-8.467461,21.078156,0.10048545,1.57978,-5.995273,6.870323,13.550549,401.02768,1407.6608,3.1568947,1309.2803,1284.1708,-3.350394,2387.2117,658.61475,-8.746294
1.9628067,-3.1031544,5.485516,0.016367553,-0.013736832,0.9621501,4.042166,16.114275,3.9155807,-21.270979,21.068459,0.10048545,1.57978,-6.1673923,8.7275,11.859691,405.8215,1315.5366,2.8415248,1368.4926,1399.8878,-5.3427773,2341.505,437.6006,-8.0340395
2.16829,-0.1514203,1.9291096,0.014717132,-0.02029681,1.1113073,-0.89007896,20.39268,1.5524741,-27.462593,21.064684,0.10048545,1.57978,-5.642879,10.020351,12.063938,401.99936,1118.2314,2.0102694,1501.1538,1175.8408,-6.750004,2352.336,186.78139,-8.842624
2.1617029,0.38041237,1.7332739,-0.001802288,-0.021711133,1.0222818,-3.1932638,21.897688,-0.52616143,-25.102072,21.056635,0.10048545,1.57978,-4.7572455,10.183738,12.686704,429.12878,976.90015,5.1652913,1574.7543,1044.5713,-10.424734,2366.1418,182.08093,-9.614928
2.092241,-0.31796157,2.8775864,-0.01822791,-0.022747867,0.97425246,-2.9805403,22.490524,-1.0947411,-22.191328,21.055014,0.10048545,1.57978,-4.47468,9.308267,13.527465,438.69144,849.29987,4.491444,1606.8398,730.50287,-11.34959,2462.7017,127.08329,-11.140145
2.0768154,0.12696214,2.2442198,-0.02028223,-0.01965184,0.8041281,-3.2000282,21.080112,-0.19266088,-23.505522,21.055237,0.10048545,1.57978,-4.992466,8.125465,15.45268,429.20914,814.0246,4.2394814,1544.6317,638.3893,-12.45943,2447.5833,144.78096,-13.361438
2.1000183,0.60565126,1.6336352,-0.019667692,-0.018977046,0.7486593,-3.1494923,22.05404,1.9457822,-25.475393,21.063871,0.10048545,1.57978,-5.3828053,7.008457,15.160001,436.8944,783.71686,4.3119364,1571.9209,687.16016,-9.984105,2405.8428,228.70216,-12.709763
2.081829,0.18159604,2.8436947,-0.014278258,-0.01809494,0.7790075,-3.4605186,24.247889,1.5644126,-25.814562,21.066875,0.10048545,1.57978,-4.467962,6.400683,18.361961,434.38196,796.84467,4.4961257,1573.275,748.5991,-8.8447485,2364.8096,344.52173,-14.964818
1.9652625,0.029843887,3.2932205,-0.0086213015,-0.017806929,0.77938324,-3.169747,24.467978,-0.43873337,-25.72643,21.070532,0.10048545,1.57978,-2.5854752,6.148178,19.19273,439.74863,833.8216,4.2271867,1592.0768,895.5075,-7.989109,2364.3428,385.49365,-15.403121
1.754058,-2.883135,6.6774354,-0.012070135,-0.01821885,0.8101158,0.36777958,22.695887,-2.4489782,-21.26845,21.064543,0.10048545,1.57978,-0.97316664,6.1792984,21.539698,449.24097,890.60736,3.6849623,1554.0391,971.55634,-8.732445,2451.2422,437.69992,-18.022802
1.5246882,-4.677429,7.758936,0.004577284,-0.019450117,0.70990366,5.164051,17.017115,-3.2264574,-20.276505,21.060387,0.20481516,1.873298,-0.065157205,6.2876143,21.905355,449.39346,987.144,3.705918,1544.2885,1034.6849,-9.387967,2591.0166,966.8132,-18.583658
1.290393,-9.4638405,13.721835,0.0019973007,-0.02193907,0.67904633,13.073756,14.377572,-2.3279784,-15.91738,21.060492,0.17309771,1.6693029,0.12760855,6.559082,20.76676,484.3663,1112.5614,4.527472,1584.1305,997.10297,-9.059907,2819.6682,970.0567,-16.75396
1.1253868,-11.350387,15.657271,0.0071133524,-0.023098737,0.55709416,17.406439,12.626549,-1.1411475,-16.735472,21.070385,0.1422848,2.0370948,0.05623718,6.675677,19.346128,479.69363,1179.0438,5.819412,1533.5502,1058.7692,-7.080097,2782.8782,974.9134,-13.852258
1.0877701,-12.18174,16.551714,-0.010786332,-0.020148678,0.48983946,20.02095,10.66288,2.9176686,-15.520485,21.0786,0.0053897672,1.7148031,-1.3929744,6.4427657,15.259303,477.02823,1168.1748,6.1437607,1457.1263,1070.0939,-6.2584643,2643.468,431.3784,-8.960053
1.0636972,-10.669541,14.225125,-0.010001066,-0.01714452,0.4240223,18.16342,8.290774,2.381428,-17.334948,21.07155,0.00451985,1.5091563,-3.2224915,5.649157,11.502969,439.91187,1078.0077,5.2542415,1337.5594,1084.7633,-7.3271217,2447.9114,476.57327,-5.8812356
1.2641706,-7.796913,12.016458,-0.01438659,-0.015284236,0.5037217,13.128264,8.062941,7.2148767,-15.883183,21.060644,0.002745363,0.7317228,-4.653179,5.0964465,9.446639,439.4181,969.89716,3.6812894,1453.5654,861.0922,-10.521713,2398.9702,492.842,-5.5056767
1.5664431,-4.392547,9.481324,-0.013482506,-0.021589248,0.6305833,4.4722457,13.070704,7.9575562,-15.672439,21.06494,0.0027232943,0.35085452,-5.123535,5.4051056,10.434247,441.27658,800.0754,2.6256347,1542.8239,631.7704,-13.580485,2475.278,565.97235,-7.2131114
1.771748,-2.8080606,8.032309,-0.01365153,-0.020670392,0.7256739,-0.333923,17.84044,11.357986,-12.645879,21.778206,0.0027232943,0.35085452,-4.7346373,7.9419427,14.884242,445.27707,769.89374,2.9338849,1668.0952,376.86807,-15.184674,2564.9927,878.4751,-10.2478285
1.7466507,-3.1286478,7.825415,-0.011149731,-0.020769022,0.7008603,-0.62263393,18.436712,8.042785,-9.879275,26.40429,0.0027232943,0.35085452,-2.259092,12.552585,17.440325,441.32376,794.3442,1.4908799,1659.8462,381.02026,-18.880486,2599.9695,1052.308,-14.222618
1.5390509,-7.770748,12.658366,-0.00083852,-0.019933907,0.7449159,5.623863,19.16302,2.9172952,-4.2277455,31.028765,0.0027232943,0.35085452,1.1490096,17.961035,19.483183,342.1686,1975.9238,1.0480249,1320.2231,814.04865,-20.90966,2381.9163,1138.582,-17.365074
1.450745,-12.049476,15.883304,0.008815418,-0.025077773,1.0060602,12.995185,18.077158,2.457818,0.8538731,34.953922,0.33514884,1.0929492,4.1318755,22.35556,22.38005,447.48715,2067.299,0.0,1353.1064,924.8453,-21.953787,2477.8767,821.472,-21.333359
1.4171171,-15.514758,18.695633,0.037344646,-0.026392078,1.0351804,20.416306,16.95416,2.9970396,2.1027634,34.948147,0.362722,1.242025,4.783878,24.830818,27.488626,584.366,2181.0898,-22.993145,1454.8805,946.5508,-16.795824,2706.286,649.88055,-23.544596
1.4219157,-16.377035,20.062462,0.05107196,-0.020670718,1.1579226,22.276794,15.642009,2.8917704,0.56102854,34.893997,0.378466,1.4139725,4.409212,25.87175,31.638346,856.5215,1212.1925,-23.684282,1941.6244,607.0898,-15.214549,3148.078,514.4651,-26.34345
1.5059074,-14.961417,18.866444,0.07098224,-0.013019822,0.78637934,18.100908,16.395573,-1.7265987,-1.9309983,34.72505,0.05411014,1.0285987,3.5935185,26.101082,30.398384,932.90576,1187.5946,-26.689575,1994.6185,592.743,-13.825789,3279.1829,438.51608,-26.250391
1.5827732,-13.216794,16.139412,0.05859883,-0.015038834,0.8753354,13.621337,19.654188,-0.052888233,0.010432084,34.125843,0.030067926,1.1556095,2.5334864,20.338673,23.272156,775.5197,1151.1593,-18.442472,1911.945,713.5373,-19.031729,2896.6658,547.5676,-21.451136
1.6247925,-11.343643,13.124484,0.057157483,-0.021244198,0.701751,11.675418,20.251091,5.389387,2.2817905,33.43971,0.032162253,0.9758374,1.4581391,13.602174,15.245929,575.055,1118.1102,-10.36492,1789.5728,677.0361,-21.31467,2549.3489,871.79425,-15.299706
1.5795568,-9.204989,10.836682,0.037314743,-0.027155874,0.9670102,12.85556,18.233818,13.546786,5.3201714,32.91621,0.033345744,0.6497356,-0.4870198,5.3868394,8.796277,366.78043,1094.8296,-0.8615287,1651.0646,657.8103,-23.97789,2165.6067,1159.9823,-9.657805
1.5299,-7.4960217,9.790948,0.03690706,-0.024597354,0.8796093,13.664642,13.247975,17.012465,2.039393,32.817574,0.043360606,0.38504618,-1.4150584,3.5915203,7.8123493,349.75455,1151.1897,-67.705925,1657.1198,567.75714,-82.3684,2175.1145,1287.779,-72.914154
1.4154259,-7.437391,9.157395,0.014074195,-0.019707644,0.9336023,16.047464,9.280772,20.399553,1.240215,0.0,0.0,0.0,0.0,0.0,0.0,342.60495,1298.0051,-134.42796,1569.514,918.32196,-141.28954,2111.093,1058.8954,-136.72697
1.2899513,-7.5809007,8.227071,0.012018219,-0.020395508,0.82497877,16.766663,4.9418526,20.339651,-5.1564083,0.0,0.0,0.0,0.0,0.0,0.0,351.67624,1355.4247,-133.81036,1585.7946,1154.4712,-136.79697,2059.8796,1058.166,-138.23549
1.1515127,-9.60629,10.702564,-0.007371357,-0.021891022,0.8525463,17.93581,6.0414634,19.42077,-4.2213283,21.027256,0.0,0.0,-4.071983,5.857463,15.938096,385.4271,1274.4694,-66.7629,1545.5177,1270.7808,-73.21428,2113.0095,882.96967,-75.4764
1.0715756,-10.012852,12.865772,-0.013480346,-0.026622998,0.74424773,16.2537,7.6948943,13.429244,-8.017543,21.026247,0.0,0.0,-4.085378,6.016123,16.217619,417.23886,1138.3434,0.50635976,1622.3197,1157.3917,-9.728658,2166.7327,1048.9783,-12.411919
1.0433387,-11.860425,16.77413,-0.022862604,-0.027568689,0.5868526,15.417163,13.8294935,10.543718,-6.660755,21.033396,0.0,0.0,-4.693802,5.8477607,16.630823,425.27994,1067.8275,0.6738921,1591.92,1058.7391,-10.16506,2330.2588,915.57715,-12.142037
1.1250472,-10.120826,15.987109,-0.022204615,-0.030573495,0.49044082,10.046227,20.895178,5.6094327,-10.605794,21.0371,0.0,0.0,-6.2947326,4.752234,15.920181,423.2161,997.1538,1.4703957,1628.5333,905.1152,-9.35222,2464.6995,730.88983,-10.931909
1.2975568,-6.573255,11.564351,-0.004647393,-0.031197503,0.5123232,4.6845446,26.917719,5.743857,-14.731079,21.039825,0.0,0.0,-7.7246113,3.6524448,16.368149,419.70786,925.91144,2.4462082,1720.9556,863.58246,-10.279773,2461.079,367.08786,-11.438327
1.5463947,-1.4506884,4.8739777,0.002580264,-0.031465713,0.6190447,-2.3933747,32.25102,2.524502,-17.686493,21.035425,0.0,0.0,-8.444397,3.2714481,17.420324,420.57825,907.086,3.3381474,1831.82,944.0594,-12.250839,2311.7805,275.00333,-12.674564
1.6592321,1.4110383,1.422342,0.023538612,-0.029818906,0.70346975,-5.9137,33.163193,-0.15476418,-21.13401,21.037786,0.0,0.0,-7.3524156,3.400304,19.081167,396.88608,983.3714,0.675762,1827.7457,1169.3641,-13.065455,2170.5676,360.60587,-15.081773
1.6916533,1.9868774,0.10615023,0.019704282,-0.029847266,0.78179413,-6.549332,36.125076,-2.7839677,-21.26768,21.03693,0.0,0.0,-6.137646,3.4869432,17.970072,396.12973,1003.48193,-0.6645593,1691.2682,1154.0387,-12.472966,2240.7168,604.0821,-15.181785
1.5211493,0.51476246,1.6963415,0.028412104,-0.033412177,0.7728491,-4.2175317,34.87605,-4.930395,-23.025484,21.03108,0.0,0.0,-4.4586816,2.9020643,16.903414,389.5603,1062.8683,-2.6194775,1613.5747,1363.3597,-11.193359,2314.2014,530.3733,-15.736229
1.392059,-2.0205576,3.656679,0.0039459714,-0.035605162,0.70949674,-0.8368488,34.171886,-3.210123,-19.559713,21.018839,0.0,0.0,-3.2062218,1.8782085,16.455317,423.37808,1039.5219,-1.8049656,1589.8842,1480.832,-11.883687,2367.7922,355.21786,-16.879148
1.2739418,-3.215352,4.994864,0.0011294876,-0.036104392,0.60017407,0.11402539,30.352804,-4.5255523,-18.029593,21.015886,0.0,0.0,-1.4555072,0.96425694,17.157804,415.26938,1026.925,-2.5596292,1616.5101,1413.2338,-12.450379,2400.5403,93.0371,-18.806917
1.1986741,-5.2920012,7.3745847,-0.019832062,-0.03274711,0.5225692,2.3503664,29.910875,-1.8247956,-13.338661,21.024855,0.0,0.0,0.24538124,1.1756318,17.899738,422.11032,976.24164,-2.7315338,1555.2892,1161.9719,-13.5304,2428.8887,98.956024,-20.102385
1.0576972,-7.3689475,10.495964,-0.010529723,-0.03233328,0.5042344,6.1998596,25.461386,-2.8290129,-12.02629,21.034845,0.0,1.2411441,1.4808401,2.5687773,19.760843,416.33194,979.7448,-2.8965728,1526.256,926.3162,-15.199191,2527.47,461.6704,-21.766134
0.90668136,-11.5210495,16.473938,-0.011546973,-0.031850923,0.47335854,13.81553,21.628462,0.5220867,-7.22339,21.044592,0.007541377,1.4782152,1.4669456,4.3985553,22.117823,432.34985,1036.0658,-3.5470524,1511.1455,998.32904,-17.492525,2538.1047,904.1833,-23.300926
0.8427569,-12.808536,18.881876,-0.007387214,-0.03427288,0.42393264,16.968504,17.471327,4.452898,-11.570221,21.023651,0.0,1.5221807,-0.010777076,6.2583222,23.23059,431.95923,1001.3835,-2.334512,1533.0404,906.2509,-19.213259,2577.8848,939.49164,-22.018845
0.8939499,-12.866719,18.110834,-0.00909151,-0.031553794,0.41114596,16.139532,20.754229,8.49449,-12.434254,20.979895,0.007445357,1.6356343,-1.7547646,8.609509,24.491945,433.94223,1017.14874,1.1455042,1579.6761,1018.43146,-18.210516,2521.16,865.9924,-19.3352
0.9669586,-11.030815,13.846168,-0.016189635,-0.03333022,0.3561025,12.1427355,23.694237,10.744094,-14.62788,20.551722,0.006230883,1.1128997,-2.6616209,11.904347,24.17695,428.72647,947.6194,6.149367,1592.5573,922.83905,-15.189816,2468.595,581.34467,-14.882595
1.0164437,-13.516861,16.764725,0.0046821837,-0.030936614,0.63651437,15.184514,24.477814,10.142498,-8.606926,20.460274,0.0062086866,1.0203415,-3.088274,15.228648,24.392992,415.14355,1081.5135,8.825313,1545.0474,1097.5522,-11.5325165,2364.8853,774.91473,-13.481786
1.1551863,-14.438844,18.45957,0.020089107,-0.025506685,0.85684246,20.087122,19.420824,7.7640204,-2.680212,18.69866,0.0038019344,0.38415334,-4.77057,11.931081,23.57431,382.86987,1109.1447,7.4869456,1404.9542,931.75934,-9.967626,2289.011,648.3323,-14.418228
1.2463766,-16.820427,22.997116,0.05084325,-0.022739977,1.0684422,25.337774,16.379097,4.7246222,1.4705452,19.131691,0.0038019344,0.38415334,-5.757269,9.146832,22.768372,369.43008,1186.1364,2.8473198,1332.2357,965.6639,-10.08401,2294.5867,708.9141,-17.891556
1.2022456,-15.030837,20.866499,0.033247817,-0.01948777,1.195856,25.423141,14.7529745,1.3058289,0.7657439,19.249306,0.0038019344,0.38415334,-5.560676,5.1262665,21.713179,375.96143,1097.6249,-1.3926312,1301.2427,802.21234,-11.70679,2376.7322,542.4188,-19.69329
0.9714287,-14.688291,20.099993,0.0119814025,-0.025356105,1.0417961,24.676004,13.018643,1.4121281,-1.6200851,20.514275,0.0038019344,0.38415334,-5.573126,6.823606,23.031687,412.85474,1107.172,-3.6590621,1391.3198,866.64746,-13.780917,2515.4004,582.0312,-20.143179
0.9367991,-11.265846,15.308388,-0.014065773,-0.026699094,0.8773976,16.270052,17.637865,-0.32867065,-4.2683454,19.976778,0.0038019344,0.38415334,-6.8685136,6.448789,24.246094,427.306,1016.9558,-69.52291,1496.2832,776.48065,-76.97576,2590.136,481.49844,-80.11796
1.0194287,-8.939698,10.998424,-0.02441743,-0.030042218,0.45524263,8.025155,23.0902,-1.1175936,-3.9804523,18.338089,0.0038019344,0.38415334,-11.436191,0.0,0.0,434.3348,952.8226,-65.87557,1600.942,697.85236,-75.40351,2610.165,420.57388,-79.519806
1.3369435,-9.025206,13.441848,-0.0074433316,-0.028231578,0.93832916,6.1386943,27.562277,-4.361509,-1.0770063,16.445038,0.0038019344,0.38415334,-11.971688,7.220723,36.12743,405.3883,979.99835,-131.58183,1532.1235,692.9008,-137.11882,2511.9573,503.50137,-139.57245
1.5145253,-14.182925,22.856512,-0.008782146,-0.0290376,2.247572,18.653305,23.28946,-3.2842653,4.9454093,15.390477,0.0038019344,0.38415334,-10.349888,0.0,0.0,613.6693,1282.7046,-75.21099,1554.8019,1579.3878,-80.43758,2431.125,844.1616,-84.62661
1.5619766,-19.954481,32.727993,-0.012018102,-0.025240898,3.399977,25.981012,20.670355,5.435529,8.814943,15.467137,0.0038019344,0.38415334,-4.9132714,11.428686,35.173073,522.80304,1566.0631,-79.62713,1445.0858,1806.7456,-87.74802,2337.2969,1002.3133,-93.09765
1.3804222,-22.220629,34.45177,-0.064669944,-0.017350227,3.7479954,26.713816,19.789846,13.212588,10.508101,16.345528,0.06339594,0.2625278,-2.108032,12.007131,31.921793,781.2392,1416.7544,-22.204264,1805.9961,1638.4164,-34.114834,2725.6277,733.6155,-36.48532
1.18727,-22.764643,32.793434,-0.09133067,-0.0049946965,3.0604832,20.372423,22.198174,21.81225,10.562612,16.364244,0.12298993,0.14090224,-3.034647,14.427617,29.23066,840.342,1062.6965,-19.936861,2097.8926,633.23834,-34.504093,3062.1672,390.2235,-33.95195
1.2267263,-21.250484,29.541862,-0.1097967,-6.509526e-05,2.3751755,18.921434,20.73487,22.111649,9.069675,18.701433,0.18258394,0.019276682,-3.5778148,9.735298,22.497917,1169.4677,790.92316,-25.01803,2495.6555,364.69107,-35.12555,3405.2444,339.47165,-29.17408
1.285138,-22.016214,29.917696,-0.089172475,-0.0052996776,2.0750437,19.918596,22.062803,24.266169,6.902853,20.920404,0.18258394,0.019276682,-4.027635,5.3893094,22.133926,1123.7822,909.389,-19.197094,2408.042,488.22104,-30.13259,3348.585,396.17624,-28.37898
1.4240414,-19.514856,26.855677,-0.07562959,-0.00859801,2.071269,20.971987,19.008125,22.401459,1.801394,21.883257,0.18258394,0.019276682,-4.1715474,3.5427284,22.400736,1042.4156,1052.3536,-13.635197,2245.4397,681.75543,-28.049402,3286.7334,386.75632,-30.371206
1.4949011,-17.114868,25.391092,-0.04870684,-0.0159626,2.2214124,24.021126,17.397938,13.644723,-1.8138574,19.174248,0.18258394,0.019276682,-4.679335,3.5117295,26.696554,985.4267,1158.4111,-10.476897,2134.8486,792.5096,-25.434473,3269.3064,375.7832,-33.24588
1.5743322,-12.902013,23.929453,-0.03715382,-0.021976218,2.0564122,27.532972,13.57471,1.8236014,-4.9889245,16.416681,0.15427946,0.30480555,-4.6320343,2.1264105,24.050497,782.09766,1210.8812,-6.8125653,1804.8741,866.1128,-20.386217,2893.452,521.6268,-31.887941
1.563242,-11.990848,23.457077,-0.04456268,-0.029526955,1.7363597,31.748663,10.572103,-6.490331,-2.6497314,16.321127,0.12597497,0.5903344,-3.3415282,1.5826644,21.77945,586.002,1330.0375,-2.147012,1479.6466,996.4394,-13.050682,2551.9265,628.83014,-27.100916
1.526167,-11.9135475,23.308678,-0.05018508,-0.033000242,1.4785151,34.12988,7.3224034,-8.165395,-2.723533,22.23944,0.097670496,0.8758633,-1.6420959,0.45958805,17.015442,390.39468,1412.6538,2.7640927,1143.2877,1127.8717,-4.0236,2206.535,679.7863,-18.814943
1.492745,-12.494168,22.283998,-0.042828407,-0.032961637,1.3340489,34.044308,5.4505653,-6.214782,-5.44171,28.23982,0.37470326,0.90236205,0.35619918,-0.24474971,16.133965,387.79892,1442.5751,1.3706981,1142.8007,1162.4988,-1.8673912,2222.9468,711.68585,-16.64712
1.4952406,-12.147903,21.33963,-0.012547076,-0.034734424,1.2117592,32.685345,4.7694116,-6.631729,-12.264214,32.722984,0.65173596,0.9288607,2.94822,-2.788933,18.513544,581.4038,1358.0219,-1.161563,1472.5316,992.9427,-8.033576,2620.299,635.4893,-17.7959
1.5128998,-11.622467,21.128044,0.009760086,-0.036284894,1.1128478,30.141932,4.361961,-8.926347,-16.63703,32.418972,0.6234959,1.0147537,4.2319016,1.3453237,22.031204,563.9067,1411.3052,-0.5019188,1452.3798,1046.8663,-8.369538,2581.3606,639.41626,-20.653917
1.5651189,-11.047503,21.522898,0.009682246,-0.0396786,1.0145489,29.000147,4.9264846,-7.7784615,-19.592567,32.12321,0.3164419,1.0196939,4.9598045,5.7989197,25.979767,569.7017,1351.2346,2.8946743,1447.9425,1015.5288,-5.9462852,2572.8796,558.47626,-21.205889
1.6001505,-9.569337,22.401566,0.0135369925,-0.042914912,1.0531815,28.404139,4.9121966,-8.956947,-23.549522,31.879957,0.008985844,0.7232952,5.405716,6.984361,24.904129,353.9183,1393.305,5.314672,1105.3599,1106.2029,3.2926989,2189.8867,572.5278,-19.589457
1.6310924,-8.392171,23.575457,0.0058275876,-0.040117897,1.0186406,29.598555,5.248242,-7.4660516,-22.023008,31.661272,0.007841147,0.41920483,5.077263,7.6489377,24.44197,368.93213,1308.295,5.2626634,1121.6588,1021.3017,4.7305818,2234.2058,542.2087,-19.179306
1.6182957,-6.2842975,23.811707,0.0070104008,-0.03926954,1.0086108,29.05651,3.2320669,-11.479134,-21.85456,31.437286,0.008107019,0.25605392,4.060863,7.902914,23.571432,354.27917,1316.8623,4.827181,1119.8453,983.6426,4.283975,2239.8738,536.86554,-18.74425
1.5380443,-5.877434,23.201757,-0.008356632,-0.03351315,0.961693,28.589964,3.5718486,-10.918335,-19.382929,31.211466,0.0076501626,0.5890524,3.2092235,7.67147,23.228659,371.78183,1265.96,4.3748527,1129.1318,970.4953,2.7513173,2244.8552,521.6674,-18.853807
1.4476382,-5.831842,19.966719,-0.0123022795,-0.030889524,0.8825083,26.64652,3.6467865,-10.752753,-20.234686,31.014761,0.008206324,0.9691317,2.6136546,7.571796,22.291641,310.2709,1424.8131,4.1654177,1092.195,1000.9243,0.7924946,2214.2307,533.67316,-18.344917
1.4218837,-6.049013,17.999796,-0.0134083405,-0.025189543,0.7732534,24.776953,4.0274653,-9.138661,-19.436766,30.811247,0.0081463605,1.0385302,1.8789696,8.937297,22.368685,313.9476,1423.7124,0.0,1095.5508,1004.02484,-1.0280069,2217.569,528.0466,-18.565632
1.4747596,-5.5800343,16.239748,0.002686235,-0.017656779,0.68859845,23.498755,2.539174,-8.668881,-17.620232,30.646362,0.010125221,0.8155207,0.7989549,13.533673,24.009272,314.39346,1440.5658,4.050405,1107.5768,1017.1709,-3.9068146,2209.678,570.02496,-20.139223
1.4964848,-4.4662223,17.795753,0.012750733,-0.0138892755,0.74065405,21.630287,1.2219772,-11.794551,-15.248128,30.614761,0.011213608,0.57645965,-0.3999767,20.241068,26.51267,363.99805,1257.9962,3.8822443,1171.4668,940.8819,-7.8600235,2268.7874,577.7822,-22.630424
1.4776597,-6.5671673,19.087227,0.0144449845,-0.0102940425,0.8414492,20.853792,4.448853,-10.971329,-11.345154,30.757637,0.01219668,0.86615545,-1.258108,27.329721,27.078733,376.13577,1207.9203,3.1884115,1214.229,931.00366,-11.992955,2335.8154,602.69464,-23.89032
1.3715156,-8.627803,21.053225,0.00064074405,-0.012481692,0.9962409,16.871613,10.767597,-7.219483,-9.077615,30.943834,0.02667362,1.2708126,-1.8059124,27.908804,21.80146,598.4328,1137.6322,-3.9925735,1590.0153,791.94183,-18.97616,2685.1506,514.13934,-19.690596
1.5267378,-7.621454,16.31369,-0.019184511,-0.014380399,1.1499151,10.025125,20.498024,3.4817536,-11.597039,31.04509,0.027552793,1.4399098,-1.7347937,25.435686,16.469097,854.47626,1030.9369,-10.949931,1919.0469,713.9834,-24.241205,3014.7898,611.33057,-15.143748
1.7268711,-4.3402805,9.494071,-0.01925902,-0.013781904,1.13794,1.7772565,28.113688,12.553876,-13.655869,31.061285,0.029524019,1.3044454,-1.680602,20.359566,11.496521,1123.8309,988.41986,-17.130768,2237.2644,561.37006,-28.34597,3317.0544,754.3364,-10.182533
1.9191843,-0.29147434,3.5043614,-0.008913781,-0.013750245,1.2048348,-4.608372,31.696299,16.994698,-16.054651,31.069323,0.028838547,1.0901948,-2.2593021,18.508604,10.0378275,1288.2626,829.0909,-18.820948,2145.9463,553.1081,-26.237862,3375.6465,880.3121,-8.229791
1.8608495,-1.0012833,4.159676,-0.00766068,-0.007858802,1.0697222,-5.5522957,33.912685,18.637712,-12.64296,31.081728,0.04286169,1.1925257,-3.1389532,17.158312,8.705066,1391.7412,864.41,-17.944664,2124.8567,563.3134,-26.179247,3404.3389,850.1779,-6.620766
1.877694,0.16959333,4.219032,-0.015091922,-0.009057467,1.1277533,-6.5452766,32.889874,19.195642,-15.18391,31.093504,0.053708926,1.1908394,-3.5814188,16.845686,12.60218,1018.58545,998.05273,-18.60326,1954.7949,630.6901,-23.552542,2949.501,686.7058,-10.541871
1.8789186,0.63419896,4.523335,-0.021610757,-0.009592109,1.0209581,-6.1836734,33.071514,18.736717,-15.876874,31.089941,0.052804902,1.2505759,-3.7777584,17.210756,13.1132555,921.50275,1050.5049,0.0,2004.5518,681.1411,-22.354551,2955.45,714.4821,-10.971565
1.8898026,1.087179,4.131531,-0.016952718,-0.012394316,0.99398726,-5.497314,30.923841,18.402802,-16.382723,31.078804,0.049629,1.1465588,-3.8051717,17.106186,12.998311,855.6568,965.6552,-14.311583,2044.3008,655.59607,-19.454178,2941.3835,755.76904,-10.505101
1.8284597,0.68374985,4.4968734,0.0034223255,-0.009143722,0.9328713,-5.88701,28.485876,17.621422,-12.257663,31.070112,0.052855972,1.0760088,-3.6173506,16.181095,8.875304,1265.3993,693.97,-14.996181,2182.9797,442.02042,-17.222376,3360.6091,849.02277,-6.06559
1.8957475,0.2953313,3.8149498,0.006636355,-0.0063118697,0.96322393,-6.3608775,28.111048,20.142723,-10.064818,31.07201,0.054469462,1.0407338,-3.3069122,15.348486,8.685925,1365.0728,906.40826,-77.380066,2072.2122,320.858,-77.9173,3299.2207,793.6148,-70.84688
1.9953312,0.12584122,4.410152,0.013078276,-0.009399747,1.0567042,-6.2934184,25.18422,19.405312,-11.870888,0.0,0.0,0.0,0.0,0.0,0.0,1568.7611,820.2229,-74.85349,2013.4204,367.39615,-73.7908,3270.6836,892.0061,-70.29938
2.0728676,-0.83373696,4.5005302,0.006823767,-0.019670313,1.038087,-3.3704932,23.10684,18.729998,-13.353986,19.104084,0.0,0.0,-6.0220747,9.762018,11.114597,1255.0284,989.6365,-66.9136,1871.5332,474.74683,-72.04195,2982.8523,913.65234,-69.57419
2.0584986,-2.1039422,6.877285,-0.0018608834,-0.023215195,0.95747,0.35512337,16.900162,14.004575,-12.019398,20.342562,0.0,0.0,-4.7427287,7.8241296,14.419379,879.87885,900.6734,4.3236766,1731.5753,619.5324,-7.3371654,2698.1057,844.0967,-6.1082287
1.8977757,-3.1323497,7.725756,0.008613172,-0.025206948,0.8958586,4.554008,10.644991,9.574029,-8.878047,25.240143,0.0,0.0,-2.0314512,5.2512946,16.640272,373.3258,1208.0321,10.083075,1502.358,737.0259,-11.098035,2363.0164,717.79376,-10.173678
1.7123718,-7.4337945,13.078232,0.015884144,-0.020013483,1.2924553,13.21803,6.9889874,7.9601784,-4.622408,29.94249,0.0,0.0,0.33950803,5.6376367,18.891022,369.16855,1262.8035,0.0,1391.105,952.6734,-12.482095,2344.8875,696.63525,-14.805415
1.5691013,-11.717206,17.492302,0.039802227,-0.02132933,1.4057733,20.954329,4.529296,9.314038,-3.0419986,33.197647,0.0,0.0,1.7322186,4.1685863,16.249426,343.5234,1302.9491,0.83459616,1377.4857,1013.8906,-13.715528,2299.9944,803.96246,-15.151009
1.5439192,-12.73253,19.30826,0.04182206,-0.0207017,1.5830942,25.589806,2.8528461,10.448334,-0.89902925,32.571568,0.0,0.0,1.7079424,0.5623992,19.087187,621.03937,1186.9462,-4.6482453,1656.7113,885.13965,-14.583308,2648.5315,795.227,-18.01879
1.5383447,-11.6799345,18.43049,0.038019303,-0.022460999,1.2901369,25.679995,2.0783155,8.216607,-1.6308246,31.953989,0.0,0.0,1.8749179,-0.3426504,17.416723,611.17816,1199.7344,-4.301636,1606.2101,864.37354,-15.525525,2637.2197,716.44727,-16.001719
1.5494047,-10.946401,16.932571,0.028949989,-0.02898541,1.2347996,25.31484,2.0181406,3.4171784,-2.1312082,31.202913,0.0,1.3381394,1.7572999,1.108954,21.04165,621.63025,1209.7852,-3.8748314,1585.852,919.19696,-16.365862,2639.6816,697.50586,-19.199839
1.5691916,-13.27269,18.059053,0.03284814,-0.037372377,1.0685525,27.34759,5.4165154,1.6964558,-5.5636926,30.573256,0.0,1.3381394,1.7467114,2.0777519,17.320585,355.28235,1356.1376,3.139836,1228.4817,1091.7812,-12.402741,2301.4136,635.4951,-14.180748
1.5120792,-13.858403,16.421303,0.040457975,-0.041354824,1.136314,27.59287,5.741432,0.7643134,-6.0171905,29.897562,0.0,1.3381394,2.0797527,1.7921606,17.787794,535.6658,1356.8435,0.50808907,1536.8383,1070.1886,-10.738906,2451.7776,1055.0851,-13.412563
1.4200326,-14.41425,16.108917,0.04616208,-0.037701856,1.0760239,28.812815,7.2576904,3.4062977,-4.9094596,29.430193,0.0,1.4934801,2.3323276,0.38531384,17.667763,508.34106,1489.7242,1.1466488,1475.264,1146.6401,-11.706467,2420.884,1051.8213,-12.653974
1.2806625,-14.673734,16.019152,0.040327486,-0.033796612,0.94463515,27.801432,7.502218,5.458057,-1.6254946,29.04635,0.04348468,1.6498145,2.2624643,-0.4223331,21.298021,525.57495,1449.819,0.24859667,1580.5485,1251.8685,-15.928594,2380.252,1225.958,-17.291222
1.1592312,-14.617223,18.101652,0.03237694,-0.0331942,0.72531223,26.98408,8.179261,8.469306,1.81878,28.846525,0.036844462,1.7701038,1.8089834,-1.0122585,24.947912,357.96597,1455.6436,2.4969752,1333.0254,1344.5562,-19.895613,2201.3794,967.3117,-23.35502
1.0745701,-15.595767,20.277008,0.035014976,-0.036483306,0.7312443,26.258629,10.23001,10.844203,1.5003257,29.268875,0.010692742,2.037343,0.7492158,2.1538239,21.56008,382.24353,1348.1138,-1.032103,1424.4293,1313.9691,-20.384642,2242.9817,1025.036,-23.496267
1.0548493,-15.88573,20.917828,0.049179357,-0.036835797,0.7287104,27.66868,10.738044,9.96179,0.55049664,26.007746,0.008453506,2.3035884,-0.673564,8.24216,20.632326,357.55923,1402.0028,-1.5410038,1318.1029,1215.5012,-15.475766,2268.367,857.41815,-21.30612
1.0384147,-16.454613,22.196434,0.0399624,-0.035543855,0.8532071,29.226082,9.420595,10.779277,-0.40722942,22.798014,0.15145034,1.9642302,-1.6170393,13.758534,18.338259,368.82993,1458.9196,-1.7862204,1304.8988,1306.0938,-10.41978,2302.2979,880.0713,-17.125881
0.98168904,-13.974013,21.031767,0.019516775,-0.032377012,0.85222465,30.23712,4.1376815,9.587834,-0.33872226,19.090408,0.16116422,1.9859428,-1.6093076,14.515269,20.655807,370.40588,1505.21,0.6810975,1249.0765,1297.0059,-7.0025315,2266.823,894.9016,-17.018852
0.9119399,-12.07038,20.215391,-0.0022357262,-0.026272818,0.8220536,29.712662,0.42646444,11.846599,0.660914,19.072725,0.17087811,2.0076551,-0.9701504,11.945836,19.505457,387.5831,1502.0983,1.106172,1286.326,1307.8774,-7.0432944,2286.423,993.7873,-17.442528
0.88489884,-10.839925,18.398531,-0.0030408974,-0.020592013,0.578039,29.392908,-1.0358926,10.778775,-0.8047137,19.048424,0.024827436,1.9283103,-1.0875779,10.876256,19.966629,379.19617,1479.2145,2.9955626,1279.9967,1199.6283,-6.848787,2346.7449,1074.487,-17.59339
0.8978719,-10.5142,17.949854,-0.0021937988,-0.015388321,0.3916372,27.636587,-0.50250214,8.662114,-0.42465377,19.05162,0.014963412,1.0655531,-1.8794984,11.327447,19.616884,369.3046,1510.4877,4.554238,1290.9698,1201.7386,-6.5146255,2383.1924,1116.5557,-15.602711
0.9234963,-10.617845,18.16007,-0.01028921,-0.011981613,0.3743831,25.747984,1.3052567,7.3663406,2.9142773,19.069286,0.0050993874,0.20279592,-2.9951212,12.817151,19.83,368.50024,1417.1246,5.2769303,1290.5736,1094.4686,-6.925299,2371.0872,1005.4944,-14.528483
0.94403595,-9.574904,16.404106,0.003017408,-0.011095862,0.4586866,21.183657,3.205883,4.2995734,2.1026497,19.072927,0.00044782678,0.082745,-3.1388247,14.059667,19.650255,362.75235,1307.3558,4.5897675,1279.8546,969.1955,-8.341968,2328.8425,717.6812,-14.588428
0.9774463,-9.997921,16.388144,0.004675219,-0.012630952,0.58953345,19.091482,6.8922477,5.904182,4.27779,19.056807,0.00044782678,0.082745,-2.8275232,14.201495,19.962831,376.29263,1183.3701,3.4087613,1293.8688,871.49054,-9.56471,2306.0312,607.387,-15.930053
0.96504515,-9.591111,15.381442,0.0024065792,-0.0117657455,0.6482958,16.447836,8.28514,5.1381683,2.3492992,19.038855,0.0060768095,0.5619176,-2.5737307,13.392548,20.317097,385.1061,1131.7822,2.5631337,1325.297,838.76984,-9.875385,2327.0808,624.4233,-17.114494
0.9422116,-10.117705,17.191904,-0.019298194,-0.011275721,0.5354436,17.345129,9.181462,6.3617196,3.7066076,19.059103,0.009541718,1.1367364,-2.6485689,12.7693405,20.194242,393.55618,1184.0265,2.1967824,1336.4932,944.0542,-9.226218,2291.0608,748.7094,-17.207684
0.8722462,-11.098557,18.5866,-0.01948156,-0.014256722,0.44102672,18.616259,9.409499,6.770616,1.8114587,19.071102,0.014088664,1.663732,-2.8733552,12.542521,20.143124,397.7419,1196.0801,-65.67291,1345.9752,971.4432,-72.92931,2357.7117,744.6257,-78.503365
0.83263993,-10.7157545,18.127945,-0.008931872,-0.018466901,0.395462,20.373121,6.911888,7.5983386,0.10675792,0.0,0.0,0.0,0.0,0.0,0.0,388.20056,1328.343,-133.37813,1320.4535,1118.1176,-136.79004,2330.112,804.05206,-139.49358
0.81496936,-12.290706,19.399424,0.0020266003,-0.023464324,0.4986782,24.009995,5.989568,10.546012,-0.57496667,0.0,0.0,0.0,0.0,0.0,0.0,417.32666,1503.8867,-201.0,1298.743,1904.8032,-201.0,2165.9094,960.73676,-201.0
1.2496866,-6.2836266,15.68045,-0.0015517832,-0.009534966,0.9050452,18.752394,-0.097875595,3.628453,-2.3471272,0.0,0.0,0.0,0.0,0.0,0.0,422.7506,1903.4506,-201.0,1127.6901,2025.1261,-201.0,2069.1213,1071.9698,-201.0
2.120427,-2.5755847,13.88798,0.0020552634,-0.0026434595,1.3794638,12.7683525,-2.3285413,-2.8616807,-2.981911,0.0,0.0,0.0,0.0,0.0,0.0,626.6777,1782.9281,-201.0,1373.8422,1890.6372,-201.0,2380.492,897.8093,-201.0
2.9056413,2.5510018,9.376789,0.015646877,0.0031429771,1.8309364,5.2055387,-4.9556723,-11.725919,-4.388701,0.0,0.0,0.0,0.0,0.0,0.0,730.05396,1624.2616,-201.0,1590.7128,1056.7628,-201.0,2872.4695,583.924,-201.0
3.111889,2.6234226,10.141484,0.043803558,0.0021464976,1.923192,4.807445,-5.822342,-13.843566,-1.7030178,0.0,0.0,0.0,0.0,0.0,0.0,757.69196,1181.6962,-201.0,1762.4658,1208.8358,-201.0,2833.9348,553.0865,-201.0
2.625457,1.9684557,11.642043,0.035456326,0.0018923599,1.8549429,7.0888124,-3.7514288,-12.649296,0.9921956,0.0,0.0,0.0,0.0,0.0,0.0,620.55524,1193.1416,-201.0,1531.4703,1500.0377,-201.0,2506.5964,831.25665,-201.0
2.0285075,0.03466177,11.657077,0.019167682,0.0019683929,1.5812359,8.729557,-2.937321,-9.740938,2.3281176,0.0,0.0,0.0,0.0,0.0,0.0,512.5166,1121.2852,-201.0,1374.3529,1577.2344,-201.0,2158.3435,1026.0508,-201.0
1.459713,-4.694306,13.380825,-0.01929724,-0.008614604,1.1818676,11.49718,3.1380157,-2.2897944,2.9897988,0.0,0.0,0.0,0.0,0.0,0.0,499.85794,1128.4132,-201.0,1438.5697,1290.9242,-201.0,2283.922,1117.3553,-201.0
1.1433616,-7.0513725,14.081269,-0.031890403,-0.012437017,0.77190685,13.01857,4.2571797,1.055277,5.3895645,0.0,0.0,0.0,0.0,0.0,0.0,453.00156,1123.9553,-201.0,1453.958,1026.9648,-201.0,2296.4988,1035.3152,-201.0
1.002508,-8.360217,16.165081,-0.027224585,-0.016310457,0.53738886,12.123921,10.125318,5.4409547,7.649864,0.0,0.0,0.0,0.0,0.0,0.0,433.56506,1078.9545,-133.99574,1477.7848,867.1125,-140.65959,2345.1985,937.8935,-143.16136
1.0271239,-8.889423,16.627962,0.00352181,-0.015208515,0.5122615,12.9489975,12.634102,4.9924817,6.3676105,35.701714,0.0,0.0,1.355781,0.98906875,26.832924,400.12332,1132.1796,-67.138596,1388.4677,856.3924,-75.47883,2323.7898,723.8494,-85.02721
1.236893,-11.480428,20.354609,0.030144626,-0.023965493,1.1655631,18.31916,15.407676,0.32877287,-2.242191,35.469738,0.0,0.0,1.5811135,-0.0707674,25.089478,365.7832,1237.3613,-0.20788908,1312.2098,913.93677,-9.50909,2312.956,668.46954,-25.361704
1.4472722,-11.639518,23.939432,0.053867925,-0.025834888,1.6174198,26.775331,10.728814,-5.7344055,-8.022944,35.0938,0.0,0.0,1.4737817,-1.5551409,22.827536,358.06104,1345.1656,0.0,1196.5245,1037.3553,-3.432967,2273.0898,676.95215,-23.114365
1.6228689,-9.747638,24.796915,0.04164704,-0.029976336,1.8952905,32.04038,5.4858346,-12.592407,-15.543774,34.36942,0.004336133,1.042075,0.7430809,-1.2038728,18.231964,365.36026,1289.4186,-1.0648978,1162.4242,1010.47076,-0.87664527,2220.015,651.0752,-19.07553
1.6315327,-6.1934104,22.624823,0.039484598,-0.022739274,1.4696678,31.007065,-0.75607795,-16.04035,-17.12794,33.784386,0.02176137,1.0684906,1.0952299,-0.19555569,13.557186,378.07666,1183.3947,-1.3751984,1177.5782,932.9707,1.4396898,2225.0928,588.458,-14.932385
1.686751,-4.2633467,19.331388,0.030247724,-0.017248115,1.3916081,27.902079,-2.6536179,-16.77389,-16.225443,33.285877,0.025769526,0.7419619,1.8842182,0.9936984,8.602735,383.97644,1165.3798,-1.1080292,1176.3292,922.63525,4.6027775,2232.0774,530.90875,-9.710763
1.7114702,-1.900371,16.042189,0.022872021,-0.0082972525,1.2789025,24.128946,-7.423364,-15.234184,-11.6139145,33.126587,0.033134587,0.58586705,2.3161008,0.63059926,6.3652635,405.442,1122.7537,0.37072816,1198.4315,950.64264,6.417351,2245.9316,541.0192,-5.994536
1.7093245,-0.86524224,14.407298,0.017703647,-0.0038115482,1.1251253,23.280947,-8.613129,-12.34267,-7.4374337,32.880207,0.0180843,0.4709141,1.7071773,-0.6361179,4.94223,428.1804,1068.586,-0.080355406,1214.8502,944.6326,6.247453,2263.7957,529.92914,-5.022586
1.6443977,-0.1468171,12.470769,0.00020377734,-0.0022850335,0.9171707,22.824717,-11.976123,-14.097079,-4.540684,32.53175,0.014058214,0.5792193,1.7180886,-2.2491424,5.274832,434.1696,1001.09937,-2.6525662,1236.0767,913.7609,3.5752957,2258.3818,526.46686,-7.927398
1.5962543,-1.1816198,11.94711,-0.0034517779,-0.0022546875,0.8017111,21.92684,-11.739632,-16.17086,-1.8004326,32.219685,0.010042011,0.7161451,2.908241,-2.4310637,6.2920227,428.96652,986.33527,-5.147599,1248.163,899.925,1.4253298,2250.583,533.5869,-11.072526
1.5912633,-1.7351894,11.013447,-0.01630857,-0.0012598437,0.8472364,20.568459,-11.579762,-15.796566,-0.09448087,32.034702,0.010277211,0.6059354,3.951781,-1.1413065,8.638799,433.2369,977.4084,0.0,1265.086,910.69025,1.0448313,2244.4182,564.90204,-13.266595
1.6485238,-1.6781765,11.77381,-0.019217031,0.00058897096,0.7198963,19.239119,-10.009435,-13.961881,-0.54576135,31.94625,0.012586865,1.0214852,4.286064,0.31748185,10.442468,436.66714,953.74066,-3.6761756,1271.5984,885.6385,2.097222,2248.543,558.7358,-13.757184
1.7173882,-2.3833845,12.762199,-0.01796276,-0.0001966112,0.6931484,20.585989,-7.0397954,-12.196426,-1.2326345,31.86534,0.0101034,0.9555616,3.5319903,0.36326408,10.370773,438.9629,939.6057,-3.734587,1274.6316,851.4482,2.5556223,2256.3262,551.9627,-13.742096
1.7631766,-1.8338627,14.404961,-0.013367278,-0.0014174841,0.6690754,20.56388,-6.5413756,-12.615518,-3.78716,31.773737,0.0075150286,0.9896719,1.69809,0.27417588,9.73865,431.1234,928.46136,-3.9977906,1268.6067,812.50214,2.1082377,2252.4395,535.85944,-13.674386
1.7717384,-1.616695,15.399415,-0.014487475,-0.0009276943,0.7475335,21.076643,-5.8244953,-10.626523,-4.7726755,31.66088,0.0058786892,0.6111892,-1.2644361,0.5364649,9.60463,426.96445,982.257,-4.42637,1255.5455,821.68243,-0.16646822,2259.043,550.696,-14.1525755
1.7382208,-1.1586257,15.5407295,-0.016065154,-0.00092465646,0.80494434,19.83803,-5.0245004,-8.878422,-8.314828,31.604265,0.0053518782,0.5233851,-3.104478,0.9870584,10.153785,415.33768,1005.4868,-70.14257,1248.5632,804.62494,-68.026566,2272.3044,533.98553,-76.91176
1.5108114,-4.53796,16.049835,-0.012710389,-0.0020070237,0.88292295,18.957209,2.5157285,-7.713286,-8.200479,0.0,0.0,0.0,0.0,0.0,0.0,413.50235,1019.96436,-135.61452,1256.721,814.20703,-135.31487,2322.236,524.1704,-139.566
1.2842747,-7.126732,16.463625,-0.008644643,-0.009849174,0.8363653,15.634801,10.495205,-5.6454616,-9.612399,0.0,0.0,0.0,0.0,0.0,0.0,392.12247,1083.7797,-201.0,1279.2201,838.74176,-201.0,2390.4495,586.40106,-201.0
1.1512907,-7.4959235,14.583083,0.007072286,-0.0122716455,0.77332765,9.170065,20.451937,-2.745306,-8.316198,0.0,0.0,0.0,0.0,0.0,0.0,313.2081,1215.3557,-201.0,1310.764,809.3442,-201.0,2467.3152,514.55756,-201.0
1.2749939,-4.573795,9.330036,-0.00036440542,-0.014515835,0.65657616,1.7182198,28.391256,1.6879106,-7.101958,0.0,0.0,0.0,0.0,0.0,0.0,242.18925,1330.7301,-201.0,1322.1031,758.51825,-201.0,2460.4863,569.8647,-201.0
1.4636961,-2.0538874,5.6060696,-0.0010887593,-0.015112899,0.66912246,-3.2459412,33.923275,0.18729734,-9.438533,0.0,0.0,0.0,0.0,0.0,0.0,195.20569,1376.0944,-201.0,1349.8505,776.7946,-201.0,2442.765,552.2702,-201.0
1.4883665,-1.9827824,4.1274185,0.00019744474,-0.017588774,0.714171,-3.0034783,35.884842,0.25723717,-10.333827,0.0,0.0,0.0,0.0,0.0,0.0,259.6654,1300.0355,-201.0,1396.2936,876.8382,-201.0,2461.2896,567.474,-201.0
1.5054029,-2.1466782,4.1981196,0.00862132,-0.018644465,0.72420853,-1.8705713,35.78081,1.8647603,-13.6386795,0.0,0.0,0.0,0.0,0.0,0.0,264.93942,1397.9614,-201.0,1385.5011,1211.3812,-201.0,2434.4023,542.8392,-201.0
1.3974428,-3.8059018,4.3999996,0.026862377,-0.018997634,0.7293143,-0.15438901,36.46094,1.0846105,-13.276555,0.0,0.0,0.0,0.0,0.0,0.0,295.934,1334.9779,-201.0,1390.2852,1232.497,-201.0,2483.544,500.4501,-201.0
1.4608105,-3.2603722,3.9704363,0.025266586,-0.023868171,0.73751575,-0.14430545,39.39194,-0.20995863,-12.891856,0.0,0.0,0.0,0.0,0.0,0.0,300.54578,1278.1825,-201.0,1395.7256,1163.3878,-201.0,2505.4094,621.4268,-201.0
1.4684805,-4.177582,4.2294717,0.03761262,-0.030360386,0.7764427,-0.45653424,40.705334,-5.0520644,-13.225095,0.0,0.0,0.0,0.0,0.0,0.0,343.27133,1084.2361,-201.0,1461.9854,904.87604,-201.0,2580.2288,608.5478,-201.0
1.5271496,-2.4735415,2.7389562,0.018881781,-0.033203658,0.8758175,-0.96018964,42.592594,-4.9409223,-13.1867075,0.0,0.0,0.0,0.0,0.0,0.0,378.3452,1006.25275,-201.0,1482.7178,924.63885,-201.0,2580.3723,648.1747,-201.0
1.4847888,-2.6774647,2.0576484,0.042408824,-0.033868477,0.86469436,-0.060171526,41.512363,-6.2273693,-16.028845,0.0,0.0,0.0,0.0,0.0,0.0,389.95126,1044.0734,-133.21767,1483.5713,1104.5765,-138.71117,2609.7175,547.95074,-140.12973
1.4791406,-2.059883,1.9587208,0.043460812,-0.034225356,0.8600696,-0.33391538,40.219296,-6.8796687,-16.573092,18.826176,0.0,0.0,-5.6940365,-4.327463,18.347443,409.40567,1047.4664,-63.43989,1508.2916,1229.3029,-74.98283,2606.8574,417.10486,-77.596504
1.4577074,-3.6144352,3.1096833,0.054083314,-0.039061237,0.7433815,1.1672664,38.22823,-8.372333,-15.264142,18.766214,0.0,0.0,-5.5322037,-4.6447415,16.804277,408.7941,1075.7017,7.7822514,1591.5812,1156.232,-9.736644,2588.1497,881.60284,-14.608257
1.3815044,-6.793466,6.859764,0.03144022,-0.040193446,0.73735565,3.6281335,35.07842,-7.1343346,-13.595605,19.838894,0.0,0.0,-3.7236817,-2.2314756,14.128593,357.28317,1284.2916,10.499883,1470.4398,1251.1434,-9.895642,2427.6824,925.2234,-9.756661
1.2942405,-10.684482,11.820762,0.03470177,-0.041814137,0.79932284,10.945652,28.749598,-1.8593035,-7.7648163,20.832214,0.0,0.0,-2.5435727,-0.4726359,12.420571,347.92862,1258.2109,0.0,1428.9458,1051.851,-12.297147,2344.8303,1089.6549,-7.0311165
1.2960852,-12.53609,16.44401,0.04436493,-0.03838208,0.98693657,14.518498,19.894356,5.097874,-4.3937774,20.68174,0.0,0.0,-3.0080585,3.3344176,13.009654,321.665,1223.8296,15.274642,1335.2656,900.26117,-15.181708,2270.8489,606.3259,-5.1732388
1.405529,-12.70357,19.289923,0.06252795,-0.04068747,1.0527743,16.979853,13.831108,13.032463,-1.4213685,19.624737,0.0,0.0,-4.0838413,4.428919,15.852729,351.9442,974.11017,12.996414,1442.3096,506.20328,-15.562144,2291.7307,671.2624,-7.699024
1.372058,-13.027222,19.944979,0.06250343,-0.038830683,1.1476763,17.726204,13.699513,14.655312,0.07391802,18.692183,0.0,0.22021013,-4.7649045,5.5854225,19.532091,351.12778,988.5506,9.185372,1453.2853,535.0554,-16.167864,2261.9492,693.8736,-11.870285
1.1806898,-15.256386,21.503946,0.04768577,-0.040383715,1.1428999,20.658285,16.367828,12.509446,0.11870412,18.948355,0.0,0.22021013,-4.064836,4.465876,21.887655,388.68875,1112.2974,4.7418456,1553.9453,1050.8735,-18.646994,2179.7754,935.06744,-16.833918
0.96605396,-17.798815,23.811674,0.02381573,-0.04151292,0.99796104,24.147669,19.708162,5.596393,-0.80012006,18.962772,0.0,0.22021013,-3.858114,3.6746907,22.829624,541.5742,1341.0306,-65.07147,1752.076,1374.3188,-80.396385,2418.2942,953.1062,-80.03
0.8566814,-18.1668,24.700714,0.0017730383,-0.043851156,0.7967151,24.583258,20.028282,-0.036705177,-5.791748,0.0,0.0,0.0,0.0,0.0,0.0,574.49896,1438.5306,-133.77734,1703.9857,1710.0894,-141.11751,2432.7048,1031.4376,-141.11751
0.8778572,-16.713638,22.653915,0.0075257034,-0.0434856,0.592702,22.122566,22.644365,-1.1979152,-11.002973,0.0,0.0,0.0,0.0,0.0,0.0,566.8226,1410.9712,-132.95583,1675.1791,1609.4886,-139.51646,2511.1057,1019.8239,-140.08826
1.1287235,-10.0558405,13.54078,0.029748276,-0.040677186,0.73341507,13.134094,27.634283,-1.7407174,-17.556288,13.942067,0.0,0.0,-7.6336827,0.7735791,24.171032,433.5398,1157.1575,-62.120403,1533.1494,1426.6503,-74.05047,2334.4954,994.2766,-74.66856
1.4144846,-4.3326316,7.2911277,0.047127318,-0.03705803,0.7465144,3.877475,31.261934,0.35374975,-22.183538,14.543781,0.0,0.0,-10.71814,67.515724,24.956785,400.67224,1051.0775,7.7235274,1760.1382,1078.8922,-8.626748,2335.862,659.70074,-8.50787
1.579867,-2.1040895,5.315714,0.036415514,-0.033497572,0.8531167,0.70577043,31.433203,0.7165466,-21.751287,16.182465,0.0,0.0,-11.143369,101.11735,26.02539,399.566,996.9904,-60.320652,1687.8721,884.94257,-70.11028,2416.1953,229.3987,-69.41962
1.6118792,-7.6381507,13.038518,-0.0066920095,-0.024263976,1.7005743,4.1680794,28.377417,5.8189273,-9.379027,16.204521,0.0,0.0,-13.097318,0.0,0.0,645.26605,1053.7172,-70.888535,1872.8939,771.25616,-75.92397,2725.3167,39.90939,-75.763245
1.6207672,-11.990212,17.398111,-0.020082831,-0.020592779,2.0728567,10.109887,24.912107,8.031629,0.53936815,15.691997,0.0,0.0,-11.663787,2.4432268,27.173601,647.3889,1120.2816,-77.95159,1661.546,841.96533,-84.5801,2748.208,245.2877,-86.205475
1.481183,-13.613487,17.455381,-0.03550521,-0.021367168,2.4741328,12.184859,25.31898,7.651646,3.1075227,14.10244,0.0,0.0,-11.152846,6.1300864,29.366707,648.53125,1083.1266,-16.102118,1648.6309,800.9025,-28.890024,2713.9138,369.5917,-33.708363
1.2258548,-13.75546,16.203554,-0.03216861,-0.030400172,1.5956043,14.64948,26.310205,3.9546902,-3.0077353,14.103604,0.0,0.0,-8.393889,6.4145904,29.917252,414.8263,1112.3517,-14.477031,1409.8398,1095.8854,-32.325985,2392.201,688.70435,-39.80752
0.97449946,-18.520273,21.914862,-0.06747987,-0.03780484,1.9081148,17.319511,32.18562,3.371979,-5.3971386,13.971498,0.0,0.0,-5.933084,-57.390858,-34.765316,568.67975,1172.2474,-16.766157,1708.581,1010.3377,-34.82562,2790.7292,534.59314,-39.4804
0.9904027,-23.085775,27.999563,-0.08011636,-0.041852165,1.4356169,18.608978,37.25047,3.9800568,-3.509525,13.844066,0.0,0.0,-5.1262054,-61.75104,-37.82578,570.1246,1441.9908,-15.592822,1569.8379,1245.9174,-31.4201,2795.6182,594.47754,-36.30862
1.0555967,-21.719587,27.516512,-0.08877552,-0.040004816,1.9515728,15.713515,38.023197,3.0944624,-6.227564,13.798711,0.0,0.0,-4.920468,-64.34498,-42.870197,572.7491,1398.1149,-13.509143,1557.2684,1180.007,-28.447258,2866.0696,391.95813,-31.36749
1.1087736,-16.77854,20.780241,-0.07067857,-0.039673094,1.3071775,11.910636,37.557972,2.2776084,-9.654912,15.48689,0.0,0.0,-4.976825,-0.03746748,21.21861,435.7854,1258.0071,-8.537593,1357.0731,1261.174,-24.123293,2657.2083,756.01855,-28.197866
1.14865,-11.458011,15.544711,-0.059499096,-0.04124397,1.3145875,9.666103,35.287724,2.9654095,-12.859588,17.197845,0.0,0.0,-5.6751213,2.012181,22.530783,464.32138,1033.8229,-4.059527,1672.369,846.0612,-22.609339,2914.6628,812.03735,-22.932207
1.0561261,-12.360218,15.911338,-0.0487452,-0.044180136,0.80396223,11.9379835,33.07617,4.09078,-8.404311,18.077295,0.0,0.0,-7.2227077,6.5960336,27.826904,460.8691,1116.5787,0.07323265,1618.6334,972.7775,-20.991816,2730.0576,851.2539,-20.629847
0.99795073,-13.86745,18.782335,-0.019798564,-0.043183878,0.7295696,14.151912,31.359873,3.4225533,-3.7006733,16.404696,0.0,0.0,-8.402112,4.405373,30.281275,446.19144,1283.5916,5.0237575,1458.6932,1179.6615,-14.195461,2494.6821,632.13135,-17.783335
0.9819004,-15.459033,20.743723,0.014078397,-0.03885589,0.6399744,14.581279,31.733582,2.2133598,-1.243466,14.9859495,0.0,0.0,-9.909931,2.6270087,33.60715,413.68774,1315.0579,8.400508,1266.8055,1491.0211,-9.366952,2233.959,575.06104,-17.282604
1.2157308,-11.306472,15.616184,0.03624569,-0.03484372,0.6889344,9.10281,35.12276,-0.461586,-5.423578,14.911491,0.0,0.0,-11.42128,0.71650505,35.489243,393.0101,1211.9203,-59.708557,1354.0605,1209.5529,-70.173676,2384.7031,472.62534,-77.50301
1.6118599,-12.076589,17.250948,0.040798735,-0.030958952,2.097801,10.836182,36.70996,-4.5455704,-7.75625,15.325218,0.0,0.0,-11.848084,0.0,0.0,362.65622,1326.4712,-69.392075,1367.4967,1135.7379,-81.19433,2475.429,1068.8885,-86.78189
1.6829472,-15.519535,21.083357,0.015618521,-0.03015905,3.445738,13.479657,40.295063,-1.6013584,-6.9993033,15.911899,0.0,0.0,-8.492618,8.893923,33.96262,533.56116,1393.3799,-86.3464,1751.4178,925.3855,-94.41336,2772.5527,1040.7935,-92.64294
1.5544442,-21.006826,28.656157,-0.034084946,-0.02741686,4.2135186,16.36787,42.89745,6.014379,0.039027374,16.193972,0.0,0.0,-3.4095993,6.6385365,31.760714,506.566,1474.9658,-27.048698,1744.4572,957.04443,-42.262135,2790.1726,1074.9481,-40.306446
1.2813339,-20.30017,27.274931,-0.087167025,-0.026042016,3.3713615,11.115878,45.573475,16.878801,2.6033332,17.07093,0.0,0.0,-0.38850546,5.093132,27.227205,501.38608,1289.8871,-26.927073,1872.4703,798.7788,-44.780354,2828.79,402.9017,-40.472504
1.2983845,-17.580013,24.112326,-0.11492967,-0.020244405,2.3484051,5.8769155,44.091305,20.762926,6.087124,17.41336,0.0,0.037246175,0.030412138,2.476591,27.443882,276.86856,1216.8561,-80.85038,1576.6483,720.23846,-96.99938,2557.2087,373.64157,-96.04673
1.372251,-15.987908,21.972055,-0.11450275,-0.02231141,1.8270035,4.093809,44.59702,17.377068,5.4728503,0.0,0.0,0.0,0.0,0.0,0.0,277.04398,1290.3727,-140.14807,1563.9493,817.7741,-149.1506,2588.414,397.27823,-148.38322
1.3664101,-16.382666,21.787622,-0.112132125,-0.027223254,1.6163473,4.393997,45.787872,15.249652,4.1094403,0.0,0.0,0.0,0.0,0.0,0.0,559.7942,1506.4486,-144.10135,1877.4125,625.36505,-146.76071,2760.765,477.98514,-146.01045
1.2228798,-17.526716,22.658081,-0.1009171,-0.035747204,2.067322,7.704066,45.3519,12.267678,-1.0513476,14.094657,0.0,0.0,-11.348045,8.144145,32.10218,659.53925,1602.0957,-82.08081,2077.2825,669.7517,-91.780525,2987.9824,460.12845,-91.34854
1.0102197,-21.985144,29.163132,-0.0872461,-0.04083133,1.9091779,14.820043,39.90613,11.860683,-2.1487367,14.08719,0.0,0.0,-10.852914,7.313742,28.221924,749.1118,2169.7322,-19.233847,1816.0742,998.2725,-28.951105,2921.2585,1020.78076,-32.78922
0.8012479,-23.161001,31.381804,-0.07100105,-0.044572297,2.0036433,20.468348,32.427452,7.20161,-1.8676792,14.048772,0.0,4.4042478,-9.380982,5.762858,20.595018,577.2165,2033.5332,-12.084331,1658.3519,1272.6918,-24.58518,3008.1074,1097.9471,-25.29599
0.7059722,-24.236578,33.744793,-0.064147346,-0.04667802,1.2601526,23.718834,26.480581,4.5210013,0.040853877,14.022969,0.0,4.4042478,-7.9922957,3.6438293,15.331807,560.17694,1988.5258,-9.279603,1434.9478,1862.7018,-20.25245,2665.3284,1466.8594,-19.317724
0.73640436,-19.78084,27.444784,-0.053493336,-0.049555097,0.9939952,20.630371,23.43632,8.354614,-5.3796153,13.998326,0.0,4.4042478,-7.0571184,2.6392758,12.767006,516.76245,1271.1099,-72.126564,1720.3365,1515.5996,-83.08187,2626.905,865.8792,-77.87705
0.9120911,-13.232802,17.830666,-0.035618927,-0.046820614,0.60743314,14.369992,20.316496,16.56294,-12.454574,0.0,0.0,0.0,0.0,0.0,0.0,449.66238,1057.4928,-136.17474,1611.0646,1174.7908,-141.68709,2316.2615,945.1232,-140.35982
1.1266698,-6.2876225,9.886729,-0.031641524,-0.043494742,0.6323159,5.971935,18.829287,22.010399,-19.145311,0.0,0.0,0.0,0.0,0.0,0.0,431.38638,850.5389,-201.0,1683.1611,509.26257,-201.0,2431.2424,915.7664,-201.0
1.4113878,-0.35486484,1.3324987,-0.01637711,-0.039739024,0.7230771,-0.6316671,17.38209,23.812767,-21.280268,0.0,0.0,0.0,0.0,0.0,0.0,420.67712,773.7295,-136.62204,1693.608,234.98517,-144.21739,2433.285,1033.3003,-140.94926
1.47695,0.2340403,1.6939653,-0.0014119135,-0.037634812,0.6901091,-2.2664106,16.725927,22.31196,-18.373667,35.8639,0.0,0.0,1.0620407,13.420252,14.0866165,423.09433,738.7444,-71.066956,1637.3467,214.89142,-87.98166,2430.4421,876.2788,-80.45803
1.4546375,-2.394784,4.016708,0.018742578,-0.037524823,0.8095021,1.2449503,17.317583,22.56955,-13.601066,35.633823,0.0,0.0,1.907951,11.715995,16.00793,377.20132,937.21564,-6.1004357,1631.9271,531.4025,-29.741262,2275.9268,574.502,-20.690035
1.4115356,-7.6159816,12.057915,0.04049098,-0.03646786,1.1032242,6.940019,17.705576,23.691116,-9.808418,35.21233,0.0,0.0,3.2254593,7.6051955,16.662497,365.7653,1059.9355,0.0,1690.6367,588.57544,-25.466764,2275.8145,884.4929,-18.6421
1.4826812,-11.674861,16.898119,0.04869019,-0.035871107,1.2801577,13.509338,16.38103,23.932451,-8.429245,34.868656,0.0,0.0,3.7438383,5.9199696,16.32475,355.5626,1152.4071,1.0346007,1708.9291,737.73175,-20.788666,2325.9268,991.64526,-16.250166
1.5783421,-10.93632,15.484151,0.056134958,-0.03570647,1.3785712,17.72136,9.543998,24.995796,-4.9453006,34.597736,0.0,0.5146938,4.074023,3.446738,12.382787,381.7133,1056.716,1.542128,1646.1235,470.18912,-17.124277,2474.6472,1120.6561,-10.840659
1.5707401,-8.722079,11.0300455,0.0493146,-0.03650436,1.128697,20.004473,4.4594865,21.97901,-0.99954444,34.314518,0.03439317,0.5934959,3.6299746,1.2054809,10.876804,389.52658,981.7793,1.7671776,1560.4833,470.355,-16.583591,2477.5293,832.0195,-9.109627
1.5407715,-7.364844,8.91737,0.042349756,-0.041112985,0.9020136,20.374878,0.6833942,19.365509,2.1778295,33.905106,0.026948476,0.75563186,1.9143685,0.43923458,11.395687,389.6685,957.08594,1.5034405,1509.5586,496.81143,-15.539989,2419.7166,819.22394,-9.892246
1.4809035,-8.13686,10.271396,0.044409126,-0.039510492,0.75310344,20.198997,1.173159,16.884666,0.93441105,33.371384,0.01399814,1.035293,0.5049954,3.2061756,14.186465,390.26746,920.8256,1.5562598,1486.8041,510.29562,-16.829657,2367.7708,787.95087,-12.630206
1.3477815,-8.550743,12.192578,0.026375847,-0.029968552,0.70263153,20.312925,-0.37552476,16.149687,0.943443,32.746098,0.021816706,1.6970857,0.8437021,9.798182,19.596027,379.82022,1003.4622,2.4001987,1439.8678,641.35474,-18.413054,2316.0403,743.33954,-17.19583
1.1611751,-10.207424,13.523707,0.016497701,-0.02255065,0.8176214,21.853354,1.837941,15.326669,0.20972066,32.340286,0.023842966,1.7789587,2.3671272,17.213667,27.91788,616.3308,1219.6896,-2.9174309,1641.3506,698.1411,-21.204308,2626.2432,736.4838,-25.173294
1.0313252,-12.113616,15.430569,0.015768183,-0.018945433,0.7522451,25.094988,3.5970523,12.853019,0.88969296,31.932959,0.052617162,1.7903825,3.4925125,20.447073,30.426798,592.68616,1362.6393,-3.5166016,1554.7543,848.94946,-19.798216,2581.3474,667.46564,-28.281382
0.930589,-14.338931,18.246061,0.023615425,-0.021293253,0.6669746,28.754354,7.074163,8.380517,1.5250846,31.656235,0.048770085,1.5296421,3.9283688,19.409277,29.079239,534.2801,1554.7638,-6.9990797,1466.2006,954.77637,-17.644382,2562.5593,655.7972,-27.960098
0.8892458,-15.030755,19.642479,0.025087496,-0.023567522,0.5204573,31.926367,9.393532,5.5945187,3.935252,31.484827,0.052284863,1.4454336,4.0961576,15.840846,29.070307,513.83844,1385.7706,0.0,1509.2367,883.7127,-18.333126,2580.1663,673.02686,-28.513794
0.82939595,-15.573697,19.601103,0.018013172,-0.028067745,0.39902365,33.57874,11.455165,3.3140316,3.7678015,31.435715,0.023025727,1.908358,4.1835346,12.325191,30.184668,463.94922,1538.5739,-13.106281,1450.6815,914.01337,-16.907999,2594.032,690.12994,-29.451315
0.7972476,-17.093004,21.53775,0.018782789,-0.034140203,0.33938554,35.323963,12.657487,3.7280102,5.808658,31.346125,0.034688193,1.7290155,3.756292,8.774428,31.737844,496.34097,1522.7168,0.0,1449.4395,932.89276,-15.232263,2595.5537,734.7819,-30.834833
0.7836806,-18.298323,23.538443,0.026977723,-0.037701115,0.3449099,34.290516,14.06589,3.5673554,1.6233937,31.13095,0.03590117,1.5923384,1.6287627,5.994765,27.708246,465.6367,1527.5938,0.0,1452.4613,939.8814,-17.175453,2573.2961,701.73724,-28.507483
0.8654478,-18.615435,26.041298,0.03953905,-0.03924403,0.506159,32.54469,16.312986,1.142661,-1.4697132,26.41452,0.044994142,1.1490927,-2.2365682,4.8212194,27.928951,741.22833,1268.3887,-107.204124,1872.9863,753.5359,-80.62179,2926.7493,703.99854,-86.90142
1.0003388,-18.661482,27.509789,0.0576172,-0.038533125,0.5495264,28.583435,20.48156,-3.37457,-7.616036,21.698639,0.03232113,1.0155238,-6.2105446,0.0,0.0,985.5708,1073.8256,-70.64535,2266.4397,568.2266,-80.110634,3299.5535,634.7898,-82.66825
1.35469,-17.624418,29.293863,0.046371106,-0.032863904,1.4655105,27.782343,20.557053,-7.678041,-2.8710282,17.115936,0.03232113,1.0155238,-8.27902,7.5990143,40.075905,796.00104,1194.8232,-133.17592,1952.767,794.4665,-136.64488,2962.1436,719.3513,-138.56499
1.5141907,-19.916674,33.01186,0.021256221,-0.031786043,2.6395953,29.967684,20.413935,-3.9848006,1.9153973,0.0,0.0,0.0,0.0,0.0,0.0,795.8493,1337.6254,-77.43377,1892.3627,964.4118,-81.6428,3016.6807,706.107,-86.66207
1.535432,-21.186998,33.06261,-0.0070968852,-0.028772688,3.4542084,30.878988,19.500547,1.6309327,8.946301,16.190739,0.0,0.0,-3.5464664,8.852127,44.42102,736.12054,1382.4088,-87.811806,1776.4639,1004.11334,-93.49191,2964.8196,761.63007,-99.42776
1.1903492,-24.33486,33.9828,-0.03578062,-0.028126573,3.2104084,30.452387,22.568367,8.512437,10.093585,16.292486,0.0,0.0,-2.9389763,9.377576,45.438908,883.68353,1291.8546,-32.412598,2018.6313,874.4025,-42.902027,3268.0283,722.54376,-50.764606
0.92783993,-27.768776,36.50165,-0.065967895,-0.026252754,3.0919485,30.131052,24.552011,11.3112135,12.932922,16.186888,0.0,0.0,-3.4213965,9.307367,45.72934,831.072,1188.6367,-33.41064,1954.8319,812.98,-46.380573,3134.2449,785.3679,-51.82729
0.7162015,-33.45294,43.882977,-0.10533291,-0.025917763,3.1515205,35.08874,26.383566,13.585297,15.159348,16.192965,0.0,0.024698475,-6.6279945,9.992404,44.210434,821.21014,1514.7045,-31.720673,1930.3776,1144.7643,-45.318256,3108.4778,1122.5458,-48.838024
0.7046012,-36.074764,46.76364,-0.11269823,-0.026979303,3.402911,37.149643,28.355515,16.02095,14.359401,16.1301,0.0,0.024698475,-8.761898,9.424035,40.76749,661.0784,1721.2369,-24.71357,1632.9755,1408.1393,-36.29462,2825.0078,1159.9004,-44.114933
0.731733,-31.81694,39.78557,-0.10914531,-0.024811298,2.7694867,33.94549,30.582115,15.839147,7.5335183,17.148584,0.0,0.024698475,-7.6192355,8.395177,34.160378,702.9711,1698.0449,-18.997297,1866.1084,1506.8242,-33.697456,2917.7305,1009.5708,-37.630474
0.79370046,-26.10112,32.166702,-0.088077486,-0.029697517,2.1802459,29.407347,30.01438,9.852265,0.05209152,18.053753,0.0,0.90445846,-4.681148,8.30011,32.58316,753.1555,1401.0057,-14.353631,2017.56,1386.903,-31.700445,3081.7158,477.57693,-34.13832
0.7554609,-22.371168,28.152502,-0.0683383,-0.033635512,1.5036355,26.508383,28.14501,3.3337154,-3.8264349,22.679918,0.13211305,1.7842184,-0.7478327,7.597963,33.92651,967.4317,1184.694,-19.096182,2425.5303,1142.7769,-36.511456,3453.879,223.16994,-34.02989
0.7148822,-22.88176,30.600586,-0.034262467,-0.042932976,1.1416962,26.80002,27.879786,-3.931043,-3.9437115,26.223707,0.13211305,2.6639783,2.2056162,7.457594,40.590855,928.6663,1192.088,-16.79278,2296.8855,1081.2673,-35.439632,3439.3264,458.27573,-38.21014
0.73028785,-23.691889,33.021458,-0.008005454,-0.04520193,1.0462008,27.60391,31.154356,-6.394596,-3.772421,29.9534,0.42140868,2.5867891,5.3333607,6.9950337,44.364243,910.9636,1168.7103,-18.191072,2362.6804,1485.542,-38.45441,3104.3132,912.01434,-41.810333
0.7967009,-26.327477,35.424194,0.02680593,-0.046677083,0.96228856,30.362656,35.054768,-7.3902707,-1.220284,29.770918,0.38338208,2.026488,6.045426,7.5574794,43.233074,682.0855,1358.6055,-6.996416,1918.1342,1594.7921,-37.474022,2728.0671,1010.8654,-39.040718
0.819329,-27.760015,37.371426,0.033829838,-0.04461639,0.87780637,32.212566,36.72203,-4.7946906,0.6348669,29.682547,0.34610248,1.4880352,5.528398,8.269561,40.28609,486.8185,1591.8677,-0.59480304,1503.1698,1665.5864,-34.804302,2423.004,869.5236,-34.90853
0.77995634,-28.915886,37.03206,0.0407015,-0.043663114,0.7080565,33.002964,35.871643,-1.4727064,3.0438287,29.674154,0.015658814,1.4087406,3.0493019,8.609492,35.195854,258.78787,1812.8422,6.035737,994.2941,1227.6498,-28.631943,2290.428,604.0694,-29.553137
0.69518346,-28.051363,36.4767,0.029867075,-0.04928897,0.57547706,33.284313,32.57821,-0.53403103,0.85454804,24.518372,0.012537483,1.8125585,-0.8868733,7.999678,30.111427,436.64502,1623.8827,0.0,1370.4307,1179.09,-23.970953,2463.3923,914.2951,-25.37353
0.6131082,-25.517233,32.79169,0.029448947,-0.046453714,0.5833484,33.725826,26.524237,-1.00923,0.63123107,20.961908,0.17188884,2.7416666,-4.9366016,6.482187,24.806015,468.43298,1566.775,1.018064,1410.7681,1209.861,-19.546349,2438.0066,985.78986,-22.490118
0.5461068,-23.324842,28.44374,0.022015847,-0.046426177,0.5143814,34.777363,20.899225,0.37091896,-2.0572717,17.379065,0.3351086,3.288805,-7.7792015,5.338732,18.260248,690.0427,1435.4053,0.27579427,1840.7838,1054.2042,-18.03261,2867.5056,1726.143,-17.595512
0.62542284,-15.64545,20.681715,0.012586798,-0.037268966,0.48294213,23.833696,20.415743,4.231608,-8.738968,18.969187,0.49832836,3.8359435,-9.917058,5.0757413,17.891178,572.3408,1338.2817,-1.1130644,1749.8707,1280.3654,-18.239326,2658.6748,1222.9506,-18.080513
0.7330548,-12.297043,17.342134,0.011022426,-0.03201961,0.4020307,16.289,21.159653,6.286791,-13.347207,17.222618,0.49832836,3.8359435,-8.679288,4.3360953,18.53869,579.5423,1173.3717,-1.3160733,1843.9037,1179.7872,-20.298254,2715.3684,1087.791,-17.481178
0.7382863,-10.52897,17.17336,0.013507083,-0.027246913,0.41329566,12.176926,21.124704,6.463056,-13.470469,15.521878,0.49832836,3.8359435,-6.8862157,6.7311797,21.540007,429.1062,1073.1425,0.29659644,1538.3685,1338.1366,-19.517838,2331.3171,439.0482,-18.534512
0.6226629,-14.090412,20.328909,0.014503556,-0.025721123,0.34285906,19.268812,16.154129,4.580272,-6.159387,13.812092,0.49832836,3.8359435,-4.123493,7.2538433,21.59906,419.3993,1168.6305,-64.98359,1399.4375,1211.9491,-79.75501,2340.652,733.4587,-78.4934
0.53155184,-16.148668,22.00516,0.014241938,-0.029998668,0.29015568,24.435892,13.48489,2.610181,-2.5825794,0.0,0.0,0.0,0.0,0.0,0.0,429.5305,1247.0111,-132.79024,1336.3073,1331.4717,-139.98293,2260.2935,832.51953,-139.25279
0.5460523,-15.387912,21.216589,0.0063979304,-0.027503071,0.27976403,23.773447,12.137555,3.4006064,-0.23696654,0.0,0.0,0.0,0.0,0.0,0.0,445.30893,1366.1012,-201.0,1271.3203,1585.3871,-201.0,2180.4163,789.48956,-201.0
0.5887434,-14.483911,20.573019,-0.0012162576,-0.024740161,0.306482,21.15543,12.955102,2.4640632,5.114857,0.0,0.0,0.0,0.0,0.0,0.0,439.02432,1402.8177,-132.19994,1308.3722,1490.2037,-131.73535,2234.2058,1065.4789,-132.41585
0.73126036,-9.601383,14.689713,-0.005174345,-0.018164923,0.3607653,16.192904,6.9774175,2.3971336,9.867101,33.99006,0.0,0.0,2.990189,6.3024106,1.0170574,438.9684,1339.3512,-63.313858,1390.3114,1330.0524,-65.598526,2284.9626,1217.1805,-63.991898
1.1060559,-4.800851,9.084151,0.0065502566,-0.016032455,0.59293956,13.149268,-2.0674527,1.7087008,11.758404,33.982582,0.0,0.0,3.524109,5.908367,1.1045779,411.75806,1145.7513,5.2209773,1467.3784,900.9423,0.26495934,2361.611,1214.2987,4.1163993
1.5669273,-1.2493668,3.9636955,0.019409727,-0.015171421,0.8966188,13.838875,-10.693153,1.3726869,11.143059,33.95351,0.0,0.0,4.1852407,4.8593464,0.2129453,405.76013,1043.6764,4.1591125,1410.7677,777.84503,-2.9249237,2344.2021,889.7446,3.946167
1.9621655,-0.6441867,4.1601233,0.026529148,-0.016474886,1.0357214,14.270486,-15.391734,1.1474379,9.357175,33.920246,0.0,1.0222496,3.0863125,3.3101656,-1.1643949,396.41455,958.53876,2.6818788,1395.023,709.85474,-2.1593895,2333.8835,758.97754,3.8462737
2.092522,-0.8021675,4.5510736,0.010143272,-0.013758038,1.0578494,13.271291,-14.768512,0.7359982,9.425646,33.92509,0.0081452485,0.82860094,0.9391412,1.9471034,-2.3500154,404.0969,912.76416,1.7365392,1407.6617,682.1038,1.1301827,2345.1785,726.5561,4.086555
2.201042,-0.3371183,4.27739,0.016707638,-0.012045614,0.9047999,7.958818,-11.149331,-1.7515569,6.5833306,33.96095,0.010278192,0.62349564,-1.3102648,0.72335047,-2.7415593,400.31308,871.5915,0.97305614,1413.9316,652.79974,5.4515595,2340.9338,670.3341,3.7146156
2.3371747,-0.56587195,5.308367,0.030423656,-0.0068816952,0.9658799,4.827694,-6.9592786,-4.5783415,4.828538,33.979416,0.006891199,0.9420735,-2.931319,1.2339461,-2.3427277,394.5836,886.7443,-0.25738636,1412.2881,671.24365,8.419791,2330.7908,654.09937,2.0853412
2.915797,0.9679546,7.280317,0.058929846,-0.0028677844,1.4988168,1.7488681,-8.222659,-11.123917,-0.590436,33.978043,0.008277123,1.1924584,-3.4721956,1.3353723,-2.3754697,691.217,1057.6356,-67.846886,1660.397,848.32794,-60.733265,2613.634,599.6298,-66.26324
3.1202815,1.8905843,8.333889,0.050960332,0.00235954,1.9505267,2.9937837,-10.73449,-10.672245,-2.959775,0.0,0.0,0.0,0.0,0.0,0.0,685.0489,1251.0981,-134.8216,1589.9437,1060.9794,-131.12941,2574.394,668.27167,-134.30522
3.172805,3.0473652,7.375759,0.032114223,0.0019424418,2.0851438,3.7290256,-11.228578,-8.255193,-1.9533867,0.0,0.0,0.0,0.0,0.0,0.0,733.3211,1227.4612,-130.3093,1622.6373,1205.3846,-131.28726,2573.3633,771.0911,-132.10938
2.9982364,2.301531,7.2446594,0.013027438,0.0020528939,2.0397844,4.6644006,-10.265931,-8.009508,-0.2888988,30.783333,0.0,0.0,-1.8381159,-9.4166765,-8.54775,437.33948,1038.3397,-64.25939,1393.3922,1106.619,-62.147022,2269.0896,901.2129,-64.00235
2.8659744,2.7822554,8.815688,0.020651327,0.001580847,1.931228,5.277225,-11.71466,-11.584602,-1.4346352,31.303156,0.0,0.0,-1.1923013,-5.924591,-5.906498,452.2452,938.4309,2.1280577,1435.0436,1161.8279,3.7192428,2251.3782,885.9283,2.5930965
2.5799081,2.5234826,7.697071,0.024173187,0.00066591176,2.0578663,6.744283,-13.645101,-13.891774,-1.3529863,32.283184,0.0,0.0,-0.45599452,0.9365094,-0.76839066,372.7495,1071.7103,-2.3439665,1357.7883,1088.0306,-0.94854873,2222.925,791.8497,-0.9772308
2.044096,2.5298736,6.2535005,0.038575925,-0.0014819751,1.4332372,9.2915945,-12.388555,-10.1876745,4.4131427,32.090485,0.0,0.0,0.41592062,3.1312935,4.227295,371.14023,1179.8851,0.0,1296.0449,1083.2797,-4.210725,2209.0945,727.8641,-5.4337325
1.7680696,1.1901349,3.9694023,0.025494376,-0.00403016,1.0747399,11.315067,-10.721156,-7.8734393,10.159047,31.878555,0.005228877,1.0244136,-0.12289802,3.5637035,6.933398,356.9601,1204.1787,-2.7789521,1276.4017,907.5879,-5.7425156,2217.0876,709.2766,-8.969009
1.6512203,-0.07373091,6.159147,0.034108434,-0.004157257,0.66952205,13.7767935,-7.91531,-9.25239,11.917942,31.767101,0.005228877,1.0244136,-0.6381855,3.2160933,8.155002,392.51733,1145.653,-68.85264,1275.6627,872.00073,-70.78747,2208.5862,686.0463,-74.2893
1.494577,-2.3873768,8.145284,0.011082061,-0.008092977,0.70525646,17.186426,-5.052476,-11.841789,11.481261,0.0,0.0,0.0,0.0,0.0,0.0,395.3207,1168.7891,-135.44173,1270.8241,917.8001,-136.66553,2201.6052,700.7471,-137.93983
1.2847322,-4.8962455,14.247773,0.0111187,-0.010515473,0.6741956,20.057505,-1.447958,-15.893897,7.071112,0.0,0.0,0.0,0.0,0.0,0.0,406.37814,1218.2036,-201.0,1293.3068,1038.2787,-201.0,2206.4363,962.4382,-201.0
1.027202,-7.099565,17.030134,-0.006231935,-0.011639406,0.73318714,20.176523,2.851365,-11.152374,5.024223,0.0,0.0,0.0,0.0,0.0,0.0,415.5319,1313.232,-201.0,1297.0564,1145.8949,-201.0,2265.613,1051.3168,-201.0
0.83055085,-8.765032,18.657862,0.00325647,-0.0141304135,0.58268106,18.229738,7.2732253,-5.6229835,1.0093555,0.0,0.0,0.0,0.0,0.0,0.0,404.98242,1304.6934,-201.0,1341.2644,1080.1288,-201.0,2370.1033,1021.74384,-201.0
0.6910305,-9.017005,15.91584,0.006964404,-0.01439736,0.4425967,14.928864,11.23343,1.4960217,0.62630415,0.0,0.0,0.0,0.0,0.0,0.0,390.91357,1277.6901,-201.0,1333.6864,969.9914,-201.0,2470.713,690.86646,-201.0
0.6293557,-9.431212,15.39277,-0.001136457,-0.01998493,0.2503853,12.35458,14.712368,1.7719002,-3.4158306,0.0,0.0,0.0,0.0,0.0,0.0,409.46426,1109.6171,-134.99063,1411.2579,923.59174,-139.10127,2491.9968,477.73416,-140.18832
0.63885707,-10.170773,15.967092,-0.0061557903,-0.019984689,0.21967113,12.346653,16.286354,0.28856048,-5.8644385,18.989254,0.0,0.0,-6.860299,5.8030844,15.003876,426.30896,1120.4161,-68.67039,1421.6656,1077.0101,-76.39956,2456.3733,488.07578,-77.00175
0.6264882,-11.532598,17.1985,-0.005413579,-0.023204492,0.25033054,13.112727,17.77307,-0.03955728,-2.8708885,18.94923,0.0,0.0,-7.5745463,6.1086273,13.106851,444.30008,1080.4773,-1.8016628,1489.9708,1120.101,-12.96214,2392.523,729.39386,-12.954544
0.67890424,-11.099893,16.973978,0.01238325,-0.022624403,0.28831363,13.439511,16.634733,-1.2782898,-0.19172604,18.832167,0.0,0.0,-8.679732,6.397674,9.76547,427.5182,1212.914,0.13072093,1453.6439,1220.6366,-12.265527,2329.9045,942.61896,-9.046113
0.70873135,-9.569311,15.003426,0.011971491,-0.022059916,0.29992387,10.78777,16.717884,0.18355465,3.9223213,18.799006,0.0,0.0,-9.214132,6.314719,8.635502,429.07565,1293.5009,-66.18952,1562.7861,1346.2189,-74.96725,2165.4548,1173.5029,-72.23269
0.7780439,-7.4516068,12.301944,0.011595498,-0.020526148,0.2898371,7.224974,16.651503,-0.6416905,1.8013796,0.0,0.0,0.0,0.0,0.0,0.0,427.19138,1329.1332,-133.05824,1634.7257,1308.3134,-138.40466,2096.4788,1382.2067,-136.27989
0.8410468,-6.336247,10.818978,0.011838161,-0.014912638,0.25181136,6.1606774,15.225833,1.1756842,2.7470055,0.0,0.0,0.0,0.0,0.0,0.0,419.61893,1295.7648,-201.0,1655.265,1145.8589,-201.0,2120.117,1412.5792,-201.0
0.9336365,-5.5571856,10.224402,0.022737695,-0.012269878,0.25734776,5.750868,13.48725,-0.8242542,0.80352306,0.0,0.0,0.0,0.0,0.0,0.0,682.15924,1228.3163,-140.8809,1776.7344,877.2688,-143.18585,2575.0188,1056.8236,-142.13957
0.9466822,-6.056923,11.396949,0.028751632,-0.01076544,0.26149663,7.793925,10.978343,2.4745424,1.9204903,32.822487,0.0,0.0,3.1580367,7.979498,23.661522,597.05023,1388.8141,-110.82137,1699.0972,963.6784,-83.90986,2574.6086,898.61945,-81.94011
0.9674111,-9.474202,15.442721,0.03174225,-0.017636118,0.48648906,12.911835,11.610245,4.9077635,1.3054806,32.671837,0.0,0.0,2.853204,6.630501,26.565405,543.8066,1607.3883,0.0,1623.8872,1244.0586,-22.490896,2479.5112,909.2451,-25.00419
1.0794944,-13.522716,20.292387,0.03972524,-0.023447385,0.9534354,21.641932,9.72664,7.6010575,-2.5620713,32.3175,0.0,0.0,2.4085476,3.7230566,26.21811,462.78653,1605.4987,0.0,1634.3676,1200.0825,-20.65635,2494.4482,1021.41364,-24.218805
1.2509986,-16.365635,21.977705,0.05553319,-0.034659613,1.2610122,28.209543,8.216799,7.3741508,-8.2525015,31.945318,0.0,0.0,1.9045533,1.0039616,28.842361,703.2446,1533.2998,-15.556484,1855.3922,1041.2548,-19.199392,2908.6887,840.657,-26.928991
1.4035687,-16.552185,21.523827,0.061460372,-0.039579812,1.2725745,29.874039,6.746718,3.974735,-13.314061,31.55982,0.0,0.0,2.2237558,-0.7168134,25.100792,752.5862,1386.6056,-9.642155,1852.0065,920.95264,-19.09334,2988.4705,733.1464,-23.185556
1.3900865,-16.723574,21.11482,0.066473365,-0.046259474,0.8645012,28.89444,8.14586,2.2531204,-13.979074,31.165365,0.019246686,1.0556295,3.523053,-1.0487946,28.310602,564.8199,1472.1947,-3.4280396,1580.7822,1271.4341,-19.025612,2616.384,835.3149,-26.260712
1.3034124,-16.949247,22.918852,0.06714798,-0.044038262,0.66362286,28.301363,9.3816595,-0.07256094,-12.53931,30.827383,0.019552471,1.0751907,4.735979,-0.16045094,29.07727,411.10257,1385.7759,2.4591644,1350.6157,1493.1996,-19.679117,2230.7278,964.1987,-26.368616
1.2124985,-17.69443,23.15095,0.066306,-0.044997435,0.49019477,28.511549,10.860019,0.41447237,-9.100635,30.530886,0.022342756,1.3251171,5.5992074,1.4029948,30.078537,429.55453,1330.7164,2.2434027,1411.6049,1531.8296,-19.27775,2208.0828,1070.3538,-26.432138
1.1880975,-17.91987,24.22059,0.067663856,-0.041551564,0.51359767,28.797812,12.987946,-1.3671674,-7.9508057,30.321383,0.018848615,1.6062323,5.2285805,3.8009055,27.919127,530.3891,1431.3188,1.3690654,1618.7386,1443.7007,-18.711676,2521.9414,1122.7745,-22.929873
1.2195901,-18.240343,23.497133,0.054115143,-0.041560143,0.4860938,28.713911,14.447594,-2.2345154,-5.022014,30.130339,0.014392455,1.6239523,3.582322,5.884565,25.812582,512.7712,1506.3408,2.677454,1532.216,1448.9297,-16.72825,2529.765,1003.35406,-19.897972
1.2852365,-17.075432,23.695274,0.051688235,-0.038311604,0.5687729,24.166895,18.191744,-3.7122915,-4.213726,29.955767,0.013250356,1.2995607,1.8197016,6.94886,26.706625,484.51437,1634.4062,3.9329607,1470.4896,1538.796,-16.813553,2528.6387,913.12665,-20.690012
1.3935156,-16.664438,21.913412,0.05088766,-0.03717563,0.7668645,20.14058,20.304853,-6.760338,-3.60748,29.79564,0.0072970013,0.89640063,0.63683575,6.8007245,24.750946,528.87384,1400.2992,0.81138927,1510.7623,1291.4652,-17.827923,2550.3025,730.38086,-20.018045
1.5161546,-16.50955,20.84442,0.057063267,-0.04133726,0.8563902,17.741293,20.810219,-9.296391,-9.527335,29.666311,0.01043358,0.8399529,0.4486939,6.6001563,25.085001,698.59937,1255.2019,-4.324381,1838.3817,971.8552,-21.206785,2903.4258,604.33875,-22.868713
1.5822309,-17.21914,18.983923,0.062032763,-0.044705972,0.7520835,20.239302,17.804174,-10.747092,-13.877498,29.72529,0.013891277,0.9186053,-4.9103274,7.3295903,20.692444,878.0049,1079.2788,-8.647737,2165.1482,562.5503,-21.989286,3275.0334,513.3869,-22.15477
1.5294485,-16.950409,17.97453,0.048546463,-0.049078558,0.60156196,22.103037,14.486991,-6.135013,-15.680747,29.864744,0.05473708,1.1473602,-7.09493,6.2251277,16.89157,755.3437,1208.2761,-9.784391,1813.5045,839.87897,-21.608408,2937.583,524.2797,-22.40029
1.4436111,-15.981625,18.93789,0.029818615,-0.045618784,0.583455,20.996134,13.7437935,-3.684785,-14.812772,30.400362,0.07819383,1.1621101,-7.676214,3.9303226,9.276471,636.1353,1216.0162,-4.9433007,1558.7777,1327.776,-15.211993,2604.7527,701.93555,-16.906464
1.4174361,-12.944539,17.405952,0.013946831,-0.042572517,0.6971603,16.043669,13.051918,-3.6544437,-18.240671,30.789078,0.09917605,1.1661699,-2.8902233,0.515995,5.4093776,501.6406,1099.6903,-3.458545,1344.9095,1456.9403,-9.1706915,2453.58,556.2839,-12.666448
1.4665221,-9.558833,15.380554,0.019195864,-0.03696349,0.65885943,8.725282,12.774442,-8.69284,-25.41318,32.454075,0.1174562,1.0064317,0.0831786,-4.221108,4.8505435,476.99472,889.9204,0.86315507,1531.0703,1238.3975,-1.4798247,2644.2515,394.56314,-8.797683
1.5045314,-6.4903297,11.854828,0.018883282,-0.036125552,0.57108414,3.2405376,10.487442,-12.509311,-31.519684,33.766766,0.10240211,0.89320534,1.3758854,-7.8449683,6.6907477,434.7544,782.03864,0.9527305,1547.0951,832.1875,2.5886364,2786.2297,74.09724,-6.205108
1.3875307,-6.7310424,11.488305,0.017494354,-0.03805086,0.5062459,4.392158,6.2907805,-13.764046,-33.23839,35.08286,0.082511686,1.032596,2.337867,-10.945175,9.455537,416.52432,799.5593,6.497452,1505.3589,796.29535,7.3462768,2726.3909,292.54382,-2.9580858
1.1928815,-8.214676,13.649997,0.0071156123,-0.039026354,0.42485857,8.735362,2.2988565,-12.930646,-27.837372,35.0881,0.025793001,1.3994983,1.6052884,-10.75132,9.919026,420.29214,849.7149,6.81262,1469.3292,780.47266,8.056048,2705.1667,864.97394,-3.1064053
1.0674572,-9.986144,16.341658,0.006723251,-0.036458235,0.32492217,12.043236,1.7852311,-12.999329,-22.618505,35.092484,0.022570243,1.5603957,0.582084,-10.590762,10.067162,433.8761,879.62213,5.3606906,1449.1147,818.0498,6.95828,2648.447,1082.1704,-4.706471
1.1012324,-9.577999,17.756678,0.015526201,-0.03194587,0.26518846,9.72278,6.302519,-16.692465,-18.366816,35.09628,0.02703358,1.2436479,-0.040587645,-10.345287,8.21709,433.0538,878.90204,1.5052217,1445.3239,785.9875,3.2398403,2743.6064,958.4827,-6.711868
1.2073119,-7.83795,15.053192,0.015739102,-0.030559013,0.26863828,5.1521263,9.465106,-16.60573,-19.042765,35.095356,0.03419018,0.9730467,0.0726371,-10.0895605,6.2827134,427.02054,813.441,1.6630545,1432.7758,715.5918,3.3199842,2699.7356,471.6036,-4.619659
1.2314566,-5.8969274,13.632061,0.025564836,-0.02640848,0.3221881,2.563598,7.299828,-15.473812,-18.06478,35.091076,0.028888742,0.92876023,0.4982927,-9.9509535,4.4230876,410.83206,805.13544,1.5362037,1432.898,661.8652,3.1524851,2681.8025,375.69604,-2.8868835
1.1889713,-5.390384,12.786899,0.030642545,-0.02566179,0.30057272,3.2760704,2.3986433,-10.698456,-18.383856,35.094444,0.027714202,1.4329767,0.38510957,-9.79224,5.1042323,401.25098,812.99536,1.2227387,1422.8358,684.0076,2.803365,2503.6404,368.16455,-3.8814938
1.1143798,-6.009033,14.175523,0.028132731,-0.025197722,0.2724789,6.582958,-0.71596164,-10.156266,-13.993161,35.096664,0.02599126,1.408483,-0.6191501,-9.4166975,5.171925,406.23526,824.64404,0.9950096,1410.3392,694.5135,2.4322321,2451.165,418.26083,-4.1769156
1.0710043,-6.318627,13.567731,0.020244762,-0.027057754,0.25027028,8.858272,-1.710154,-8.271312,-9.323381,35.09489,0.026040366,1.7443943,-1.4101377,-9.092728,4.4612193,423.70837,835.70087,0.9479483,1436.4835,722.4746,2.3647227,2464.8784,552.29865,-3.5132706
1.0683951,-5.740935,11.431487,0.009519305,-0.023692617,0.26071218,10.384205,-3.2711315,-4.9766483,-4.570893,35.093063,0.022863304,1.1026925,-1.0827247,-9.316995,3.5485303,438.31763,838.6987,4.9588623,1460.5216,744.93475,6.6413465,2428.3337,673.8786,1.4103323
1.0292857,-4.9422674,9.043561,0.009508465,-0.021614341,0.26626277,11.0621,-6.411949,-1.4909983,-4.26739,35.09967,0.02986914,0.81665283,-0.13592686,-10.196565,4.4644117,439.96033,855.3287,7.7442803,1461.5039,802.58014,9.840809,2384.4514,701.2869,3.2798693
0.93321294,-6.3419204,10.800235,0.020798376,-0.022713987,0.28435954,13.191249,-6.8333144,-4.3726854,-7.584976,35.1044,0.038402732,0.7134716,-0.019278646,-10.673164,6.701425,433.3436,903.1668,7.063917,1418.774,882.1711,8.821469,2333.025,666.98376,0.36249223
0.7871316,-8.934536,15.93439,0.013441981,-0.027727304,0.24338822,16.304646,-6.2253594,-8.92087,-9.192748,35.10217,0.03996499,1.0873075,-1.2179484,-10.265475,8.444432,436.8318,926.13324,5.476242,1388.4252,923.3837,5.9801903,2345.587,703.24615,-2.96819
0.6923196,-11.003024,19.205643,0.016786551,-0.030220812,0.22609742,19.321478,-3.3004692,-11.8228,-8.876559,35.09647,0.03675749,1.4850414,-2.1441765,-9.72855,9.238926,434.9878,978.3034,-64.695045,1373.5328,961.1397,-64.97793,2326.1006,781.4509,-70.85433
0.66913444,-11.983264,19.15827,0.00016960113,-0.029474549,0.1932785,22.12957,-1.2972087,-8.230275,-7.5239415,0.0,0.0,0.0,0.0,0.0,0.0,445.08694,973.0239,-131.271,1367.2163,969.70856,-131.7747,2319.659,760.47064,-134.38232
0.66592735,-11.403202,19.269152,-0.004427941,-0.024552928,0.23011398,21.884933,-0.46177384,-7.3550982,-5.5173435,0.0,0.0,0.0,0.0,0.0,0.0,452.3505,976.5717,-134.54042,1392.8125,989.88135,-137.7028,2328.4053,819.3819,-138.35406
0.8105917,-10.59689,18.238588,0.0040745814,-0.022424698,0.35915816,20.670822,-1.5928888,-4.7640376,-7.8655877,35.259186,0.0,0.7952902,-1.8257965,-3.7530804,11.943092,457.50513,999.41876,-67.56576,1462.4305,1021.4302,-73.570274,2369.125,931.6128,-75.52782
1.1611964,-8.697809,15.833222,0.025448322,-0.02232205,0.6823929,17.618908,-5.0187325,-4.842556,-12.675987,34.97592,0.03148169,2.1224859,0.24764673,-3.1852293,10.584728,445.3578,950.1516,-0.44579825,1489.4852,916.7241,-7.7695885,2357.1765,910.5164,-11.030525
1.4838672,-7.650228,12.896187,0.07172065,-0.023090819,0.9929536,16.982485,-6.497774,-3.4601781,-14.887231,34.637466,0.031960946,3.5240471,4.0403523,-1.7996916,8.829315,424.3868,986.03546,0.5851372,1478.2373,862.3725,-3.8933716,2346.2703,854.33673,-8.244179
1.7677635,-5.8767014,11.74619,0.07027252,-0.019877685,1.1808829,17.63022,-9.943664,-5.970646,-11.474128,34.34991,0.034914058,3.6994963,5.9305844,-1.3691306,6.115932,413.90247,951.74115,0.02925714,1412.6515,769.4753,-1.2797633,2318.6335,712.0568,-6.086674
1.8610841,-4.6581235,10.826817,0.06723622,-0.016116962,0.97790146,19.374651,-11.22908,-8.128253,-3.5453432,34.29508,0.030250723,2.4516556,4.015644,-0.71239394,3.5450027,416.69315,971.6921,-2.5323446,1393.0283,799.4839,-2.2244399,2284.2869,751.2758,-6.0773473
1.9974598,-2.371683,8.713687,0.04335485,-0.017515188,0.82179135,19.175652,-15.243041,-9.520875,0.27376637,32.624256,0.025587395,1.2038151,-0.100327015,0.0030606587,3.7054474,414.42188,944.01483,-6.533467,1372.7217,775.9133,-10.095677,2248.5334,721.7015,-10.2389145
2.0119398,-1.1476,6.568232,0.04489693,-0.01785416,0.609345,17.300667,-15.574925,-8.727746,2.2000692,29.40567,0.018929463,1.0333557,-3.1103973,2.2418487,7.646261,415.39572,916.6743,-10.731728,1359.0283,748.58026,-16.635958,2238.8079,676.31537,-16.464462
2.1408808,-4.762692,10.957943,0.04013319,-0.02049814,1.7803949,17.397316,-6.481314,-5.840384,4.173246,24.801504,0.018929463,1.0333557,-11.3181,6.229723,12.42068,393.24246,1031.6254,-14.588254,1328.8221,804.4642,-23.690222,2240.7517,667.57623,-21.197683
2.0252695,-12.045785,18.92739,0.027360097,-0.019738387,3.1176617,20.303059,5.9778385,1.0786902,9.694721,21.638712,0.018929463,1.0333557,-10.241844,8.755064,13.788356,369.06192,1186.11,-16.616467,1314.6805,930.07733,-24.712366,2221.0618,714.9765,-23.880173
1.9548086,-17.340868,24.982798,-0.016068408,-0.018034117,4.0468655,21.15865,13.666192,7.3416367,18.44827,19.49227,0.018929463,1.0333557,-8.855847,8.130843,13.321415,325.0057,1380.9564,0.0,1294.5109,977.5456,-28.34244,2206.9102,760.4504,-25.818983
1.718484,-17.732313,25.183556,-0.06657854,-0.01369219,4.0051866,19.60977,9.5654745,13.841853,24.641336,18.70764,0.018929463,1.0333557,-0.16055235,6.8713202,15.161766,316.26978,1469.9957,-20.900366,1309.2438,963.1097,-30.650454,2210.3699,823.95605,-29.626755
1.5403839,-18.359947,25.575579,-0.10543623,-0.0080590835,3.4112103,19.572083,6.689289,16.22357,28.687317,17.044573,0.018929463,1.0333557,-1.8416699,6.9594693,26.777267,576.9035,1395.4188,-25.661123,1553.1205,924.60187,-33.821224,2582.4905,787.0737,-37.51424
1.309936,-19.98316,26.998611,-0.10799021,-0.015753,3.3069038,22.959024,7.9077353,15.356814,28.764557,15.50026,0.018929463,1.0333557,-4.281385,8.113559,37.860535,839.0007,1735.7076,-29.382574,1765.0605,1012.4238,-35.897175,3150.8176,840.9494,-43.4937
1.0019389,-26.407053,34.95525,-0.10183688,-0.019709622,2.9858665,29.69188,17.037508,13.465516,28.468855,14.073426,0.018929463,1.0333557,-8.229797,7.449659,45.599106,1016.789,1669.0194,-29.87214,2004.1422,1049.913,-37.73388,3493.781,1031.1156,-48.28774
0.8229311,-28.374468,38.074234,-0.106755815,-0.025277281,3.0777197,31.439468,21.51911,10.721553,26.593817,13.919636,0.018929463,1.0333557,-10.357609,5.883524,42.970562,986.49805,1971.1337,-25.161646,1909.3802,1270.7804,-35.382664,3435.155,1254.453,-47.145245
0.62122613,-31.88738,42.314533,-0.11801481,-0.022354806,2.6640427,31.729147,24.533438,8.618512,26.837442,14.219726,0.018929463,1.0333557,-13.826753,3.6665614,36.814365,960.8452,1551.1439,-20.66781,1956.3936,1198.1298,-32.0583,3347.0693,1175.2933,-43.5536
0.53180313,-28.00715,38.32329,-0.119625986,-0.021368034,2.1862864,29.047796,20.131502,4.877918,28.11283,14.301042,0.018929463,1.0333557,-13.758667,1.3889958,27.912323,1065.8939,1603.3136,-20.133446,2020.9445,1288.3055,-27.242867,3542.3098,1038.0806,-36.685497
0.47443923,-25.854513,36.2079,-0.10920442,-0.021266378,1.3561474,28.425903,17.65593,-0.6011806,28.624756,14.105056,0.23441304,1.1403044,-12.527531,0.44840273,17.22307,1011.0269,1409.2635,-17.87527,2026.1406,1180.2015,-24.532183,3420.7195,969.31805,-28.199656
0.48118868,-22.559143,32.69082,-0.10143431,-0.02016236,0.8739454,25.403334,13.998113,1.1578127,23.488981,13.919464,0.34215486,1.1937788,-10.46433,0.064591885,11.080624,834.9375,1500.3749,-78.907745,1800.3628,1369.0653,-82.35638,3015.5125,1069.1848,-82.63123
0.56707615,-17.758215,27.44674,-0.080950685,-0.014033564,0.53543,19.903635,8.665679,2.6289155,17.399916,0.0,0.0,0.0,0.0,0.0,0.0,613.02985,1490.0844,-74.281105,1484.9032,1347.1962,-79.14997,2555.9424,993.3823,-80.258835
0.6514389,-10.965271,18.476385,-0.061532322,-0.010257472,0.42112502,14.614055,1.2711368,3.670297,12.161293,32.846542,0.0,0.0,1.7950789,5.353021,20.737074,483.28506,1376.1359,-72.267456,1320.3328,1252.3503,-76.57861,2406.3176,867.95197,-82.52349
0.7247694,-6.1028423,11.76291,-0.024080537,-0.0058538993,0.44759774,14.019641,-0.6968153,1.4717706,12.341857,32.679325,0.0,0.0,2.7588358,5.123774,23.258944,464.2158,1322.8116,-5.6971245,1290.1582,1149.756,-13.45179,2355.1963,870.3027,-25.38739
0.87742066,-7.830583,13.751292,0.010021436,-0.009681658,0.8486503,21.392954,3.0245752,-5.0055733,16.34233,32.356293,0.0,0.0,4.4326644,5.0098157,25.640718,403.7793,1497.5375,-3.0623684,1314.3657,1197.0303,-12.189755,2263.5417,2121.3982,-26.743402
1.0799452,-10.037705,20.828983,0.04468545,-0.006957334,1.1067104,30.151415,5.8654065,-8.434086,19.739563,31.906473,0.0,0.0,5.3731613,5.4124565,29.865616,341.81436,1660.0444,0.1833574,1283.0255,1227.9536,-11.948562,2199.9675,2184.4258,-29.68226
1.2150706,-11.039153,29.535395,0.0684327,-0.011127178,1.2593538,37.794823,7.309171,-15.69312,18.193533,31.416466,0.0,0.0,5.979294,8.12389,34.75417,547.96344,1671.389,-3.8911674,1485.0504,1239.4877,-18.678802,2477.8396,2100.906,-33.019184
1.0737029,-11.452126,33.359795,0.07027337,-0.014177087,0.97720855,40.278362,6.538423,-13.599374,11.45068,30.944433,0.0,0.686671,6.886461,11.139855,41.08823,783.26465,1433.2509,-9.545889,1737.0155,1175.2686,-25.231615,2825.7385,879.66486,-38.27003
0.8327546,-14.4960375,34.218952,0.06971118,-0.022597954,0.777122,39.201775,10.056052,-9.957843,5.9030623,30.719,0.021899957,1.2542517,8.024196,13.184613,40.1198,997.88086,1253.9047,-15.627174,2000.0796,1177.1897,-32.788548,3143.3008,857.79034,-36.561115
0.6489529,-17.910955,33.65695,0.06339767,-0.023394277,0.56634575,36.864117,13.09496,-4.5066595,2.2988162,30.617456,0.025016757,2.0463207,8.7037735,13.026409,39.00389,764.0975,1301.5306,-9.692637,1778.8866,1161.5765,-28.746202,2865.1184,1044.7056,-35.13682
0.576106,-19.766607,32.5513,0.054119885,-0.02682454,0.30770215,33.797836,16.604525,-2.0454679,2.1918159,30.529924,0.021435337,2.1845498,8.667829,12.220754,38.54695,529.20465,1383.6278,-2.3341413,1476.2106,1161.8937,-23.043737,2541.805,1108.3038,-34.059322
0.58463395,-20.4116,32.810764,0.05578797,-0.024879029,0.19074649,32.253273,18.1242,-0.52206415,2.774745,30.388746,0.015249777,1.7028294,8.652341,10.5730095,37.03498,314.67703,1546.8734,5.3775697,1219.8702,1173.1683,-15.154377,2297.1155,1116.5558,-31.65741
0.60247564,-20.401974,32.499844,0.05613042,-0.023344329,0.21109657,31.488129,19.18348,-0.36346182,5.3900566,30.230764,0.0121571245,0.7324657,8.77441,8.3868475,34.53323,558.10284,1484.9349,0.44390297,1489.6656,1148.2863,-14.586833,2607.157,839.6665,-28.279001
0.65532273,-18.740614,31.5849,0.06612331,-0.013536426,0.23147243,31.537283,16.659939,-0.87481207,10.214577,30.112617,0.01403138,0.530201,8.750862,6.2169003,28.097116,776.8422,1360.906,-5.5508447,1810.876,1116.9843,-14.674324,2798.9846,1363.983,-21.158655
0.75626427,-16.427877,29.05722,0.06588953,-0.0108445445,0.28152025,30.93136,14.480029,-1.4449325,9.475461,30.043844,0.012473639,0.5549491,8.196918,5.282093,27.890585,1036.8672,1172.1353,-12.731221,2141.38,931.1433,-16.286776,3151.0789,1289.6503,-20.63896
0.9198844,-15.012769,24.516052,0.0806198,-0.008879897,0.383602,28.830963,12.675522,2.3604038,7.233921,29.917587,0.0084371,0.9749947,7.0303903,5.6866894,26.071833,1003.84863,1116.5889,-16.13925,2161.9788,794.6717,-16.444458,3190.469,1583.3009,-19.119726
1.0945588,-15.001277,21.390533,0.09026722,-0.011949497,0.45373204,24.765089,15.1552,6.8929353,0.9314282,29.68432,0.004939178,1.355316,4.9565296,6.9129386,24.316324,1016.0757,1163.8073,-20.746544,2148.8118,628.20087,-20.707113,3335.2805,904.8333,-18.646805
1.1665431,-15.784823,20.165766,0.093389966,-0.012110571,0.58098346,19.952957,20.031336,13.292863,-1.5505733,29.414589,0.0044523207,1.366772,1.4436026,7.7491455,16.66522,986.261,1346.4877,-25.505005,2102.8564,514.7369,-24.061836,3311.7148,740.6253,-13.225686
1.1877869,-14.26863,19.778994,0.08354222,-0.015715154,0.6181382,14.076753,26.716776,16.27617,-5.958096,29.263119,0.0017470908,1.2648114,-0.5396508,8.133585,11.668276,770.0738,1327.5873,-85.59365,1898.7471,539.1893,-84.91062,3025.7976,416.19565,-73.346794
1.2027266,-8.553349,14.648862,0.062104803,-0.020169921,0.84909993,4.797608,31.98443,18.35778,-9.805803,0.0,0.0,0.0,0.0,0.0,0.0,480.59848,1432.5851,-143.8079,1786.2188,768.6341,-142.65105,2575.1235,378.13492,-135.8228
1.3415662,-0.31988016,6.0281568,0.04674981,-0.022364661,0.8222329,-5.3665576,34.840782,17.308958,-13.807088,0.0,0.0,0.0,0.0,0.0,0.0,242.79163,1336.7726,-201.0,1637.5953,885.8757,-201.0,2149.0461,550.97504,-201.0
1.4586838,7.154474,-3.400985,0.041072834,-0.019773139,0.7673194,-14.043353,32.1685,15.578303,-15.446399,0.0,0.0,0.0,0.0,0.0,0.0,155.85927,1481.9634,-201.0,1614.4464,813.1975,-201.0,2090.876,837.41046,-201.0
1.5384258,8.638093,-5.100942,0.042506497,-0.011597411,0.5698476,-16.03157,28.66014,14.065834,-12.887797,0.0,0.0,0.0,0.0,0.0,0.0,570.37915,1017.52594,-201.0,1769.4835,416.94577,-201.0,2604.322,953.0817,-201.0
1.4458318,7.318594,-4.2970076,0.053333104,-0.009604721,0.5455418,-15.259059,25.788551,11.9012985,-13.61893,0.0,0.0,0.0,0.0,0.0,0.0,602.1716,905.85724,-201.0,1797.2086,308.14444,-201.0,2653.419,936.9056,-201.0
1.1891686,1.2560936,2.0927398,0.04309265,-0.011103542,0.54077053,-7.4708066,24.571991,12.761531,-9.76329,0.0,0.0,0.0,0.0,0.0,0.0,711.63983,718.55743,-134.68536,1826.1061,303.79965,-136.97896,2698.6,572.0494,-138.05034
0.84353966,-3.89266,7.614549,0.036114793,-0.02125976,0.4628171,0.6368119,22.339151,8.727787,-9.035567,19.022587,0.0,0.0,-2.169383,-9.391737,7.320934,381.23935,997.78467,-68.64316,1548.9916,546.33325,-72.370415,2389.721,508.02188,-76.010796
0.55958235,-9.306073,15.15398,0.019867873,-0.023286691,0.29020986,11.278157,17.817472,3.5764806,-3.4589996,19.00923,0.0,0.0,-1.8492484,-9.049586,6.994472,407.7876,1096.5575,-2.544989,1424.765,869.56134,-7.1169267,2397.7725,608.8891,-12.10022
0.43069348,-10.189244,17.498451,0.0159087,-0.023204617,0.15107135,15.387797,12.791206,-2.4695528,-2.8287222,18.993626,0.0,3.3926876,-1.616035,-9.151945,7.3697987,429.33316,1127.503,-68.85963,1400.1984,1060.2676,-71.13798,2335.9607,959.84064,-75.04987
0.38258684,-9.997635,17.320433,0.009831118,-0.018329076,0.0902287,17.092142,8.3960705,-3.348399,-2.1768758,0.0,0.0,0.0,0.0,0.0,0.0,447.473,1150.7975,-134.90184,1421.1636,1175.8885,-135.74652,2250.261,1175.2609,-137.08943
0.36197174,-9.731659,15.808587,-0.00031931014,-0.017389186,0.083255254,16.418085,6.4697213,-2.244864,-4.6877084,0.0,0.0,0.0,0.0,0.0,0.0,453.29663,1098.8566,-201.0,1429.5692,1162.3312,-201.0,2256.5193,1088.8848,-201.0
0.42242995,-8.526939,14.608893,-0.0010586847,-0.014435801,0.095462345,12.25958,8.968619,-1.0239488,-6.3935637,0.0,0.0,0.0,0.0,0.0,0.0,451.44492,1061.8414,-136.64052,1418.8759,1103.4048,-142.38676,2309.3997,793.8444,-144.95935
0.61613995,-7.7949786,12.954946,-0.0032752482,-0.012294866,0.24178998,9.47968,12.729286,4.087721,-7.2991714,34.687134,0.0,0.0,3.9045548,-3.0485754,25.935411,680.1424,1049.0469,-73.391304,1705.6631,852.9532,-86.95658,2618.5515,651.65546,-89.0781
0.78421307,-10.164317,16.33844,0.0036800494,-0.017641382,0.5477326,12.037304,16.271795,7.0549426,-7.8808665,34.562237,0.0,0.0,5.1476398,-2.705656,28.90152,825.3984,1014.93726,-9.386659,1970.9437,628.7721,-31.219114,2924.03,551.19965,-35.25973
1.070058,-13.143799,23.165436,0.007326655,-0.026168711,1.196597,22.222628,16.343546,5.25227,-13.897264,34.341606,0.0,0.0,7.1876335,-1.5058756,31.747091,803.37994,1141.2611,-8.251756,1884.7386,659.63116,-25.570368,2955.4832,745.8945,-36.970398
1.204834,-16.196821,29.325216,0.035225645,-0.03732318,1.34937,31.720266,14.759841,-5.4889355,-19.95247,34.115032,0.0,0.0,8.214741,0.63016015,33.911655,543.94135,1218.8589,-6.0107408,1477.2338,850.4228,-16.701479,2642.5115,648.4041,-38.497425
1.2961612,-15.798833,31.32131,0.04423581,-0.03459489,1.383731,35.88468,12.100353,-11.308635,-22.236998,33.84231,0.010375181,1.6979426,8.449478,2.6241398,29.234375,360.44644,1361.8124,-4.485658,1128.4513,989.4013,-7.3731475,2345.6409,705.2219,-33.720036
1.1918408,-15.818494,29.74305,0.05543873,-0.03366064,0.7829435,36.6776,11.03576,-14.663216,-17.815767,33.55331,0.012629171,1.3922876,8.239137,3.0805604,24.78644,350.0476,1363.8541,-4.263891,1115.9523,964.6048,-5.491155,2270.8645,584.2114,-29.050331
1.1328574,-16.033415,27.045847,0.044207394,-0.02890418,0.6680701,36.778606,9.614268,-12.406409,-14.541867,33.248234,0.012548774,1.0233687,7.2526402,1.9357276,19.960546,333.55527,1424.8203,-4.2696753,1097.7788,972.05566,-3.7191525,2268.429,554.191,-24.230223
1.1566279,-15.686925,23.227257,0.0594264,-0.032664638,0.46936837,35.765324,8.084048,-13.06116,-15.068067,33.0036,0.0135552315,0.76354784,5.4626975,-0.044980526,25.101685,556.9139,1300.4838,-4.446547,1471.8971,814.9152,-8.904513,2695.5322,700.1413,-29.91143
1.1707233,-16.372261,20.075737,0.07259902,-0.03692049,0.5753832,34.595886,5.977499,-10.639451,-18.991882,32.67188,0.010341245,0.6040929,2.7877865,-1.1768543,27.657747,757.32086,1204.861,-6.2439957,1828.6904,682.1849,-14.294861,3145.1924,909.4539,-33.778988
1.0496573,-16.000631,18.280859,0.10103345,-0.04194304,0.67557955,34.400528,5.9972367,-7.8845525,-17.877335,32.50535,0.012272684,0.24268037,1.3893831,-1.6948442,32.02144,739.7095,1292.8397,-71.72845,1808.0438,748.17804,-80.36593,3110.5798,928.1954,-92.95331
0.8190275,-16.278616,17.83737,0.091138296,-0.037898798,0.71223646,33.117214,7.9211617,-4.639763,-9.998765,0.0,0.0,0.0,0.0,0.0,0.0,733.09564,1303.9302,-137.0813,1789.3203,767.0171,-140.24638,2977.7346,817.26276,-145.86787
0.5759073,-14.70535,18.996641,0.07000669,-0.027967284,0.6217106,30.930334,7.9778543,-4.6009116,-0.8524905,0.0,0.0,0.0,0.0,0.0,0.0,731.2366,1360.0164,-201.0,1765.776,987.7329,-201.0,2726.876,801.32745,-201.0
0.4403453,-13.482244,19.327944,0.031286873,-0.024293939,0.36952618,25.796417,9.9480715,-5.0281262,1.5359033,0.0,0.0,0.0,0.0,0.0,0.0,798.72705,1168.4152,-201.0,1914.8903,1032.8812,-201.0,2775.5205,990.51776,-201.0
0.40470603,-10.8099375,18.025732,0.012311862,-0.020872904,0.21581721,21.495516,12.159472,-5.9145436,-3.4401047,0.0,0.0,0.0,0.0,0.0,0.0,619.89886,1106.2787,-201.0,1642.4955,1114.1125,-201.0,2589.321,937.7888,-201.0
0.3683612,-11.498126,18.67829,0.0052014254,-0.024182618,0.14655025,19.937746,14.880008,-6.8886833,-5.92664,0.0,0.0,0.0,0.0,0.0,0.0,467.37317,1044.4008,-201.0,1427.4374,1081.4147,-201.0,2464.2812,1173.8622,-201.0
0.5270321,-8.864222,15.949014,0.041954603,-0.015487219,0.20723037,14.536968,15.180222,-3.620084,-3.2039344,0.0,0.0,0.0,0.0,0.0,0.0,428.55496,1098.2816,-132.34528,1410.8639,860.04987,-136.77661,2602.287,906.37885,-139.82764
0.5945304,-8.736453,13.692459,0.04637703,-0.018069608,0.26037082,13.341876,13.3361435,-1.3026115,-3.3917716,30.708496,0.0,0.0,5.3871927,2.9406016,26.998177,546.42566,1278.394,-70.38929,1599.7832,904.9156,-80.36161,2701.4177,852.0975,-81.93777
0.74084234,-8.1540785,13.765747,0.0623446,-0.014580703,0.41478992,13.661395,15.140027,-0.14621194,-5.9937706,30.599464,0.0,0.0,5.368483,3.5626628,28.567802,734.4573,1295.6835,-8.573479,1890.3375,1102.1288,-22.345284,2899.9622,408.1963,-24.527899
0.7757771,-11.538147,21.017677,0.04491822,-0.01464508,0.53449315,20.830711,18.481714,-4.9707947,-11.049713,30.307348,0.0,0.0,4.404338,4.5002837,30.603485,727.8777,1281.3022,-10.369801,1824.1665,1169.1902,-24.32664,2843.2156,559.1504,-28.359903
0.8919633,-14.250171,26.45755,0.07014435,-0.0108020725,0.6294655,23.51773,22.787584,-4.3872056,-9.798804,29.816763,0.014921558,2.3659792,1.0071911,4.9959974,23.13144,561.3796,1213.8348,-7.2112603,1579.8788,1115.755,-15.787029,2653.7727,545.3264,-24.179628
0.9545309,-16.263262,26.434837,0.084646545,-0.014669684,0.6150908,21.903131,28.14501,0.57609874,-9.939252,29.534445,0.014921558,2.3659792,-1.1547462,5.090603,18.843632,267.01266,1497.0205,-69.02708,1133.559,1067.8654,-73.80336,2412.5476,563.99115,-81.5895
1.1015002,-13.2302885,19.657488,0.088032044,-0.014904026,0.7045924,14.383889,30.707354,6.6135635,-8.664954,0.0,0.0,0.0,0.0,0.0,0.0,255.48146,1490.6357,-135.88548,1225.3282,1029.1346,-136.0454,2389.2766,496.2673,-138.92986
1.9117537,-6.077723,14.986598,0.057117496,-0.0074815564,1.5540161,8.222637,20.25455,0.6235911,-6.085728,0.0,0.0,0.0,0.0,0.0,0.0,199.9955,1893.5543,-201.0,1111.206,1231.9987,-201.0,2306.8923,702.7131,-201.0
2.701504,1.4635763,7.816645,0.019089853,0.0017229434,1.9786905,1.734883,9.0357275,-5.598601,-3.2209938,0.0,0.0,0.0,0.0,0.0,0.0,356.42416,1598.0475,-201.0,1138.0385,2048.613,-201.0,2187.462,888.5992,-201.0
3.199956,4.2843413,5.246783,-1.6327327e-05,0.0023305838,2.2858667,-0.8093505,-1.4966224,-9.949788,-2.3584473,0.0,0.0,0.0,0.0,0.0,0.0,413.1255,1401.5734,-201.0,1155.9745,1984.7262,-201.0,2281.9695,947.86505,-201.0
3.0737305,3.2957242,4.8806157,0.016761027,0.00043100942,1.9214196,-2.4381752,-3.4422655,-13.479888,-4.9254375,0.0,0.0,0.0,0.0,0.0,0.0,448.23624,940.2876,-201.0,1387.8754,1909.0736,-201.0,2318.7163,1111.5641,-201.0
2.6793766,3.4536314,8.155866,0.031756252,0.005103588,1.8474379,-3.9388344,-5.6878715,-15.856407,-8.648893,0.0,0.0,0.0,0.0,0.0,0.0,383.96732,806.6259,-201.0,1520.9668,913.8017,-201.0,2480.055,835.6098,-201.0
2.2738087,4.589909,6.8363967,0.037011687,0.0131023275,1.6257416,-6.0111833,-6.245308,-17.4899,-13.13456,0.0,0.0,0.0,0.0,0.0,0.0,364.62308,805.8521,-201.0,1500.6636,1014.107,-201.0,2367.4592,656.8603,-201.0
1.7779778,6.886539,1.1760851,0.031898927,0.007991585,1.1579355,-10.579814,0.6419595,-11.859868,-16.065527,0.0,0.0,0.0,0.0,0.0,0.0,371.37466,805.98663,-201.0,1482.3317,969.1568,-201.0,2401.618,255.35791,-201.0
1.5581576,8.380616,-5.144157,0.027561868,0.0049499716,0.78308505,-14.762366,6.800695,-10.150126,-16.298449,0.0,0.0,0.0,0.0,0.0,0.0,370.23013,855.7874,-201.0,1560.1305,1085.6559,-201.0,2320.3662,269.12695,-201.0
1.4874645,10.038231,-6.8476796,0.017969107,-0.00035079825,0.5335758,-17.769987,12.350743,-9.739233,-15.487226,0.0,0.0,0.0,0.0,0.0,0.0,384.4109,1336.2163,-134.94551,1346.2217,1279.3657,-143.13655,2260.4944,214.51746,-144.684
1.3879437,11.301053,-9.075394,0.010096257,-0.0019429795,0.48129737,-19.828882,15.769933,-7.0631256,-17.48653,34.00908,0.0,0.0,2.7838318,20.635487,34.009357,450.7733,1177.4482,-67.886986,1361.8722,1035.5874,-89.08265,2292.4622,300.79074,-90.55988
1.1969593,5.547535,-2.4855993,0.052005768,-0.009896361,0.5742461,-13.715163,20.631357,-0.98705006,-15.089643,34.014645,0.0,0.0,5.0448494,22.08343,34.751297,748.1926,1215.2026,-11.270127,1598.0039,658.3624,-35.972324,2705.7205,500.83463,-35.032734
0.9790961,-5.5362377,10.443237,0.08568966,-0.013440545,0.8118167,0.23371188,26.659739,1.2873468,-11.978915,33.983852,0.0,0.0,8.761109,24.513632,38.510647,709.9123,1041.3828,-9.663357,1739.4995,609.12994,-39.06059,2935.9387,691.31854,-37.185314
0.86922,-18.540674,26.839676,0.12074143,-0.017352762,0.95017767,16.958963,31.85115,0.74592334,-9.386216,33.876663,0.0,0.0,10.112887,29.099722,38.627125,690.59686,1385.1449,-9.372261,1643.7174,1013.33966,-38.654762,3040.1877,1310.6693,-37.010696
0.83346444,-25.57035,34.119686,0.100477956,-0.0230448,0.7900482,25.788115,34.767002,0.3268272,-9.448974,33.682407,0.0,0.8876964,9.5723295,29.72053,39.354343,370.50253,1551.023,0.2701219,1187.7157,1337.1232,-33.510227,2634.362,1152.9327,-39.084225
0.78626513,-27.46166,34.644833,0.09602752,-0.029828975,0.58202237,27.566786,36.44736,0.8513613,-9.470232,33.15067,0.010531977,0.7918465,7.6696143,27.632257,36.450134,381.77026,1481.2155,-3.1010349,1143.2017,1307.8065,-30.174303,2428.4766,1160.0052,-39.551167
0.67384607,-27.033392,32.291107,0.0913933,-0.031898636,0.498415,27.292604,36.768284,0.97162026,-6.533796,32.331608,0.007597877,0.7939953,5.635555,20.988531,34.8978,337.9875,1575.0863,-5.175989,1073.7047,1282.6517,-22.241623,2228.169,746.4075,-40.87834
0.55770993,-25.561426,32.26189,0.09953063,-0.032821264,0.5764595,28.926287,34.003506,-1.1075245,-4.161157,31.570007,0.0017296793,0.60014683,3.8754444,15.436734,31.182373,509.9607,1481.0763,0.0,1379.8995,1169.5123,-21.7286,2648.9011,621.3675,-39.26944
0.45200905,-24.837366,32.851467,0.087199956,-0.036730453,0.45476425,30.30855,30.168678,-1.2623963,-3.4317086,31.20228,0.029390639,0.90897435,2.2945747,9.184676,28.165047,661.4369,1365.6559,-7.7140174,1634.1539,1021.1507,-19.087801,3021.7332,499.59866,-36.999756
0.38918844,-22.964628,33.17924,0.069663465,-0.041811425,0.32196474,30.37719,24.828064,-1.9482841,-5.4626174,31.818384,0.04587541,0.8230343,0.4910557,7.4158363,24.963335,839.6246,1069.4208,-6.769489,1918.9015,764.55206,-19.57985,3461.3928,116.8485,-34.40471
0.3392667,-20.097704,30.507257,0.039665267,-0.04191034,0.2139694,27.347223,19.155367,-4.9155,-6.864313,29.112822,0.06236017,0.7370942,-0.61270624,6.4606686,20.02475,720.84576,1126.8215,-2.039716,1691.0194,1227.6202,-13.720136,2932.8845,447.43002,-23.961164
0.31646627,-16.588514,26.688234,0.039018724,-0.04032233,0.16241588,23.943232,15.684567,-10.280591,-9.799969,26.40397,0.051183984,0.34232664,-0.709946,7.4600234,21.19574,702.2971,1238.7764,0.40155163,1664.9347,1267.3385,-10.335322,2916.6438,383.0283,-21.56156
0.2933226,-14.997071,24.323524,0.03352176,-0.037878674,0.10192892,22.254396,13.670014,-14.146291,-8.183319,23.069511,0.16726728,0.36740434,-0.08044096,5.0577626,14.877786,615.8061,1372.4559,1.1690644,1393.9805,2481.7415,-8.912189,2359.1348,752.1904,-13.582505
0.30660903,-14.126884,21.829239,0.040720683,-0.037109863,0.07644042,22.243864,13.850919,-14.361932,-6.984049,23.075418,0.15064254,0.35076204,-0.8253886,2.046617,15.2047615,671.3311,1435.3574,0.012829483,1554.8182,2085.758,-9.827206,2710.6504,696.0344,-17.55123
0.30762205,-13.368698,21.323946,0.029188268,-0.035352513,0.08149179,22.495272,13.053111,-15.685739,-3.6835377,22.776138,0.1370325,0.7150237,-5.820763,2.4893992,13.887082,566.57996,1343.7008,3.7462375,1416.1171,2151.1765,-9.306188,2370.087,1033.0424,-12.799195
0.30438647,-13.003964,21.552076,0.018637858,-0.036323845,0.0787581,21.900537,13.860211,-17.774462,-2.8880641,25.903894,0.007339161,1.0542077,-5.5801463,4.546983,23.6865,540.06274,1217.3473,2.1977322,1517.9935,1078.288,-14.4870405,2563.2703,1005.25946,-20.192705
0.3911437,-9.6013,18.28356,0.02402127,-0.03136791,0.09945343,14.800835,12.816471,-16.437479,-6.7962704,28.988813,0.010353846,1.4351116,-3.1442158,6.8692183,32.20026,404.42947,1190.5748,2.9468727,1392.8751,1118.5245,-19.423038,2348.6125,935.0555,-26.769464
0.55110604,-11.351787,18.27736,0.051810335,-0.03550808,0.33113447,14.657707,14.62997,-9.032271,-15.507037,32.347687,0.010353846,1.4351116,4.463598,5.933,35.448032,526.3824,1174.9512,0.0,1646.0961,977.2541,-28.090445,2582.5676,660.44055,-32.58288
0.79138374,-14.916747,23.270477,0.072030775,-0.038242534,0.76410466,19.264982,19.187025,-5.485302,-20.257582,32.25804,0.010353846,1.4351116,7.050718,3.2162206,33.296158,474.9088,1353.8645,-3.7980013,1547.5443,965.5256,-21.251045,2618.0437,624.9913,-30.319674
1.000441,-19.889757,31.084244,0.06480321,-0.043000508,0.98670894,29.352259,25.022959,-7.144854,-22.356153,32.20119,0.14692567,1.7334143,8.108586,3.0371597,29.739416,500.3649,1304.5337,-1.1826376,1462.9391,874.0581,-15.01741,2646.5593,580.5513,-26.3665
1.170945,-17.429796,32.574036,0.04789424,-0.040160988,0.91851634,32.932053,25.683752,-12.476792,-19.903982,32.16038,0.16103333,1.4263507,8.118098,5.647782,28.978424,344.6592,1365.6027,3.999149,1128.6914,935.7534,-7.2252293,2446.8386,608.9235,-24.979277
1.2280525,-12.4173765,29.247345,0.070091866,-0.03659499,0.659821,31.98461,22.43933,-11.654801,-21.48791,32.147877,0.16159116,1.1143216,8.349213,10.505033,30.49855,355.62878,1263.496,4.525081,1150.3546,857.31915,-10.533811,2478.9856,405.5901,-25.97347
1.126244,-12.824605,27.713728,0.08179333,-0.034921445,0.8031414,31.571259,22.364931,-7.017925,-16.585669,32.19537,0.024373658,0.8714555,9.097482,15.539749,33.540276,336.41458,1312.1864,4.275074,1144.3241,865.16016,-15.465187,2483.1702,330.64587,-29.265203
0.982914,-17.076832,29.361855,0.0797445,-0.034096617,0.71629983,29.858,24.888586,0.022437254,-13.089973,32.29715,0.008915247,1.0000356,8.993175,18.94472,36.27715,256.7236,1502.2057,4.0006113,1111.5878,968.616,-18.9369,2483.761,306.94345,-32.942795
0.8526369,-22.066778,30.88737,0.074496314,-0.031850595,0.64893144,27.815607,29.777094,4.28791,-8.452367,32.410706,0.008538024,1.0322882,7.88999,19.976068,34.661083,253.29338,1510.567,0.0,1107.6276,1025.297,-19.555622,2452.1433,269.72812,-32.510178
0.8998332,-21.276243,29.166702,0.07791562,-0.028124342,0.3174477,20.6869,34.808254,6.1109734,-7.28224,32.494686,0.009567481,0.6296843,6.768481,19.392397,31.111269,246.04669,1528.0225,1.1528063,1128.3375,1129.7435,-17.465721,2457.049,184.48988,-29.693213
0.98950464,-18.426912,23.850092,0.08343945,-0.02585137,0.32417303,13.465379,40.703766,5.864095,-6.686283,32.575546,0.009802942,0.7624185,5.7894483,17.103844,27.48613,556.3118,1347.5729,0.0,1582.1195,774.0569,-20.878588,2754.7087,188.95337,-26.202337
1.0945444,-15.088832,19.644669,0.060710505,-0.024272628,0.30662775,7.3940487,43.124115,5.658882,-7.573929,32.65443,0.009318502,0.86687034,4.097175,12.837975,26.074507,791.545,1224.288,-8.040815,2016.4639,444.79565,-22.2162,3080.8633,161.04501,-24.417374
1.1072139,-14.012057,20.165459,0.05836575,-0.025061458,0.34169865,8.814359,40.59972,3.9625695,-8.769401,32.62364,0.012459961,1.1311759,1.9914252,6.7421556,25.441008,1028.997,1025.5841,-6.114239,2419.9119,96.714455,-23.107208,3403.2747,222.51299,-23.609304
1.2104528,-12.977313,21.91742,0.07692584,-0.026838169,0.5456159,11.788422,32.1707,4.5945697,-12.80202,32.462345,0.014827604,0.891026,1.4117552,0.72580177,21.496887,1001.0559,909.0717,-3.1793652,2394.172,134.28528,-17.620436,3351.181,374.82364,-19.729473
1.3959278,-10.402968,21.175346,0.11126459,-0.029317847,1.0506376,15.749259,22.715569,-2.004877,-17.506918,32.248722,0.023783341,0.86700886,3.5706584,-2.8888104,18.145817,735.35284,1058.0663,-1.9947636,1951.2764,405.048,-10.852277,3035.7131,390.89612,-16.43036
1.516314,-8.280747,19.326963,0.12600927,-0.03215383,1.3630308,16.647705,16.18983,-8.724776,-23.754694,32.10057,0.034105193,0.4800099,6.6112657,-4.1933093,14.325976,501.60336,1216.0981,0.0,1529.6202,643.55585,-5.7362804,2703.5215,382.95425,-12.532238
1.5372944,-7.5059853,18.814985,0.122460954,-0.032673564,1.2476016,17.32277,13.895878,-17.856127,-27.650602,32.000065,0.039690226,1.5317827,8.602379,-4.535249,13.832786,298.6366,1314.3911,1.6121459,1140.6694,886.0039,-1.9895191,2472.0452,209.05107,-12.052375
1.4939162,-8.598046,19.365896,0.09042566,-0.03045447,0.78775835,16.930159,11.830445,-18.254892,-28.627256,31.880777,0.028589094,1.6703053,8.327576,-5.5235486,14.3656435,341.36365,1215.9966,1.2956516,1170.5092,890.99054,-2.3804529,2478.0317,212.9832,-13.069992
1.515975,-9.810294,20.438011,0.07779007,-0.031478155,0.4770225,18.21697,10.0085,-17.785913,-29.923918,31.72521,0.012018584,1.7975546,6.6853814,-6.6321883,17.313602,369.4795,1156.9688,0.78326625,1194.5126,902.40875,-2.3962543,2479.7444,276.77344,-16.530336
1.4596028,-11.035863,22.0048,0.09317231,-0.033591434,0.44671607,20.34784,9.735691,-18.682669,-28.480164,31.502821,0.0034810903,0.7819306,4.244598,-6.381284,18.974112,365.89578,1211.5802,0.07031798,1185.1404,940.2087,-2.7310216,2455.0393,354.55273,-18.903793
1.3189574,-12.985176,23.39736,0.11580855,-0.0406606,0.5893858,22.835684,13.3896055,-16.53427,-28.93525,30.688879,0.0042302264,0.5930001,0.7910026,-2.6798372,21.740372,288.02518,1405.714,-0.22585452,1133.8173,996.5429,-9.05443,2407.8103,433.07947,-22.094793
1.0378517,-14.119678,22.435987,0.11944788,-0.040801194,0.8486137,24.732126,17.001986,-12.643113,-27.04586,25.956137,0.0052535404,0.68586093,-0.79546195,2.867655,23.756317,494.23447,1375.8131,0.0,1519.4756,822.7163,-13.435632,2699.7883,525.67377,-19.305204
0.7154448,-15.941373,22.802216,0.080691636,-0.038618863,0.8197443,26.467875,18.819399,-2.61621,-19.937132,20.164118,0.0052535404,0.68586093,-4.1973653,5.4296474,27.43319,700.38165,1293.0782,2.791552,1915.6205,620.1583,-15.414996,3004.6123,607.30756,-13.947127
0.45413765,-16.175758,24.630472,0.055545334,-0.03449444,0.5733667,28.888397,17.882736,0.686199,-11.414342,16.129599,0.19196011,1.3815422,-6.401037,71.0869,32.999092,933.0078,1101.3312,3.168829,2177.6892,630.25775,-10.798412,3149.4402,695.12067,-9.917426
0.32778037,-16.794996,28.140915,0.0354899,-0.030447125,0.22462106,29.953894,16.650578,2.5984595,-2.9249842,16.061485,0.2853134,2.0772233,-10.500258,71.29005,36.354477,941.53735,1134.0186,0.26148066,2139.59,797.0909,-10.3965645,3157.375,739.3239,-10.236255
0.4300543,-14.421298,24.789522,0.023239583,-0.029298728,0.21569514,23.964972,20.29098,3.7652843,-5.47023,19.038666,0.0,2.7729044,-11.49213,71.71195,33.41619,885.37897,1385.5311,-9.146509,2084.8518,962.7014,-18.193192,2998.7488,562.85406,-20.064732
0.6893544,-18.814814,28.173828,0.0033963632,-0.025144959,1.7016431,24.82019,23.88812,10.100471,1.080761,18.925684,0.0,2.7729044,-8.993665,8.529004,29.559244,835.284,1643.6426,-19.115164,2054.3906,1083.8947,-26.95996,3011.676,668.925,-27.665506
0.999312,-20.970884,29.655954,-0.02258531,-0.019855475,2.4875531,22.949587,23.612053,17.627462,6.356462,18.935156,0.0,2.7729044,-4.822575,2.7067153,21.658293,870.0388,1582.3956,-28.687256,2043.8252,1019.163,-35.532665,2988.0647,652.1104,-36.77082
1.1989101,-23.485435,34.996864,-0.042759564,-0.014930726,3.5147285,26.62396,16.154942,20.011026,14.874803,17.49122,0.0,2.7729044,-1.4198939,2.591645,21.51033,705.2039,1493.7174,-24.798096,1756.5414,1088.0768,-35.447296,2786.305,892.8337,-39.807003
1.0885605,-24.113134,37.105816,-0.06772012,-0.009353456,2.6988058,23.546331,15.055008,21.103127,16.786406,17.849289,0.0,2.299023,-2.3451726,3.4816291,19.163689,920.5664,1229.4373,-26.244207,2084.522,996.32196,-34.547,3020.0876,1146.2216,-38.16031
1.0114616,-25.284986,37.588505,-0.07436983,-0.014536622,2.5514345,24.582138,19.126272,18.315895,15.007637,18.193863,0.03762951,2.0620823,-3.4250731,9.058315,21.406761,670.23096,1266.73,-81.65872,1790.2856,1037.8271,-88.37286,2755.1316,1038.2391,-91.2106
0.9632051,-24.734442,34.642788,-0.06717422,-0.012562126,2.3761704,21.952332,28.087515,14.647578,12.26587,0.0,0.0,0.0,0.0,0.0,0.0,686.1932,1081.1217,-144.10698,1788.7811,893.8862,-144.47896,2827.596,801.4476,-144.19513
1.0817372,-19.258764,25.787374,-0.06733418,-0.018076317,2.2473211,13.686073,36.37125,14.130786,8.057561,0.0,0.0,0.0,0.0,0.0,0.0,338.1642,1125.3785,-201.0,1482.4508,775.6071,-201.0,2452.4895,325.25717,-201.0
1.160085,-11.565293,15.470744,-0.069620326,-0.01659519,2.1674378,0.9037514,42.152622,16.414255,5.691032,0.0,0.0,0.0,0.0,0.0,0.0,297.22556,1148.2462,-141.39917,1583.0282,719.84424,-144.44188,2403.3867,422.651,-144.36424
1.2036232,-5.7430873,10.2190075,-0.09040304,-0.018673532,1.3823038,-10.01878,44.4014,16.373894,5.273626,12.919022,0.0,0.0,-8.561066,-89.875656,-78.29036,317.0592,1150.3942,-81.54299,1673.5289,660.6763,-88.55735,2320.735,387.54468,-86.57495
1.1989795,-1.1458328,5.463223,-0.08647875,-0.01649188,0.96819097,-17.094763,42.737667,12.690354,2.4054472,13.542247,0.0,0.0,-13.031896,-61.75978,-47.936153,350.2794,1080.5912,-18.385721,1621.1896,571.0417,-32.19032,2288.1936,429.1338,-28.172348
1.096171,-2.2082672,7.0497527,-0.096146755,-0.019100549,0.5503728,-17.326986,41.541264,10.583649,-0.8817714,15.645412,0.0,0.0,-13.716046,-60.80525,-41.98602,391.32053,1043.9535,-8.471099,1673.4022,511.4142,-26.942017,2267.259,537.03894,-24.176582
0.988684,-1.9029627,6.7074494,-0.07997745,-0.020917604,0.54763323,-16.335905,41.82809,12.208118,-3.060316,17.64292,0.0,0.0,-15.900355,66.28893,28.15626,383.09094,1080.725,2.6729772,1700.4193,566.5684,-19.139269,2296.7097,890.50195,-20.30821
0.94904184,1.5509657,3.1147497,-0.057867795,-0.019994043,0.49620453,-15.595761,40.564228,8.510121,-8.2556505,18.170439,0.0,0.0,-12.750073,70.98115,37.612247,413.3928,1020.88055,8.246055,1754.9962,629.95575,-15.012855,2268.3894,1086.3213,-19.55274
1.2776636,-0.6248353,4.8849506,-0.010672397,-0.021276096,1.2923442,-7.0449357,39.12227,0.6370551,-11.025153,17.298935,0.0,0.0,-12.767646,74.16488,39.674343,410.31473,1075.0839,1.0706152,1575.8666,790.1572,-20.413414,2427.3875,906.0273,-25.808014
1.5025648,-9.768302,15.043708,0.0025127062,-0.02657389,2.607526,7.573851,37.56096,-4.240277,-9.860269,16.392927,0.0,0.0,-9.1502905,11.667102,40.465694,387.3893,1214.0259,-10.771632,1393.7474,946.40594,-30.29242,2469.0234,847.8044,-35.151928
1.5830717,-19.477455,25.656504,-0.00879329,-0.028669422,3.5908363,16.831572,40.94754,2.6896765,-3.243426,16.60309,0.0,0.0,-4.930223,10.273286,35.92309,330.36404,1348.8849,-20.091887,1234.5267,1063.1045,-40.42157,2589.8213,718.66425,-42.0964
1.3035966,-21.470564,28.23849,-0.065636866,-0.023090884,3.7268126,13.935351,43.984585,13.231308,5.9830375,16.94576,0.0,0.0,-0.95158225,8.176211,32.422924,300.5864,1340.6249,-22.605433,1342.2113,985.89545,-46.944202,2509.0452,588.08405,-44.202366
1.1019806,-20.913588,26.69094,-0.101065435,-0.016169254,2.935191,7.724734,48.1983,22.34123,9.940055,17.19827,0.0,0.100950785,-1.3870424,9.265525,31.722513,300.80966,1214.2063,-23.122536,1511.6251,1035.8031,-49.59258,2510.262,344.98645,-43.911983
1.0798389,-19.679047,25.299765,-0.114640154,-0.016056871,2.4816632,3.6885118,48.556168,22.874445,12.958669,16.250757,0.04310714,0.10368129,-5.9294333,10.158548,34.883495,274.97256,1228.7838,-17.697676,1587.9447,898.3677,-45.538837,2461.4246,213.36108,-41.27367
1.1143578,-20.596285,26.76538,-0.09285027,-0.018260457,2.0449903,4.1049867,51.375538,24.5867,12.058693,15.067769,0.04310714,0.10914227,-14.999751,8.545865,33.905533,290.68213,1168.0457,-13.290023,1619.5356,942.1525,-39.93512,2424.2715,305.43207,-36.696987
1.0804371,-18.3047,23.659668,-0.08806119,-0.021738498,2.393316,2.0767548,50.47525,22.152796,12.951599,16.312567,0.04310714,0.10914227,-16.413286,9.398804,29.072832,278.08948,1155.7285,-12.05642,1590.0914,702.6722,-36.30938,2443.511,241.18695,-30.926699
0.99370724,-18.04621,23.980202,-0.07490683,-0.022712843,2.2793453,3.4906292,48.352386,25.312294,11.524899,22.569069,0.36207142,1.6387421,-11.372462,17.241488,26.009272,317.12717,1032.7568,-8.748978,1660.4811,516.1424,-32.153427,2588.019,422.74817,-26.904448
0.9013998,-17.483742,22.637466,-0.06860944,-0.023851281,1.981898,5.3492303,43.28566,27.602636,11.934883,28.822607,0.3961104,3.0743208,-0.993306,25.818396,26.234232,331.43042,954.83673,-5.342257,1662.8688,267.11438,-32.988464,2617.7544,556.913,-25.132011
0.88929033,-18.150963,23.326004,-0.043430805,-0.022560911,1.3036529,8.577273,37.876705,30.684744,13.135262,32.68332,0.38866666,3.470287,4.0792365,27.002449,26.376543,361.3015,843.6158,1.9633564,1694.7968,141.21504,-34.030487,2593.2048,825.8581,-24.413187
0.861883,-18.697159,22.294252,-0.03671353,-0.021056285,0.96459645,12.343511,33.107494,32.205883,15.042568,32.444637,0.06576803,2.0622709,6.362742,24.067331,25.131258,368.50354,827.5656,0.891552,1659.4022,149.2967,-38.418167,2484.3103,859.0528,-24.239706
0.8182454,-17.834375,21.298708,-0.02773743,-0.026981592,0.7307789,12.8784075,31.797882,31.193367,13.663091,32.242947,0.022500603,0.82882786,7.9545403,22.537231,23.634657,366.9933,837.74677,0.41061878,1661.1827,104.3548,-38.623524,2489.749,885.6072,-23.224037
0.78241754,-17.111805,20.4961,-0.015266784,-0.032223314,0.44563293,13.457791,31.294,33.923496,9.165938,32.04828,0.02079697,0.6420154,8.973475,23.327608,20.080927,365.16373,865.9058,0.8305128,1686.3431,70.7865,-38.028027,2550.1511,918.69806,-19.250414
0.77770567,-16.509638,20.337702,0.009724504,-0.037341446,0.31052968,12.323616,32.354736,36.157757,4.840286,31.88046,0.014378422,0.66646296,9.191521,24.771067,16.110527,362.3394,867.78937,2.0339553,1702.9347,88.50953,-36.02199,2610.624,917.0595,-14.076571
0.8297488,-14.775468,18.056862,0.0256175,-0.03047654,0.26174307,11.629417,28.72703,39.98824,4.9194036,31.726652,0.010167896,0.66032356,8.656728,26.026793,12.763526,359.9811,882.8282,4.037138,1703.4868,128.96077,-34.034473,2669.1838,947.84393,-8.726388
0.9341888,-12.146054,14.228011,0.034136835,-0.026601946,0.28430986,10.155315,27.12516,42.88576,5.269609,31.592972,0.006529907,0.5054528,7.9525943,26.742508,13.198035,354.55417,844.59937,6.4951034,1668.4581,170.82948,-31.671766,2653.7217,911.7044,-6.702932
1.0796043,-9.782955,11.168579,0.044960678,-0.02189228,0.33807087,9.165081,23.549288,44.0298,6.412953,31.431425,0.0050932355,0.7538333,7.076507,27.67053,13.954005,346.43372,841.5127,8.861196,1627.5747,195.4143,-30.76724,2616.1243,905.17365,-5.0928087
1.2620112,-8.132901,10.450768,0.06046008,-0.020835662,0.4877974,7.1370087,21.998438,43.6765,4.0410323,31.219854,0.0046059205,0.6848485,6.4677577,28.293533,14.401603,334.04684,845.3594,10.193519,1576.9473,198.81273,-30.671333,2548.9436,854.179,-4.208085
1.4120097,-7.3332496,10.816158,0.078980416,-0.01746807,0.53756166,5.4657707,20.077734,44.28473,2.4874885,30.994026,0.00606233,0.830956,5.7650313,28.345856,13.948464,318.03897,889.6536,10.189572,1545.5709,176.48222,-30.7494,2516.3955,839.4858,-3.7588928
1.4538164,-6.7821746,10.899213,0.079093896,-0.017360253,0.6543439,3.8496532,20.692968,46.468098,-0.08957473,30.687584,0.005533554,0.6122921,4.910688,27.093447,12.714374,299.4369,923.4078,8.8302555,1511.0177,177.25769,-30.223364,2477.3782,799.6464,-3.8841193
1.3482565,-6.4211845,9.896068,0.07004673,-0.01469761,0.6579659,4.0792403,19.999918,49.756268,1.5492382,30.303795,0.007856106,0.6435991,4.186278,24.494804,13.048904,292.5004,937.271,6.0779057,1505.2662,193.77104,-29.503767,2474.594,793.6785,-6.9709983
1.12519,-5.990045,8.5848255,0.06795832,-0.016539454,0.73798823,5.9147854,18.675932,48.875793,4.8173866,29.815512,0.008437287,0.73100734,4.0963154,23.483335,12.62307,292.27438,972.95654,2.2161412,1519.0396,150.98387,-29.66038,2470.0615,863.461,-10.406929
0.8460745,-7.956471,10.222337,0.05101104,-0.01875353,0.72547597,10.140812,16.456585,44.044827,8.22875,29.442682,0.012508082,1.4811691,3.8892128,22.401276,13.674092,312.6992,1007.1604,-2.3032892,1551.7788,173.53105,-30.2033,2443.661,962.1369,-15.977382
0.6003318,-10.5106,13.696828,0.039791264,-0.02789998,0.5597512,12.887208,18.215767,36.156742,7.4052405,29.185247,0.026065012,2.410486,2.8373063,21.890963,13.889127,335.6559,1088.5167,-4.569523,1635.9531,255.07765,-29.025223,2422.1628,1206.8729,-20.332811
0.4309772,-13.6987915,19.126001,0.004669638,-0.03267297,0.3644077,14.245132,20.237663,28.665167,5.0830383,25.745459,0.19485931,3.325145,-0.59014565,17.664335,14.3476515,374.66565,1143.801,0.0,1739.3727,538.2175,-23.224123,2319.952,1384.0736,-17.927595
0.34685746,-13.331265,19.104624,0.009970562,-0.035529092,0.2022328,12.953785,22.444305,17.905085,0.20587158,22.369997,0.36115345,3.601693,-2.9713001,13.256817,16.291822,486.58093,1209.6588,5.660668,1909.3618,509.89246,-14.980496,2674.5857,1028.7697,-14.79602
0.30122295,-12.05764,16.739698,0.03459647,-0.036254358,0.14504105,11.938733,23.029634,6.7811165,-7.0215926,19.02375,0.5172469,3.716515,-4.767804,10.251997,16.675224,626.4336,1191.4803,-63.226223,2028.1163,423.14893,-73.40816,3035.5732,604.4795,-73.22368
0.26931015,-9.587628,12.456169,0.057556763,-0.034114387,0.10185649,10.108214,21.267817,-0.49474087,-13.578766,0.0,0.0,0.0,0.0,0.0,0.0,648.06744,1188.1345,-131.406,1889.4308,994.1751,-135.67639,3000.3643,237.39464,-137.73248
0.27088407,-8.208682,10.891998,0.07151765,-0.030589292,0.05990721,9.644645,17.58512,1.8285208,-16.353281,0.0,0.0,0.0,0.0,0.0,0.0,564.03723,1141.8123,-201.0,1692.4293,1369.6971,-201.0,2582.6191,377.9979,-201.0
0.3112993,-3.8949606,7.279934,0.062699996,-0.024887547,0.06887575,5.1938243,10.922606,8.414554,-17.633463,0.0,0.0,0.0,0.0,0.0,0.0,414.30667,1104.3519,-201.0,1513.517,1387.5537,-201.0,2199.9138,594.94794,-201.0
0.5589307,2.3159554,0.90921307,0.07302098,-0.019983176,0.19458532,-2.4850984,3.816246,13.166545,-19.236471,0.0,0.0,0.0,0.0,0.0,0.0,665.0774,730.8598,-201.0,1858.854,888.6877,-201.0,2594.222,828.63824,-201.0
0.8605066,8.538185,-6.3536077,0.06695047,-0.012656334,0.3114824,-12.257243,3.6146927,14.545204,-15.119999,0.0,0.0,0.0,0.0,0.0,0.0,910.82153,422.81018,-201.0,2054.877,856.36835,-201.0,2930.5217,940.3947,-201.0
1.4366096,3.9169676,-1.9577001,0.05722925,-0.011987566,1.2295002,-6.864496,7.1467614,11.374339,-9.072373,0.0,0.0,0.0,0.0,0.0,0.0,901.70685,523.8087,-201.0,1958.8726,1073.3989,-201.0,2935.2917,767.02295,-201.0
1.7056699,-7.202421,12.581497,0.02544444,-0.020656688,2.6202056,7.7125473,15.485173,10.751332,-1.1342655,0.0,0.0,0.0,0.0,0.0,0.0,584.40283,1073.2711,-140.56885,1515.3047,1153.4642,-144.32887,2619.8809,643.1534,-143.62743
1.9175075,-17.196604,26.331963,-0.0077092363,-0.024828183,3.6113398,20.773539,15.858402,9.807771,3.1980655,16.530106,0.0,0.0,-0.81826264,4.9453516,20.780546,308.96326,1507.4023,-80.35695,1229.5446,1119.0234,-87.81321,2290.4822,605.983,-86.89982
1.7288138,-19.877337,30.281363,-0.042032618,-0.030631458,3.7822878,24.148499,15.083233,13.391879,5.9513755,16.273415,0.0,0.0,-1.195054,4.9543195,19.151087,391.70654,1542.4518,-19.997206,1120.3502,2082.8394,-29.810675,2174.7622,697.82904,-28.032068
1.5649643,-20.274183,28.970535,-0.0672365,-0.02882517,3.061465,23.28385,13.088634,16.414843,10.386111,16.223465,0.0,0.0,-0.8097964,3.806336,17.662605,579.4869,1442.4541,-80.42835,1377.6869,1923.1132,-86.48179,2353.5486,807.67334,-85.40464
1.4324684,-21.245203,28.467737,-0.08737987,-0.038528856,2.5457528,25.048819,12.310211,18.864172,9.81063,0.0,0.0,0.0,0.0,0.0,0.0,611.00745,1293.7031,-140.64026,1499.0272,1841.5963,-142.99747,2379.2625,958.2045,-142.13225
1.4171624,-20.654482,27.820745,-0.08826154,-0.036125306,2.6283772,24.745691,10.488128,24.529892,15.380294,0.0,0.0,0.0,0.0,0.0,0.0,527.2514,1235.4708,-201.0,1655.6469,765.0174,-201.0,2489.6921,989.71704,-201.0
1.5573362,-17.192953,23.907768,-0.0930345,-0.032572694,2.6252673,22.195482,7.3767867,25.7349,15.144984,0.0,0.0,0.0,0.0,0.0,0.0,371.71146,1074.1437,-139.35399,1487.0756,619.4053,-139.83,2316.0806,818.46387,-140.0688
1.6425153,-12.347018,17.923681,-0.08836416,-0.025175447,3.0216048,19.10466,2.3145998,24.323969,14.942159,13.415705,0.0,0.0,-5.689827,-0.29575682,8.464909,375.35806,960.06415,-78.36256,1429.3671,466.32944,-77.6296,2313.0164,634.9976,-80.38699
1.6673063,-10.559337,15.372852,-0.09969727,-0.022744888,2.31705,17.4368,-0.6104704,16.608845,11.405759,13.286319,0.0,0.0,-4.7104964,-1.5129732,6.9055047,421.0061,807.69995,-16.430056,1414.3661,487.567,-14.074262,2289.3557,550.72217,-19.522585
1.5763025,-9.596146,15.234025,-0.09974873,-0.018362446,1.8540624,16.903275,-2.8108895,11.110061,8.52617,19.404099,0.0,0.3336287,-3.7319186,-0.94520116,6.588509,441.5555,774.16376,-12.493787,1389.5709,557.59204,-8.395326,2290.0967,506.00586,-16.313492
1.4759125,-9.84964,17.145988,-0.098623686,-0.012483125,1.1390284,17.972076,-2.197199,7.011866,9.750651,25.521738,0.5145307,1.0104641,-2.8994029,-0.27690896,6.670475,437.65234,841.87933,-8.306493,1348.3228,626.0413,-5.2391863,2284.753,484.11057,-13.743936
1.4091473,-6.6378036,14.866539,-0.06752855,-0.007686475,1.0421206,17.936754,-3.7298877,-0.07623514,7.7542167,31.673887,0.35270762,1.6518444,-1.8558564,0.46793103,9.337022,433.05588,863.3955,-4.858493,1322.7786,653.94794,-5.951525,2286.4827,468.71362,-14.792877
1.3202797,-5.1140227,13.2059355,-0.03246177,-0.009120536,0.95790356,17.593636,-3.512872,-5.228723,2.1684911,31.332102,0.025509568,1.9739304,-0.6370606,-1.1600085,9.753137,427.78964,880.0281,0.0,1317.5765,694.884,-11.3571825,2288.4521,491.8236,-19.108154
1.1805996,-6.960985,15.267461,-0.0017725915,-0.018086603,0.8803542,17.445425,0.5362188,-9.028441,-3.9305909,31.171917,0.02373363,1.7788281,-0.49718314,-1.9263291,10.052334,427.8964,879.39746,-106.033424,1338.6074,756.65936,-76.713715,2304.595,532.28656,-81.35952
1.0009621,-8.597268,17.320242,0.007273113,-0.022242742,0.6855984,14.340173,8.470648,-4.9755244,-8.584664,0.0,0.0,0.0,0.0,0.0,0.0,421.15234,1037.2367,-137.68895,1331.5543,918.50586,-139.55672,2335.0837,555.09454,-141.17499
0.93476486,-4.7946963,11.786964,0.026145449,-0.02002273,0.5746868,4.920421,17.882887,-1.6167628,-6.601003,0.0,0.0,0.0,0.0,0.0,0.0,395.4629,1254.7748,-201.0,1351.6654,964.1094,-201.0,2319.4573,431.6418,-201.0
1.0404948,5.623094,-1.3277925,0.030676521,-0.015209814,0.56600636,-10.42802,25.675537,1.60007,-7.1992507,0.0,0.0,0.0,0.0,0.0,0.0,409.28598,1205.9572,-201.0,1334.523,893.1839,-201.0,2352.0913,381.46475,-201.0
1.2024409,13.454282,-11.922966,0.029914966,-0.012754108,0.549135,-21.791574,29.305725,2.819947,-9.241271,0.0,0.0,0.0,0.0,0.0,0.0,375.85703,1218.0023,-201.0,1335.5927,685.6411,-201.0,2327.7375,414.66934,-201.0
1.3334364,13.217179,-11.4022455,0.030359799,-0.011256322,0.61659044,-23.746729,30.615324,2.4272518,-9.448781,0.0,0.0,0.0,0.0,0.0,0.0,701.9942,831.5864,-201.0,1554.9818,421.54575,-201.0,2614.9436,722.41144,-201.0
1.3234453,9.594074,-7.653368,0.030245239,-0.0104339635,0.55676264,-21.28518,32.076523,-0.6528079,-7.521581,0.0,0.0,0.0,0.0,0.0,0.0,667.1944,913.7365,-201.0,1632.3702,224.56343,-201.0,2571.4277,578.4466,-201.0
1.27639,7.408341,-4.6838484,0.04383853,-0.008460156,0.5700078,-18.666191,36.176006,0.6424311,-3.8479445,0.0,0.0,0.0,0.0,0.0,0.0,1113.9379,620.3865,-201.0,1817.4506,206.6364,-201.0,2950.4246,645.5059,-201.0
1.1780349,8.997489,-6.8754535,0.021985427,-0.011752519,0.579166,-18.213022,38.141712,3.2950783,-3.4024303,0.0,0.0,0.0,0.0,0.0,0.0,1188.5035,588.67755,-141.47057,1805.4229,190.34009,-142.21898,3071.2776,540.428,-140.26927
1.0646906,7.7465935,-5.7618127,0.021689275,-0.013834667,0.6138496,-15.053787,38.372875,6.866078,-4.6351542,32.444443,0.0,0.0,2.7132754,10.0336075,19.63581,1165.2097,616.85596,-74.96538,1808.9727,259.05374,-82.44148,3064.2522,732.1968,-81.60805
0.9207983,2.0019386,0.64103794,0.019282574,-0.017847164,0.55639106,-7.935718,33.59715,6.965998,-2.778712,32.366516,0.0,0.0,4.102197,10.5465975,20.805494,1003.78876,813.35986,-16.13179,1893.1022,249.9884,-24.221603,3019.0312,461.91287,-22.521524
0.8670564,-6.839154,9.946597,0.049088117,-0.018619122,0.6810438,3.6600819,29.678282,6.8236737,-1.6510701,32.203754,0.0,0.0,6.0055757,11.890358,24.760977,602.7072,1074.2777,-9.208579,1656.4945,475.615,-23.68044,2636.3635,328.49808,-26.001669
0.9417642,-13.174066,17.469242,0.06321397,-0.014883351,0.6673079,13.260875,24.515478,7.6310616,1.7182312,31.856558,0.0,0.0,6.0490394,14.104591,25.375246,619.62714,1062.4027,-10.139805,1559.9655,628.6008,-27.106674,2646.608,248.32939,-27.547163
1.0311538,-15.632411,20.90576,0.08177058,-0.009267469,0.68139535,18.974234,22.774035,6.976364,2.4732475,31.543869,0.0,0.7772645,5.2440524,18.328978,24.33898,343.47375,1059.8739,-4.7082705,1288.6892,674.72003,-25.709793,2345.3335,382.01877,-29.047249
0.96349263,-14.863408,21.636156,0.06486157,-0.004167116,0.6692514,17.737349,21.725883,9.418975,3.7884512,31.388098,0.015033795,0.59095883,2.9483814,17.477743,21.564054,649.83026,958.05133,-8.069875,1713.6221,622.0747,-24.89168,2677.1738,366.7273,-27.944204
0.7536985,-17.8038,27.340406,0.05123071,-0.0051810094,0.70942616,19.448063,22.46007,15.181188,6.499756,31.694956,0.018713823,0.8365798,-0.34670472,14.306427,17.180363,626.65717,1057.3577,-9.965743,1732.0776,683.82495,-16.68756,2710.832,452.69907,-23.36206
0.7653188,-17.776838,27.744148,0.03081209,-0.0045100134,0.73801,14.298446,26.4754,18.513405,12.944344,31.95342,0.018811164,1.251981,-3.670992,8.388072,14.508655,955.7039,928.92456,0.0,2125.9495,664.0914,-14.921544,3049.1106,480.31006,-18.632425
1.5332297,-12.342793,24.063568,0.019320788,-5.4518383e-05,1.2594174,11.868678,18.872875,9.430993,12.619973,32.139637,0.020450382,1.9899292,-4.9355164,7.108376,12.958622,841.0923,1014.8423,-7.023418,1956.5006,744.8693,-13.160426,3023.0085,474.7396,-15.273259
2.40434,-4.483344,14.312184,0.02342929,0.0075521856,1.5946674,7.0233397,10.525419,0.63138574,10.486569,32.131413,0.017409585,2.2069533,-4.5262747,6.8862653,15.109834,1054.1093,823.01984,-5.7074265,2160.0156,682.32635,-14.543732,3248.1667,381.0194,-16.494894
2.8127716,-0.085110225,10.533103,0.029944323,0.009781468,1.994548,7.811312,1.0359322,-6.5207596,3.1999283,32.22122,0.016951485,2.432192,-3.5115955,6.6409726,17.511148,931.21857,881.7105,-4.76364,2048.4841,723.49384,-12.184901,3179.009,342.84933,-18.195002
2.7212648,-1.3418661,10.178768,0.035819285,0.0039083045,1.7179613,8.526711,0.84575206,-3.3500092,3.762502,32.28928,0.020862624,1.8832469,-2.0694435,5.5352726,16.739113,841.0163,991.57794,-1.9972388,1690.1635,1592.1207,-7.862747,2717.834,571.9919,-16.565027
2.5980542,-0.76226956,10.943203,0.04353823,0.005346108,1.715979,10.2389555,-1.5145277,-5.1262417,4.633861,32.164566,0.052530617,1.4963647,-0.062507235,3.4542801,19.543062,820.6692,1094.1757,-5.4333553,1688.4056,1613.2125,-10.123392,2757.6023,609.72296,-18.575842
2.4801404,-2.6381323,12.049106,0.05105719,-0.0015520711,1.7859038,13.906556,-2.2833393,-5.7837195,3.1787546,31.89853,0.0841986,1.1094824,2.6446292,1.2063575,20.637478,808.9941,1122.9288,-10.544303,1633.2383,1649.225,-15.05798,2676.346,671.5366,-19.117393
2.1634758,-5.7725067,14.251888,0.050161604,-0.005159219,1.7286965,16.822779,1.1346494,-3.831706,2.6719275,31.56814,0.07908006,0.9707473,5.0957913,-0.6689723,24.951654,707.8638,1102.3419,-8.87959,1757.9486,846.89307,-16.60153,2821.4446,599.62787,-22.985132
1.7778043,-10.088066,17.671444,0.036374513,-0.017904734,1.3722807,18.762974,7.167956,0.4065291,0.002762397,31.283117,0.055927116,0.97268194,7.016094,-1.9062337,24.75223,532.1234,1207.4257,-3.3721554,1533.7611,964.7159,-12.875066,2515.6655,698.8386,-22.234655
1.6387433,-10.413567,20.69819,0.022344649,-0.019254686,0.97739744,19.75371,10.936269,-1.0305624,-2.5065174,31.080338,0.022626972,0.6316917,8.069044,-2.7415173,25.88679,310.31012,1371.4662,2.910688,1257.9583,996.6662,-6.9932456,2346.3936,668.7451,-23.109156
1.5288216,-10.927434,22.37229,0.040604327,-0.0236719,0.62345964,20.857788,14.172978,-5.8215237,-8.13688,30.92827,0.021229185,0.74295384,8.589889,-3.363517,26.085846,283.64713,1430.7529,0.0,1179.4816,990.6289,-6.910515,2365.1416,581.938,-23.24958
1.4511114,-12.985832,23.260742,0.06066935,-0.027562952,0.6066732,22.552359,17.713196,-9.311444,-14.186737,30.810486,0.0086381575,0.6520193,8.501076,-3.393771,26.569977,263.05426,1471.5219,0.0,1116.233,959.19824,-7.858456,2397.0144,478.76334,-23.548218
1.3769441,-17.64446,24.278147,0.066270195,-0.037785657,0.46304062,24.01459,22.146433,-8.432297,-17.727402,30.730082,0.0064805932,0.6490291,8.27752,-2.18268,28.649612,272.6965,1489.6859,0.0,1087.5074,992.35565,-11.329633,2365.8105,447.45932,-24.822214
1.2591397,-21.51139,27.596512,0.06087636,-0.047189802,0.45096493,26.460981,27.058334,-7.1093926,-20.665,30.663157,0.0064042197,0.7084978,8.125225,0.66068333,34.042862,282.91687,1526.8198,5.751846,1056.2367,1027.0013,-17.430773,2369.582,413.6798,-28.976637
1.1304036,-23.92983,30.57544,0.058893878,-0.0528058,0.45965323,28.041832,31.483118,-6.5989766,-20.259066,30.544388,0.0071430206,0.5909337,7.73595,4.91127,40.45686,303.1879,1515.4039,6.41276,1044.9583,1038.182,-23.380457,2360.2078,385.62378,-34.0441
0.9504395,-26.588606,33.78014,0.05206029,-0.053848546,0.66722894,30.065363,35.237473,-2.2028189,-15.746266,30.30587,0.005770398,0.6458552,7.112738,9.4328165,43.82846,483.59628,1397.0771,-0.93664485,1477.1891,878.75714,-29.122839,2724.5813,385.61557,-36.403522
0.82857585,-28.139956,34.60118,0.058986813,-0.053439904,0.64922696,31.611761,37.067516,1.042765,-14.682172,29.975271,0.0048622238,0.69905037,6.5186934,12.554805,44.03769,670.0091,1233.8219,-10.867241,1953.6627,760.0999,-33.54006,3068.3171,446.79712,-37.056526
0.7155821,-29.44177,36.740925,0.041415326,-0.048449248,0.6867966,32.859253,35.880245,4.510697,-11.6517515,29.673334,0.006649529,0.77824163,6.2432475,13.637221,42.49635,632.3289,1316.0128,-20.168156,1935.1221,777.4417,-35.457108,3043.5745,475.73254,-38.24414
0.61022806,-28.422266,37.729168,0.02886437,-0.038050998,0.5853382,31.895609,34.30009,4.0423803,-7.830669,29.474289,0.014204759,1.1036582,5.8048286,12.883197,40.40314,475.06958,1392.2606,0.0,1559.4896,992.1797,-33.743618,2685.496,580.03516,-40.751736
0.49114802,-26.649817,37.137314,-0.0036917638,-0.027098812,0.59469926,28.894602,34.024944,3.5829678,0.40911198,29.304888,0.019716432,2.1093466,4.4273767,13.645509,35.273746,307.0933,1548.3676,-6.7223425,1141.7952,1221.1823,-29.006302,2274.0398,759.8195,-39.90607
0.39872774,-25.157059,36.642315,-0.020222684,-0.017020596,0.46007073,25.25431,35.372623,5.475355,9.679893,29.331259,0.024415746,2.6171694,2.602917,10.834838,29.858274,319.01236,1504.9218,-6.7223425,1221.1571,1251.8602,-27.055893,2297.283,840.4163,-36.813457
0.39847884,-21.945307,33.50612,-0.03870805,-0.010118303,0.32401097,23.96408,31.869043,4.674648,14.54691,29.76065,0.027025094,2.5213478,2.065016,7.919765,27.44342,542.4355,1374.5043,0.0,1507.7728,1172.8496,-26.818205,2602.304,758.2542,-33.30137
0.4125277,-20.20603,32.330185,-0.04003503,-0.010684521,0.29320335,23.327805,27.948446,3.1180058,14.019435,30.374617,0.020949548,1.2811855,2.7983158,2.8203297,29.664839,769.4995,1253.6671,-18.04798,1873.8114,941.73553,-28.551203,2988.4387,598.6738,-32.389435
0.4635264,-18.859354,29.684668,-0.034667086,-0.0171825,0.3248715,23.394844,25.130478,2.9943287,7.434464,30.87264,0.07355457,0.60373515,4.2307,0.39833117,30.62208,796.44037,1252.8041,-10.833725,1837.641,986.6622,-21.49362,2992.75,530.9142,-29.674791
0.5968827,-20.657286,28.937704,-0.004529147,-0.03042609,0.5449565,24.553087,25.694344,4.177803,-1.9644183,30.994507,0.1243068,0.36619878,5.0305047,-2.2527971,32.150707,762.93146,1294.2928,-4.6328526,1890.2926,825.3332,-18.39381,2973.3708,546.2075,-29.077475
0.8119018,-19.951294,27.933205,0.015994465,-0.034385487,0.7528761,27.341528,25.54149,1.3676115,-6.066973,30.993471,0.14287408,1.1655761,5.5366764,-4.682396,25.91098,535.19934,1323.2626,0.3378447,1496.3027,883.1072,-11.35464,2641.8706,467.24692,-22.553976
1.0870923,-16.695908,28.717598,0.035441827,-0.036333352,0.9970258,28.925558,24.029257,-8.939129,-10.745904,30.925669,0.0849882,1.7645006,5.273853,-5.2745857,20.767553,531.5626,1222.6556,-0.4891467,1503.7968,729.3474,-13.072982,2639.277,466.05264,-18.23754
1.2599511,-13.00162,25.47967,0.0427244,-0.03108514,0.9613604,28.073473,20.304914,-14.705322,-12.004067,30.830278,0.030713052,1.9288977,4.0966105,-3.0076587,15.825485,343.03976,1219.8429,1.4307514,1150.4836,840.1861,-11.764703,2329.8809,404.76724,-14.394732
1.3105798,-11.54435,21.40355,0.05676462,-0.027466439,0.9097423,25.628275,17.490446,-11.552545,-11.882272,30.835863,0.0138818845,1.3304344,3.5414436,2.5787241,18.734064,343.07852,1171.2504,0.9528081,1180.9082,812.86304,-15.529053,2319.2805,383.13596,-17.781256
1.1187543,-13.067866,17.207083,0.05250897,-0.020758856,0.94826365,23.89292,17.512594,-2.894868,-4.689223,30.941153,0.013652347,0.8559408,4.2837334,9.84124,24.507421,335.68423,1172.8652,1.354827,1200.1251,809.7739,-17.768204,2305.9036,340.30374,-23.152594
0.8918403,-15.722669,19.646856,0.028766306,-0.01655209,0.84829664,22.959162,23.268957,5.7500896,0.6216975,31.133707,0.009812086,0.8159749,5.619559,15.453949,31.965693,327.29288,1212.8749,2.2275329,1190.9335,833.3872,-18.146646,2325.6106,313.34885,-29.738161
0.6927764,-17.782127,21.685682,0.004981509,-0.013271728,0.6905103,21.705034,28.647081,11.131785,0.7681443,31.328293,0.009963383,0.75698954,5.7245903,18.192947,37.00307,317.801,1248.0083,3.3105412,1173.7616,844.68146,-16.518642,2376.376,273.33267,-33.69253
0.65532225,-18.656492,22.154434,-0.01437518,-0.010139753,0.38557923,20.68051,34.370487,12.857404,-2.811044,31.513388,0.009285266,0.80076665,4.920589,18.435865,39.77601,332.00842,1198.4712,4.3931246,1177.7478,814.0728,-14.964292,2548.3733,269.38663,-35.382885
0.71440405,-17.408958,21.414465,-0.013434376,-0.013928533,0.3440604,17.039728,37.61209,8.986156,-4.960943,31.713554,0.0069700107,0.97553986,4.5844812,18.302588,38.990074,309.2944,1252.6857,5.013449,1178.29,816.73944,-14.223897,2671.6482,251.00732,-33.664783
0.89363295,-14.927922,20.172516,-0.017407538,-0.010555799,0.42779168,12.209832,36.662426,2.0060048,-2.4122007,31.88385,0.0068453164,1.2576288,4.92796,17.453733,34.289654,579.4251,1134.1826,0.0,1633.6605,805.3864,-19.465425,2907.01,260.81912,-28.401026
1.143415,-14.220117,21.088278,-0.0060431906,-0.0110339,0.8414147,10.72354,35.03832,-3.7822254,-0.85544485,32.03755,0.017262494,1.1437308,4.531156,15.300202,30.614738,539.97925,1255.6433,-13.516555,1635.7529,863.99274,-16.903368,2825.0554,554.09503,-24.636795
1.301424,-14.39992,20.742502,0.008277019,-0.010959235,0.88102627,11.853648,32.798748,-4.6590204,-2.6493492,32.1132,0.02969428,1.1674536,3.0562375,12.036693,24.422693,541.64325,1260.0865,0.0,1639.7262,885.8719,-12.088243,2750.4788,647.11676,-19.025541
1.3684678,-15.680065,21.726547,0.016170377,-0.014242839,0.9170421,16.426985,32.5994,-2.1730995,-6.892427,32.097263,0.038962565,0.88307285,1.910717,8.893733,20.63114,260.27353,1407.4528,0.0,1188.9069,893.779,-1.3261453,2562.9377,726.5884,-16.695772
1.4892308,-12.113075,19.430456,0.0203074,-0.020293914,1.0303448,19.261232,24.967188,-3.7181637,-12.910296,32.01352,0.03284575,0.84644645,2.4087489,6.7108765,14.717076,310.7496,1246.986,0.0,1182.187,823.96735,1.10677,2491.8,420.31265,-12.67077
1.6819235,-6.8943763,17.125317,0.01372097,-0.016067859,1.3084567,21.314756,14.234375,-7.84471,-13.437481,31.910501,0.020257642,0.7956149,3.4840038,5.1700983,11.218456,358.48804,1098.3843,-0.35051703,1195.1857,767.4654,1.3215915,2440.1592,364.118,-10.864154
1.8147249,-3.1235561,14.405731,0.012233622,-0.01148926,1.4540075,20.424467,4.5307374,-12.629005,-12.7113695,31.810064,0.009273913,0.9180355,3.607169,3.6804008,9.432623,398.4764,997.4262,-1.1945263,1207.0577,764.5257,1.8598604,2344.9956,321.8537,-10.627149
1.8371426,-2.572569,12.811177,0.002865384,-0.00482115,1.0112938,18.009516,0.12336906,-12.81471,-9.819126,31.693491,0.0039799567,0.811605,3.024006,2.3980892,7.6118264,413.0171,989.3245,-3.0223587,1223.448,814.563,3.014803,2315.1934,384.99722,-10.634186
1.845231,-3.032274,11.7635,-0.017727813,-0.00076303823,0.87819153,15.658566,-1.519969,-11.088685,-7.6727066,31.550074,0.004929624,0.5792117,2.5697248,1.9503008,5.711084,430.29138,980.0469,-5.5526776,1240.7316,858.79926,4.4802427,2306.8796,447.4021,-10.52201
1.9087801,-1.1489512,12.750848,-0.026763134,0.0040742457,0.81747335,14.708039,-4.010006,-9.542689,-6.181624,31.39359,0.004983826,0.3245502,2.4158258,2.5129619,3.9185562,443.89075,935.21924,-7.723677,1255.0109,853.0833,4.940618,2310.624,469.65842,-9.574374
1.929937,0.7446088,13.315369,-0.04210968,0.012653676,0.90573424,13.475076,-6.02413,-6.878594,-2.0565941,31.230543,0.004655058,0.47180867,1.7890314,3.4862115,3.6967628,470.32706,911.71875,-8.301188,1250.7153,879.74225,5.2893844,2307.844,475.1255,-8.51174
1.8892694,2.7218094,13.137871,-0.041277874,0.01550284,0.8508232,11.79408,-8.244622,-7.1502113,-1.0313627,31.062231,0.0049350485,0.52872497,1.1721722,4.57172,5.2023106,483.4664,944.5192,-6.885664,1230.5814,949.3926,6.3284354,2283.2742,489.82773,-7.5162544
1.8472542,1.8373832,12.47588,-0.05382209,0.016248921,0.78669816,11.6582365,-7.405628,-5.8555655,1.9575564,30.885199,0.005205644,0.6471816,0.8105974,5.680307,6.805574,502.13754,979.034,-4.809875,1224.4165,1022.1655,8.325164,2267.0105,542.02356,-5.935142
1.7735342,1.4206148,12.159378,-0.048966993,0.015140753,0.7727445,11.699062,-6.916326,-7.770697,-0.8283074,30.698393,0.0050631072,0.6003504,0.8230281,7.290812,7.490078,511.16934,1012.5864,-3.9018354,1223.6993,1102.1088,10.272197,2265.611,609.56366,-4.1011024
1.7317543,0.888838,12.47811,-0.042981114,0.016696336,0.690018,12.615035,-5.6771526,-6.387436,-1.7001635,30.499468,0.0053431615,0.6470898,0.853596,8.356731,8.544998,526.63306,1105.6818,-4.797219,1183.7997,1165.1913,9.708028,2258.7393,648.41473,-5.287715
1.6752173,1.2801075,12.459094,-0.03601538,0.018571392,0.6345806,12.561753,-4.9370866,-6.3817773,-3.657088,30.289644,0.0054019033,0.8701925,1.0137572,8.576739,9.14609,541.79846,1232.565,-6.2774773,1126.4124,1230.5314,7.172449,2252.4048,673.8747,-7.625032
1.73482,2.0777829,12.368697,-0.036910787,0.020124026,0.6329703,11.356591,-3.766882,-6.5297303,-1.4354216,30.088104,0.0070117936,0.81656855,1.2915858,7.8825173,12.348457,664.4179,1202.8834,-4.748737,1437.3737,1060.9658,-0.8783696,2587.8352,614.23444,-12.618394
1.7204794,0.96433896,12.313751,-0.043726206,0.020350134,0.7310042,12.471287,-2.2892034,-6.6208787,-1.0128872,29.92997,0.0071443343,0.919905,1.5020151,7.3416886,12.632033,650.37476,1140.3452,-3.5142376,1474.5293,1002.64355,-0.5838893,2618.574,590.3118,-11.906071
1.6962042,0.80435395,12.473366,-0.04877575,0.017854134,0.7416978,13.199512,-3.2844155,-9.4758215,0.3347311,29.835382,0.008622323,0.6524693,1.1993911,7.4069824,13.813316,628.3456,990.90656,-1.9719497,1541.3063,910.03955,0.7646635,2635.372,552.6097,-11.003797
1.6086973,-0.49468955,13.787965,-0.053261984,0.01506872,0.70396596,16.167078,-2.3135107,-9.191486,0.56663543,29.79653,0.008151147,0.75458336,0.13235049,8.665522,13.494518,483.51596,1083.9996,-5.576082,1217.2726,1019.8662,4.9110694,2292.716,628.3098,-10.405078
1.549088,-0.45042816,14.524669,-0.045342255,0.010276743,0.63115615,18.385538,-2.6683884,-11.590844,-0.16164286,24.188574,0.007976169,0.5680591,-1.9334564,5.979528,16.67684,452.31116,1077.5493,-9.167257,1229.0869,946.1302,0.80106354,2257.87,638.4395,-13.732137
1.4302658,-2.010681,14.821006,-0.03439608,0.005609067,0.6579573,20.854778,0.08203769,-8.547122,-3.3871202,18.56802,0.0068557435,0.5610554,-2.5844786,2.5120327,20.952835,418.1639,1152.2115,-13.172198,1208.6265,913.823,-5.9221587,2217.1504,643.0019,-19.164139
1.1319138,-7.1519814,19.540041,-0.033565152,0.0035827355,0.7629846,22.528414,5.430715,-2.725073,3.0927474,12.989879,0.0068557435,0.5610554,-2.066053,-1.3927592,25.29941,320.4645,1263.8773,-9.042084,1202.643,847.903,-12.168139,2214.3157,607.09735,-23.28539
0.8450833,-11.406541,23.00361,-0.04087396,0.00037225615,0.84481573,21.247665,11.928017,2.4994202,7.757483,13.058132,0.21346349,1.0810885,-0.16572614,-0.5196921,30.28926,572.79297,1211.4032,-11.570584,1561.1881,819.247,-20.71589,2594.8223,577.1937,-29.001532
0.6153028,-15.642555,27.849947,-0.058633268,0.0008733293,0.76146966,20.181496,17.477083,4.2601333,16.631943,13.162309,0.31676733,1.6011215,0.6575888,1.2784227,35.087414,784.04474,1172.3495,-13.987378,1863.0977,863.02594,-27.911299,2973.3718,602.34186,-33.682205
0.51440495,-16.86827,28.290794,-0.06643822,-0.0045228982,0.5623107,21.200989,17.181831,3.3546531,12.96999,13.174729,0.0,1.9194832,0.7615776,2.7284584,36.569836,1057.1407,1051.0894,-22.666159,2166.2834,986.21405,-32.28954,3281.4153,657.73846,-34.659313
0.41949487,-19.474745,32.367653,-0.08368027,-0.0010251674,0.37449464,25.88195,18.018856,3.236968,14.588462,13.056104,0.019177413,1.2283332,-0.45417702,3.2744038,33.470234,766.9185,1253.4633,-19.409288,1807.2183,1056.601,-29.777292,2960.674,838.18854,-31.135872
0.33851576,-22.314453,35.096848,-0.08993387,-0.0033359407,0.3560597,29.519022,18.770819,9.902507,12.532605,12.672528,0.019177413,0.53718334,-3.2508066,3.142872,26.95049,534.3981,1332.0045,-12.391685,1520.1371,986.5203,-23.67039,2722.7627,753.0906,-24.58097
0.34476325,-21.475721,33.015503,-0.0854295,-0.0030083864,0.42349973,24.514643,24.020447,12.973602,9.948419,13.897761,0.0,0.04770496,-5.2096677,2.0317185,21.687967,601.86597,1224.8236,-8.262845,1656.348,598.4785,-17.748972,2779.9043,704.5955,-17.231106
0.6173806,-16.144718,24.158783,-0.070093356,-0.0045806095,0.5322977,11.673187,29.06759,15.778809,6.9295406,15.192558,0.0,0.04770496,-6.7095437,1.8778127,21.261246,933.554,977.8455,-6.440342,2006.6237,313.65598,-14.216816,3103.5916,557.27606,-11.828957
1.0048041,-10.027578,15.725631,-0.038886804,-0.00676674,0.7125729,1.9320831,30.673208,13.094623,5.1131287,16.604029,0.0,0.04770496,-7.5716457,3.084223,26.356905,917.20386,958.4976,-4.5451884,2097.5269,152.45491,-12.564876,3101.5232,674.85944,-11.955197
1.5531737,-7.962301,12.829875,-0.007980862,-0.011959593,1.1162611,2.0350235,29.794413,7.5111814,1.6783547,16.483137,0.0,1.0976104,-9.41655,6.090694,33.99493,642.4571,1053.826,-5.3846326,1715.8809,429.24243,-17.459393,2874.286,598.44025,-21.965246
1.8521261,-12.788379,19.534555,0.002733818,-0.020818327,2.3361204,11.46622,28.281176,2.783981,1.3583947,16.384096,0.23129956,2.1475155,-8.481041,8.136951,37.90678,291.73972,1446.1533,-7.438913,1358.1112,918.71893,-24.891798,2456.6924,911.18555,-32.874546
1.8418287,-17.545523,25.948729,-0.0142611,-0.021630585,3.0632021,14.951198,33.646667,4.261067,0.9239715,16.442232,0.23129956,3.197421,-5.3755054,9.518379,38.683887,295.46252,1497.2526,-15.101459,1306.6852,1186.2413,-34.363903,2441.948,672.1824,-41.693993
1.6910149,-18.976177,27.6046,-0.06277097,-0.02582269,3.736703,13.455044,39.01299,7.118761,2.9301262,16.609053,0.23129956,3.197421,-1.6902393,8.785243,35.718277,291.8499,1552.4199,-16.395475,1323.6095,1302.666,-39.726704,2508.0718,688.0816,-43.13919
1.432717,-19.814157,27.181534,-0.08887502,-0.023370149,3.0938284,10.524006,43.36702,14.091858,1.8892576,16.643816,0.1878999,2.1392014,-2.118993,7.501177,32.960026,313.08066,1326.4615,-18.481325,1364.1842,1095.9125,-39.899014,2711.2688,259.61707,-40.377155
1.3247775,-20.454187,27.469688,-0.10560322,-0.030095035,2.6112206,13.047096,39.634373,14.799088,-0.5928652,18.303211,0.1809371,1.5979853,-4.2974153,9.102374,26.679785,339.4687,1288.0814,-14.7210455,1357.8102,1113.5116,-36.77132,2678.3813,361.89478,-33.091827
1.1693982,-24.698015,32.468174,-0.08305046,-0.030450324,1.9007839,19.684345,34.494884,18.8795,4.413273,17.272009,0.17397428,1.0567693,-7.011831,6.589943,21.352531,344.3047,1265.7943,-9.15083,1358.7047,1098.0747,-29.365347,2493.3845,456.55972,-23.81018
1.1873294,-23.759695,30.016876,-0.05554712,-0.032434005,2.0390522,22.716827,27.712326,21.706198,8.3412895,16.360537,0.21041112,1.5737729,-8.327357,3.422698,14.492133,366.9047,1142.0071,-2.9746158,1416.4147,950.98,-23.722664,2369.3896,561.1659,-16.67746
1.2927722,-20.214527,25.296507,-0.03664427,-0.033501595,2.224096,22.38684,20.963531,26.34475,13.284816,13.851962,0.21041112,1.5737729,-8.999475,-2.5025432,11.478935,373.15585,1009.0676,-0.789907,1475.806,653.9794,-19.186617,2349.3704,676.81946,-12.486201
1.4121453,-14.243304,16.579752,-0.042695213,-0.030320885,2.049217,19.278017,14.371892,31.073639,13.332833,13.941411,0.21041112,1.5737729,-7.1458335,-1.8425099,11.717094,372.27588,899.5008,-1.4200091,1507.9282,376.60202,-18.199059,2357.8457,645.6506,-13.269891
1.4151329,-11.40495,12.951591,-0.04849836,-0.03367701,1.3786281,18.769135,9.660022,32.772087,11.496197,14.017837,0.21041112,1.5737729,-4.1575503,0.49357572,14.983272,372.71695,890.4617,-3.393402,1514.2158,308.3741,-19.307053,2345.5872,701.69354,-16.393173
1.2593764,-11.865372,13.910937,-0.049773928,-0.03029455,0.9997185,19.73575,8.759109,25.904139,9.546485,14.022484,0.25803712,1.4182711,-0.7969014,1.9169092,18.42679,387.59705,952.7351,-3.743799,1529.4736,483.59628,-21.413536,2332.6086,842.02264,-20.258303
1.0724082,-15.049033,19.808058,-0.04597388,-0.030816026,0.95123285,21.874115,13.027753,18.31679,8.439712,14.007069,0.2818501,1.2627693,0.4167863,2.5083637,20.865698,398.55557,1006.71655,-10.06522,1518.648,675.05035,-22.579123,2338.831,980.41064,-22.4728
0.9138586,-16.080517,22.413363,-0.038282607,-0.02822698,1.0358111,20.497606,15.36159,10.735747,6.101589,14.012952,0.0,1.3771276,0.25341633,3.0156968,24.806028,408.6161,1039.1991,-15.1047125,1505.1035,796.035,-23.237146,2438.789,994.6092,-25.724365
0.8733816,-17.425995,22.68339,-0.045754865,-0.029506234,0.8862415,19.698107,20.089441,11.421748,5.2149796,14.0431185,0.0056260596,1.8073577,-1.1048694,3.7868516,27.126593,399.7095,1020.67365,-21.37085,1469.7417,782.6507,-23.507338,2477.331,795.75977,-27.525124
0.89567155,-17.062551,21.782969,-0.051834565,-0.030056955,0.7251937,16.799341,22.26104,11.640091,2.3996053,14.051823,0.0056260596,2.2375877,-2.8992996,4.283359,27.763382,401.1991,1015.4948,-20.131418,1462.0831,824.21295,-23.540606,2514.152,614.65314,-27.92882
1.1449252,-12.276062,16.285446,-0.055657998,-0.028279213,0.8142719,9.221791,28.942263,10.760262,-2.5748055,14.051064,0.0,2.8588085,-3.7486665,4.869086,25.82277,402.3658,992.0118,-19.326225,1592.1265,848.36914,-23.858297,2392.5337,473.9205,-25.814566
1.4544387,-6.470927,10.772594,-0.05327503,-0.02689874,0.9280944,1.5268923,36.051804,9.952956,-8.423659,14.042794,0.0004726569,3.3196595,-3.701184,5.7998843,24.58848,398.53006,985.06665,-18.783442,1754.1742,958.3942,-23.565613,2267.701,608.7928,-24.085114
1.6704731,-1.5894346,4.9497457,-0.050804157,-0.02624242,1.1072435,-5.008424,38.891052,8.745374,-9.545609,14.039803,0.0,3.7805107,-3.2047253,6.625896,24.025366,398.51382,929.5262,-18.732513,1846.159,737.645,-23.119232,2288.8445,464.71313,-22.813673
1.6753603,-2.6590135,6.092861,-0.067139335,-0.028055802,0.86156565,-4.4991593,39.460033,8.770602,-6.58749,14.042478,0.0,2.6004593,-2.2113862,6.6360455,23.20577,395.6163,919.5727,-18.49196,1772.4674,621.0899,-23.168242,2360.3562,482.09363,-21.34704
1.6132241,-4.853234,8.855892,-0.06862029,-0.028183319,0.8458515,-3.3364294,38.802753,8.565442,-2.8759372,14.038437,0.0027786398,1.4204081,-0.84210044,5.9329734,23.355871,392.35977,910.2133,-18.182472,1710.8317,453.57227,-23.174324,2449.5986,249.92981,-21.353127
1.4584265,-6.305842,10.700718,-0.051142633,-0.029649405,0.8868418,-1.0954791,37.93704,9.50444,-5.4878516,14.023034,0.0,1.147204,0.6230698,5.0250807,23.125586,392.09543,914.2293,-18.182917,1717.2075,577.9273,-23.225588,2406.4812,246.765,-21.477125
1.2403969,-11.052943,16.206898,-0.046124984,-0.03245497,0.97201943,5.3968716,34.612476,11.750431,-2.338261,14.0181465,0.0060523283,1.4577714,1.5148673,4.6765447,23.093653,386.89334,974.73395,-18.50586,1657.7599,730.6274,-22.07235,2410.7405,252.50221,-21.905167
0.99296445,-15.367863,20.575289,-0.042907495,-0.031953793,0.745806,13.722281,27.82107,11.450929,2.2438314,14.0312395,0.0060523283,1.7683388,1.8947569,5.0886064,22.437567,389.95792,1033.7456,-19.019186,1536.0997,831.5957,-21.75718,2430.75,434.80957,-21.346888
0.85331076,-17.934221,22.851461,-0.051299024,-0.030408606,0.6462498,21.199884,20.366323,10.760956,8.479054,14.042328,0.0,1.081318,2.133241,5.617123,23.288527,391.07324,1094.6904,-19.350843,1448.0898,867.36816,-20.987886,2483.637,709.87177,-21.842562
0.80138034,-18.840208,22.814386,-0.045367867,-0.027844632,0.7060111,25.490036,16.93821,11.1423645,12.733642,14.029218,0.0008802777,0.99057704,2.1474257,5.962614,25.654737,394.89877,1147.2577,-19.217165,1440.5312,900.42706,-21.3788,2545.0283,882.9178,-23.669191
0.7581392,-18.325953,22.282639,-0.04334257,-0.026603615,0.8181489,26.516409,15.088776,10.666966,13.127712,14.012679,0.0,0.86859226,1.8827871,6.2957306,26.867418,400.3031,1164.7476,-18.579802,1448.209,920.1086,-21.730797,2583.1875,988.4824,-24.583666
0.7258032,-20.167841,24.938944,-0.05283146,-0.027739637,0.6476055,29.635544,15.492976,12.334743,13.561685,14.014226,0.0019597611,1.064379,1.4406356,7.337908,25.446266,436.31345,1327.5537,-13.946697,1520.852,985.63934,-21.439482,2699.2158,937.7758,-23.269264
0.7564454,-19.785265,26.099833,-0.056861456,-0.024485676,0.52009135,26.914429,16.84698,14.801692,10.597485,13.976517,0.0019597611,1.2601657,0.36869898,7.458748,23.486887,423.97388,1299.4169,-9.774971,1522.726,913.09186,-21.110914,2624.582,910.29584,-21.699265
0.89819556,-16.391487,22.971909,-0.04882152,-0.02313114,0.6385653,21.609194,15.408253,18.994247,6.5376854,13.894672,0.0,1.6893759,-0.7762554,6.202179,20.978966,396.91275,1362.1066,-3.3608053,1545.7499,811.5254,-20.817554,2659.5593,922.16547,-19.472897
0.98620534,-14.998273,20.86547,-0.048704803,-0.021556897,0.8367403,16.827637,16.89219,23.781733,3.3669708,13.784919,0.009363386,1.8915554,-1.7153004,3.6449833,18.580603,350.94907,1257.1791,0.7267615,1509.9078,855.83075,-20.962326,2469.8416,986.22394,-16.958916
1.0386153,-13.979793,18.91981,-0.040978424,-0.020234853,1.0015215,16.948404,15.512367,24.07305,5.2648244,13.690755,0.0,2.5184028,-2.057696,2.4100566,15.0461855,354.0048,1279.978,5.89321,1561.0118,832.7951,-18.409794,2417.5994,1357.2919,-12.997078
1.0750245,-15.496276,19.244003,-0.03749547,-0.017902028,1.0522517,19.7242,15.941113,25.183321,13.069739,13.566494,0.016968494,2.3349967,-2.53679,2.889742,12.46989,368.2305,1179.5656,8.57227,1571.3373,804.80365,-15.0399885,2316.2654,1329.3683,-10.042587
1.3832909,-12.457675,16.615206,-0.01329961,-0.013125245,1.0359396,15.271739,15.67619,23.940905,15.272241,13.26496,0.016968494,2.1515906,-3.6863754,3.7451189,11.535092,778.3968,996.98267,2.5972693,1651.0651,985.4321,-12.433243,2575.0435,1171.268,-8.885951
1.7118543,-10.138481,14.07687,0.00642422,-0.015611592,1.0015011,10.993733,16.683928,22.152845,11.8617525,13.435013,0.0,1.1304684,-10.2228155,3.2004728,12.162548,739.44824,1092.9298,-0.017465591,1713.3462,926.4847,-12.108483,2425.8228,1249.1693,-9.5617
1.9256576,-9.611216,14.694285,0.013722968,-0.021027379,0.9646928,8.355655,17.937212,17.41118,4.390668,13.638373,0.029627103,0.7174203,-11.238397,1.6770777,13.047948,710.04706,1234.0995,-1.218836,1768.8339,1210.2267,-11.89296,2291.845,1223.8951,-10.81728
1.879396,-10.504941,15.109474,0.0070654736,-0.027516251,1.0650057,10.633974,17.82282,14.440068,4.6240106,14.074214,0.0,0.30437216,-10.325517,1.734931,14.105778,255.3028,1534.9645,3.1157906,1700.311,1098.8783,-11.889548,1931.2197,1423.7379,-12.202346
1.7279347,-10.603795,15.25941,0.0060908017,-0.030028882,1.1768928,13.500499,12.692768,12.982059,1.0406286,14.051575,0.0,0.30437216,-3.5837555,3.3771236,14.782817,266.6481,1532.7826,4.286418,1597.806,1326.4987,-11.722206,2056.2688,1044.2933,-13.058758
1.5367168,-11.365588,14.736961,7.338139e-05,-0.027997263,1.289652,16.859854,11.220673,14.896179,1.9335133,13.999138,0.0,0.30437216,-1.8615198,4.8645325,15.7558775,293.0503,1506.848,4.131623,1490.2803,1222.2367,-11.954129,2226.6143,963.6819,-13.984323
1.4234852,-12.182148,15.572856,-0.0036014256,-0.02412057,1.1918463,20.094639,8.140292,16.30332,0.46744075,13.906097,0.0,0.36624685,-1.7905282,5.4110007,16.253302,322.51907,1405.4873,5.6040406,1407.1,1076.1361,-11.912213,2337.3777,906.1988,-14.198204
1.3380181,-12.395381,15.616061,-0.014432297,-0.02445609,1.1605476,21.30979,8.155966,17.522924,3.013271,13.850429,0.04039976,0.5747177,-2.3648126,5.9933667,16.813055,361.04675,1431.6044,2.9999158,1487.3278,1632.1602,-11.601494,2224.374,873.2485,-13.751816
1.3488989,-12.842189,16.63317,-0.015359742,-0.027216459,1.1201223,22.625803,6.9556026,18.714178,3.0918696,13.895417,0.04039976,0.7831886,-3.350954,71.45596,16.794218,362.12656,1436.7238,3.1117485,1517.0487,1682.0658,-11.266704,2161.5684,1003.16644,-13.116624
1.3240103,-12.5036955,15.945651,-0.002615495,-0.029820807,1.1565439,23.264519,5.9483933,17.742697,4.363008,13.904228,0.0,1.2716447,-3.6546345,71.09548,18.261568,360.50467,1514.1573,1.9032751,1508.1119,1814.2964,-10.849231,2094.828,1018.9067,-14.943054
1.3078464,-14.511525,17.660292,-0.006939448,-0.027169077,1.0823618,25.795958,6.843618,18.636414,7.609895,13.954066,0.01462057,1.6135048,-3.5252504,70.27503,18.441027,282.71268,1635.2147,1.4801315,1374.7856,1373.3317,-10.395827,2210.7095,1096.1417,-16.416014
1.2387189,-13.410634,16.730442,-0.005057342,-0.024067363,1.1790174,24.641169,6.5334373,13.730912,6.126304,13.998633,0.0,1.9553647,-2.4983964,4.9395976,20.13433,291.9388,1581.8517,-3.0061576,1329.672,1295.0797,-10.087977,2265.409,960.90753,-18.679472
1.1363705,-13.825339,18.834978,-0.0173825,-0.021014275,1.0965296,25.848608,7.4008904,11.20283,5.375732,14.063087,0.0,1.578112,-1.115371,4.7582703,20.67771,480.00497,1546.8329,-6.9251,1484.1322,1284.576,-11.550771,2473.1475,949.38995,-19.170778
1.0646152,-13.57063,20.63144,-0.020296782,-0.021391705,1.0243875,27.513016,5.5979495,10.697989,1.743762,14.053493,0.006973104,1.2008594,0.14848064,4.2745605,19.520212,553.7265,1660.2427,-7.8356476,1485.0234,1625.7106,-11.774391,2345.175,1248.0488,-17.95835
1.0151367,-13.466595,21.180214,-0.023124285,-0.023808414,0.84185356,30.393166,1.7494574,11.998137,-0.25379023,14.02546,0.0,1.2146425,0.77142936,3.8325233,19.997665,566.8178,1653.4088,-7.729632,1509.2721,1662.2977,-12.917615,2345.5447,1396.0155,-18.726843
1.0164338,-13.255905,20.833778,-0.022455864,-0.023791136,0.77681285,30.11204,0.7487199,13.039729,-2.2235277,14.026334,0.0027304527,1.311107,0.73506695,3.6891794,18.856133,394.52957,1648.3939,-7.1589756,1346.8677,1631.8822,-11.682933,2156.382,1434.0177,-17.832579
1.0188032,-12.933482,19.314104,-0.02687887,-0.025305526,0.6859269,27.305632,3.0894597,11.835855,-2.1149335,14.020438,0.0027304527,1.4075717,0.38050345,3.8328133,19.946024,403.8274,1284.4233,-6.6561,1389.725,1088.2518,-12.601074,2424.7854,1057.7513,-18.800383
1.0546795,-12.43694,18.795988,-0.02295488,-0.024546789,0.6605959,21.800917,8.186311,9.169625,-3.0076888,14.009873,0.0,0.9774218,0.06156962,3.8109038,18.384214,399.12717,1289.8175,-5.837443,1381.8529,1148.868,-11.278768,2357.4207,901.47345,-16.883844
1.1539998,-11.9358015,17.83516,-0.026749024,-0.028894195,0.79543465,16.997702,12.338157,10.133234,-3.2187681,14.020375,0.0039461986,0.8418433,-0.16145411,3.3395536,18.30068,409.93088,1199.8033,-5.0824647,1454.6732,1055.7501,-15.5706,2410.4363,834.7998,-16.76013
1.2501589,-10.552281,16.408932,-0.019789584,-0.030708864,0.8529067,13.033063,14.849408,7.453627,-4.7711163,14.048073,0.0,0.6980415,-0.2967738,2.2324016,15.856088,411.70023,1134.501,-5.122675,1486.2129,1013.2974,-19.318153,2337.6719,747.9287,-15.08064
1.3011769,-10.057137,15.838921,-0.028310189,-0.031773586,0.7467336,12.348038,14.743904,9.452334,-2.1201499,14.043956,0.0074547757,0.88916856,-0.44102678,0.948724,12.615761,415.53177,1042.5219,-5.142573,1533.392,816.9174,-21.567596,2400.6086,782.7836,-13.134842
1.2898549,-9.665142,14.352748,-0.02418224,-0.030253371,0.6532619,12.553811,14.178378,11.05697,-3.4012725,14.01998,0.0074547757,1.0802956,-0.7090099,0.31832457,10.739957,412.0925,1055.2368,-5.5047965,1518.9008,862.3117,-18.983046,2372.9949,656.9145,-11.963451
1.294532,-8.381829,12.142718,-0.018607104,-0.027436579,0.69406694,11.693667,11.9221735,14.420387,-6.696657,14.009994,0.0,1.6085615,-0.8835265,0.7684088,10.869662,403.72168,1031.6923,-5.5927176,1506.2305,795.2749,-15.651933,2345.1868,540.3947,-11.604663
1.343564,-8.392506,10.615756,-0.021993741,-0.027410762,0.7643984,11.140471,12.404386,17.887526,-5.7988,14.015054,0.0160626,1.9374771,-1.1014733,2.0115898,12.054077,394.89627,1015.0589,-5.6338897,1498.0522,713.1721,-15.001035,2338.805,441.4973,-11.654324
1.4234565,-6.990448,9.739507,-0.03641516,-0.027408695,0.73406506,9.396954,10.290742,18.434935,-1.6517353,14.000129,0.0,1.7552384,-1.4585677,3.231414,11.306348,400.67883,943.35175,-4.784919,1510.5155,479.05432,-14.692172,2381.9197,558.5075,-10.211898
1.4370908,-6.0425243,8.610243,-0.034568828,-0.02554284,0.7631803,8.515824,10.149352,19.433174,2.5384204,13.999579,0.008916957,1.3981066,-1.5275732,3.8257148,10.291909,398.99512,949.0044,-4.5523314,1511.2266,376.73035,-14.72179,2399.4646,643.03326,-9.227306
1.4882606,-5.369121,8.454364,-0.026091464,-0.027059784,0.81002873,8.593993,9.327468,21.067099,2.293809,14.007983,0.008916957,1.040975,-1.1671993,3.9558506,10.326701,402.92007,950.12823,-5.0289555,1542.2985,358.47812,-15.738376,2402.256,735.8348,-9.48713
1.4416857,-4.722069,6.105221,-0.013781734,-0.028951371,0.8586657,9.511739,8.496822,22.159647,0.8263008,14.0173,0.0,1.4220859,-0.61561483,3.7467728,12.779658,397.39023,917.8514,-6.147759,1536.3832,346.07227,-15.370414,2400.4387,678.6203,-11.928136
1.3512558,-6.140455,7.679766,-0.029451102,-0.030579776,0.77648264,13.207265,6.0625668,24.107893,4.1965375,14.00536,0.004162159,1.3363215,-1.4495211,3.301051,15.429775,398.6544,984.6016,-7.200508,1533.623,451.65698,-12.634629,2425.7256,766.80743,-14.465169
1.1701885,-9.180363,10.715305,-0.03268795,-0.030941939,0.7024939,17.157059,7.342502,23.743353,1.3233002,13.997009,0.004162159,1.4069835,-2.0288851,3.0161839,17.07296,405.069,1045.5348,-72.0893,1523.8525,699.50616,-73.87338,2416.7,822.9288,-77.687004
0.9815348,-12.5503235,15.475453,-0.02594854,-0.030795224,0.7254301,21.28637,8.255888,20.74356,-1.9218715,0.0,0.0,0.0,0.0,0.0,0.0,406.46753,1113.0376,-136.71527,1486.8839,902.41943,-136.19925,2400.7236,863.5909,-139.28233
1.3286554,-9.9653845,16.366411,-0.021135172,-0.01679799,1.0889786,18.803907,8.127891,10.348072,-3.2691314,0.0,0.0,0.0,0.0,0.0,0.0,418.83694,1423.5605,-201.0,1302.9248,1077.4689,-201.0,2317.0051,838.98456,-201.0
2.1239407,-4.000955,11.93927,-0.018616186,-0.004383521,1.4369999,12.361572,2.1899652,-0.54477024,-1.8232065,0.0,0.0,0.0,0.0,0.0,0.0,442.4418,1526.0323,-201.0,1189.6927,1260.0316,-201.0,2236.8894,897.8257,-201.0
2.9089468,1.0263631,8.915039,-0.005892711,0.0076688514,1.8099867,5.856199,-1.9819975,-10.336173,-0.105067335,0.0,0.0,0.0,0.0,0.0,0.0,467.51614,1556.9027,-134.20502,1231.0461,1436.6105,-136.60277,2148.5745,1165.744,-136.60277
3.1677868,0.9920697,8.790551,0.00666678,0.0016380242,1.7784883,5.5711465,-4.4524274,-13.40033,-0.8957424,34.55566,0.0,0.0,-1.0356843,-2.4097025,6.700583,477.41177,1263.145,-68.01586,1353.3519,1509.4043,-74.48169,2121.97,1214.047,-72.48292
2.7574394,-1.7240995,11.41072,0.019428635,-0.003217037,1.8888292,8.565029,-2.818077,-12.98209,-2.3725522,34.448902,0.0,0.0,0.25175247,-2.7277305,7.747967,424.20908,1280.8903,-1.9677552,1398.0363,1370.8096,-13.126705,2173.6814,1180.4485,-9.715722
2.334911,-5.0338707,14.497609,0.0010713799,-0.010204895,1.7378114,13.687421,-0.3169891,-9.032348,-0.55703753,34.195866,0.0,0.0,2.4734156,-2.8229856,9.0639715,408.78683,1273.9312,-2.1278024,1390.6871,1200.8384,-13.096557,2295.4639,1101.9171,-11.191773
2.0463278,-7.6881156,14.606397,-0.0006295822,-0.0183843,1.595002,18.007372,1.6364113,-2.9722128,0.048196554,33.98226,0.0,0.0,2.9066188,-2.0880454,7.242611,398.17944,1214.488,-1.3331532,1439.1097,1011.1489,-9.757129,2358.175,1108.3423,-8.575765
2.029721,-7.9166245,14.816384,0.002223781,-0.024324628,1.2971978,20.604864,-0.30582824,1.8149538,1.3091079,33.825195,0.010655962,2.014402,2.5668669,-1.411972,3.2195823,425.6976,1040.3605,-0.43786845,1485.3564,806.1585,-4.811871,2394.217,1094.2318,-3.657451
2.1130095,-6.1264725,11.919575,0.005416747,-0.029462293,1.1649407,20.501053,-3.762511,5.1045575,1.4578934,33.77125,0.010351623,1.6694986,1.9697767,-1.1767832,-0.7581353,429.8516,959.45557,0.29401383,1484.4897,705.3697,-1.8478703,2386.4216,916.9409,1.0521492
2.0793648,-4.829235,9.843342,-0.0013050636,-0.029402725,0.98396784,18.901672,-5.283455,7.645477,2.121631,33.74767,0.007508006,1.09631,1.3488911,-0.7466235,-1.4488406,432.62363,892.65546,2.2486024,1484.7362,614.79956,1.6878589,2406.9915,806.4379,3.697443
2.0358431,-3.4065235,7.7274384,-0.014372013,-0.026219748,0.8624682,17.328268,-6.874804,9.612596,3.7963068,33.703247,0.0059763105,0.8343436,0.46095935,-0.46814027,-0.2612721,440.02774,803.41376,5.4768944,1474.0231,536.0441,5.2369943,2390.8958,676.1942,5.738167
1.9684552,-3.68249,6.979235,-0.017596776,-0.026037157,0.7330381,17.126604,-7.898951,9.490419,2.7889862,31.16881,0.0033924412,0.71145076,-1.3395,1.0830039,2.4858415,441.21872,724.7148,4.876737,1457.748,482.40234,2.1525173,2358.4497,591.0254,3.6736841
1.9448143,-3.1447916,6.71522,-0.0024773162,-0.022694176,0.77825505,16.771961,-10.510014,9.832839,-0.18274362,28.623697,0.0019913379,0.61101323,-3.4174964,2.7923622,6.0750937,438.89737,708.8933,2.3871918,1439.7003,485.72836,-1.2738848,2336.0579,549.24225,-0.72883433
1.9017438,-3.7495034,7.3876114,-0.005401185,-0.026397908,0.78775644,18.103846,-10.466998,9.316575,-1.2363966,26.104193,0.0019913379,0.61101323,-5.9277997,5.3851776,10.143102,435.90787,744.18726,-2.2492378,1429.9868,527.0484,-6.443197,2331.4011,560.18823,-7.0071626
1.8737596,-3.4516175,8.32003,-0.01337754,-0.024172328,0.8910058,18.531513,-11.002574,8.327033,-1.0533465,22.054426,0.22568227,0.6018684,-5.6407986,5.6184497,12.61667,432.69504,786.2993,-4.8973656,1421.607,569.9974,-6.739572,2315.343,601.4775,-10.697011
1.7404509,-4.501242,10.2417,-0.031372223,-0.02675491,1.0079378,18.60209,-7.192854,1.0560513,1.9434162,18.049273,0.44937325,0.59272355,-5.2322717,4.3259788,14.33842,432.29947,866.5376,-7.292769,1411.5787,684.4129,-8.78497,2284.8088,694.56866,-13.874364
1.567798,-6.757151,13.458119,-0.022063063,-0.027024532,1.017661,18.946043,-2.6186497,-2.5674345,2.444602,14.046512,0.4542339,1.2719898,-4.029925,2.0406535,15.759064,434.76254,901.21783,-8.666039,1416.8961,748.84644,-11.461116,2310.069,735.4397,-16.842375
1.3957199,-7.7183137,14.961385,-0.023086792,-0.023963502,1.0296975,17.354403,2.6924448,-1.6705557,7.183845,14.057185,0.3448188,1.9604009,-4.750395,1.2273955,18.28572,421.5082,969.15186,-8.187032,1393.3232,734.5263,-15.234286,2332.3162,690.8499,-19.784208
1.3278278,-7.796642,13.007941,-0.032399725,-0.026126435,0.9168293,12.052047,12.372284,0.8266535,6.753126,14.02378,0.0,2.648812,-5.1569276,1.728795,20.179533,422.50208,978.8514,-7.026525,1445.8182,737.0132,-19.68046,2385.627,688.46857,-21.658045
1.2744205,-7.6832795,11.231476,-0.049797848,-0.02659125,0.84246105,7.4874167,21.845037,2.5328774,4.73871,14.009537,0.0,2.648812,-5.7958026,2.5476925,21.478662,414.73056,993.98627,-6.7182345,1472.7505,784.5384,-23.182486,2402.863,550.76385,-22.332468
1.2613105,-6.641941,8.036281,-0.040045943,-0.032643247,0.7213432,2.2093155,32.240124,1.6672913,-4.374737,14.025598,0.0,2.648812,-6.3325257,2.9762604,22.371218,413.4568,949.1426,-6.570118,1576.848,751.33453,-24.302572,2471.7915,377.72607,-22.485247
1.2535473,-6.354561,7.894854,-0.037461903,-0.036409274,0.65332305,1.9454683,36.334927,5.505869,-9.113233,14.026542,0.0,2.648812,-6.7828293,3.4637213,23.113802,405.54102,947.09247,-6.7906165,1639.7803,856.404,-24.14908,2462.7961,132.2431,-22.874588
1.2845016,-4.2342954,4.348413,-0.04002666,-0.036787733,0.62242585,-0.8114459,40.6889,4.0195045,-8.889654,13.998881,0.0,2.648812,-6.1720214,3.830239,23.037315,403.92358,933.63385,-6.0055676,1693.2098,812.0887,-22.954788,2511.113,192.22566,-22.848244
1.3229226,-3.6631272,3.4668713,-0.04596145,-0.037984572,0.6132532,-1.8313857,42.848095,5.522827,-9.200595,13.965228,0.0,2.648812,-5.1128635,3.0852754,22.425827,409.7954,904.51935,-5.89118,1792.7838,673.4306,-22.80071,2521.7166,249.2065,-22.358728
1.3258967,-3.635563,3.5655327,-0.034771908,-0.034008812,0.60826063,-1.9620448,42.40601,5.7789383,-8.938621,13.907582,0.0,2.648812,-4.518559,1.339469,22.860102,406.3967,863.6948,-4.196276,1841.6104,370.47812,-23.501535,2618.1638,371.56393,-22.655838
1.2371272,-4.502457,6.735281,-0.020653183,-0.032263484,0.6101344,-0.47334704,38.599186,8.536169,-11.386123,13.841517,0.0,2.648812,-5.6784377,-0.72330713,24.350021,408.2002,892.99243,-1.2981738,1891.8096,469.09195,-24.529394,2594.8684,416.61203,-23.945496
1.1046385,-9.188827,12.314328,-0.01628459,-0.031574547,0.7038906,5.427473,36.897987,9.306592,-9.143195,13.336896,0.0,1.9359707,-6.005041,-2.373151,24.608187,402.66687,979.27374,2.3899133,1743.7554,757.2317,-22.786154,2683.4167,369.70486,-24.115149
1.0369316,-11.370148,15.532958,-0.012459948,-0.029415457,0.74797153,8.647009,36.52745,8.310658,-7.554709,12.842364,0.0020212303,1.2231292,-5.7583737,-3.9139404,25.486902,386.89197,1120.017,4.059264,1646.8809,1142.1232,-20.065187,2662.6008,499.54654,-25.190905
1.0603715,-12.998684,16.188799,-0.004914446,-0.029327797,0.79841655,10.823425,38.28696,8.1225395,-5.658896,12.936131,0.0020212303,0.51028776,-6.8948073,-4.928065,24.94316,368.47806,1137.9698,3.8135035,1505.3031,1055.0884,-17.640257,2719.8406,361.7192,-24.515863
1.0785366,-11.547386,14.367466,-0.002674348,-0.027517634,0.69512635,8.156544,39.46849,4.998875,-3.6723967,14.847545,0.10965484,0.65731025,-6.789671,-1.8873276,26.082354,364.0391,1097.822,2.467864,1470.682,969.5621,-20.284143,2648.8127,379.74487,-23.822298
1.0923189,-10.778751,13.992099,-0.012545352,-0.028209666,0.6645849,5.8358474,40.739643,7.979094,-2.7777004,16.722773,0.11631415,1.5648527,-6.9274273,1.5861846,26.830786,365.06436,1005.385,0.12286981,1530.6066,722.9546,-22.458086,2627.4995,112.14495,-22.6126
1.1843358,-9.302928,12.499372,-0.02993294,-0.028696435,0.63714385,2.7721279,43.070724,11.557172,-2.2734606,18.017992,0.17346062,2.4723952,-4.7222652,4.8314853,30.004293,357.8635,1029.3276,-4.906736,1647.66,790.68384,-25.097544,2503.0002,222.93718,-24.125076
1.1862057,-8.135293,11.862308,-0.036679346,-0.024918782,0.76808214,1.062507,41.0561,13.244178,-3.8858907,17.05228,0.0,3.2329152,-5.165129,5.9972916,30.183146,362.58798,1059.3926,-9.625065,1655.8578,832.5271,-21.628298,2444.0134,221.04338,-24.231432
1.1392037,-9.692605,12.13639,-0.034015488,-0.028725615,0.78637743,2.1707156,41.33394,10.548147,-2.182803,15.717889,0.0,3.2329152,-5.7221184,6.6035423,29.388391,365.85742,1083.6417,-13.7534075,1534.2656,902.67706,-18.909449,2460.1082,255.57397,-24.102888
0.9879036,-12.745953,15.489624,-0.03712465,-0.027585132,0.7344191,5.230249,39.149773,6.996473,1.6712055,14.422536,0.0,3.2329152,-5.454165,6.1410184,26.24026,376.73233,1055.3986,-14.41141,1398.7949,831.5696,-15.591916,2520.6077,154.48735,-22.7985
0.91887146,-15.73434,19.434538,-0.041870743,-0.033060465,0.5608688,9.326015,38.527805,5.336775,3.8816862,14.026226,0.0,2.5732863,-4.605114,3.570783,24.01294,381.381,1026.3286,-13.75228,1388.3286,822.6391,-15.678193,2553.1428,270.02945,-22.63388
0.81894785,-17.043331,23.297028,-0.04579026,-0.031109912,0.5931023,14.258405,31.874414,0.58111143,2.5766685,14.035098,0.1600467,1.9136572,-3.7683442,0.5237274,21.216143,406.77744,1006.94556,-10.049249,1404.2687,858.48584,-15.677047,2502.8496,698.19,-21.108133
0.7585449,-16.795153,23.862244,-0.03959022,-0.028786724,0.58698106,20.669556,20.551636,2.762867,0.21305513,14.080203,0.1600467,1.2540281,-3.3691416,-3.2647438,18.518665,428.66556,1023.5313,-4.9763026,1463.693,913.30597,-14.883334,2515.74,982.26434,-18.697313
0.71742374,-16.827805,23.62365,-0.033602495,-0.026299154,0.56663126,26.157104,12.533203,7.8092933,-1.9925518,16.56646,0.1600467,1.2540281,-2.2918503,3.55535,20.402166,433.69766,1082.4669,2.3223479,1480.5067,997.82733,-13.289851,2455.0625,1167.4708,-16.366322
0.77273446,-15.6983795,22.195189,-0.032222074,-0.022795826,0.51215535,25.759806,9.762902,16.587511,-3.7576149,23.139349,0.44003114,1.555453,0.93255615,6.259741,23.81164,336.26575,1311.8832,5.6024246,1435.9336,1061.0868,-15.580513,2422.1082,986.31024,-19.423985
0.95602196,-14.846123,21.951807,-0.02460994,-0.02164855,0.70990735,22.20257,13.423472,17.037468,-8.641843,29.6589,0.42597568,2.2734835,4.1398435,9.602542,26.591955,572.8747,1444.4209,0.0,1773.373,922.09357,-19.798277,2640.4172,947.0789,-21.268862
1.1851144,-16.35162,24.086554,0.0034840244,-0.024996638,1.126609,22.636831,16.070023,10.939369,-13.227025,33.689026,0.37906817,2.7808654,6.1457124,1.4869889,24.175432,754.04364,1431.8131,-3.8648665,2046.8524,796.81195,-24.00152,2967.575,761.7059,-22.334162
1.3857327,-18.108648,25.227034,0.026127795,-0.03103519,1.3019394,25.566332,16.417444,3.031808,-16.678038,33.63489,0.047245745,2.3314846,5.5431304,-2.2756798,19.872139,1044.6927,1221.7743,-3.60559,2387.3606,575.34503,-23.47078,3336.3816,632.44366,-17.967688
1.434256,-19.101198,24.698557,0.026335867,-0.0344391,1.2212785,28.055496,14.9531555,-3.3607683,-16.348839,33.45036,0.012938966,1.7526587,3.9627664,-5.047977,18.847181,788.5389,1161.0732,-1.8297763,1931.5653,749.12714,-15.164234,3061.704,491.40088,-17.59551
1.481975,-16.06671,21.497385,0.0077301455,-0.032564055,1.0013267,26.089256,11.352006,-7.0061707,-17.601242,33.151245,0.015168678,0.8993704,2.3576756,-6.318737,19.428284,586.305,1197.1945,-1.1781982,1570.6686,840.3024,-8.487285,2715.3467,508.19836,-19.158737
1.5310119,-11.321589,19.02944,-0.0036855533,-0.030943086,1.018434,24.013443,8.031809,-8.236169,-19.010412,32.808426,0.0148179615,0.86755514,0.9695987,-6.3210998,17.578615,357.41452,1240.0378,-1.2354072,1173.0887,948.0804,-3.6765988,2351.8164,476.5118,-18.81402
1.6508198,-8.003063,18.015127,0.005970483,-0.03189775,0.98010176,21.576654,6.8412876,-9.346251,-22.212,32.44456,0.0141880885,0.6307072,-0.33614445,-4.1893215,13.628146,335.63858,1239.8385,-3.4537609,1158.7306,896.4488,-5.834683,2322.954,405.3865,-17.081907
1.7031765,-6.4951077,15.690379,-0.0027873467,-0.032023415,0.914308,18.731977,8.393207,-6.7861075,-22.946945,32.283287,0.008275476,0.83790696,-1.0560268,-2.993961,9.7001095,308.93863,1294.814,-70.171165,1140.6182,911.1572,-71.655556,2300.4976,348.50912,-76.6379
1.6148424,-6.487057,15.240682,-0.014383097,-0.023823291,0.9721575,17.510176,10.202761,-5.2343755,-18.359646,0.0,0.0,0.0,0.0,0.0,0.0,305.58447,1372.7804,-136.08495,1125.2792,924.6374,-136.50426,2297.0583,364.9479,-139.32066
1.4943978,-7.3321157,14.893186,-0.022547098,-0.020754287,1.013889,14.691415,15.207248,-5.2341895,-13.317315,0.0,0.0,0.0,0.0,0.0,0.0,296.8063,1467.0117,-201.0,1143.663,994.4681,-201.0,2403.9265,456.5587,-201.0
1.5514919,-5.5165095,13.3302965,-0.016241567,-0.015180322,1.130746,9.450733,21.503592,-3.2625294,-8.575604,0.0,0.0,0.0,0.0,0.0,0.0,333.78912,1390.7772,-201.0,1219.5923,934.6655,-201.0,2496.7693,548.29614,-201.0
1.7861503,-7.983953,14.512109,-0.020826781,-0.015829992,1.7943912,5.4376073,27.85373,3.9006746,-4.0286555,0.0,0.0,0.0,0.0,0.0,0.0,634.93243,1236.3906,-140.157,1602.1748,794.1316,-140.03252,2784.925,481.55392,-138.66794
1.9396434,-8.360256,15.115013,-0.046226084,-0.01341778,2.2662923,3.6045468,27.431686,9.941319,0.9566706,12.654533,0.0,0.0,-9.036542,3.1842196,17.153738,934.03174,1121.7043,-81.45954,1930.6012,626.22516,-81.6609,2982.0784,329.46335,-78.197464
1.8624786,-9.2439995,15.202431,-0.056152493,-0.015325877,2.3909676,3.1987722,29.184805,12.775109,1.8751554,13.146852,0.0,0.0,-8.194851,3.951135,19.445383,932.52435,1143.8403,-21.983313,2071.9038,764.5203,-25.58988,2909.3162,193.22896,-22.576279
1.7044034,-7.535455,12.582878,-0.056433354,-0.020004693,1.7500643,1.0549595,30.89794,8.312141,-0.119876385,13.579867,0.0,0.0,-6.874649,5.7548814,20.989779,660.40814,1118.772,-21.323164,1860.7603,794.51636,-29.74485,2758.6133,200.40198,-29.421494
1.6260988,-8.278626,12.80733,-0.06410954,-0.022779772,1.7748333,0.16294213,35.15849,7.888146,-0.92642766,13.546376,0.0,0.0,-4.62995,7.3794684,22.340292,396.32327,1123.2223,-18.445993,1705.4662,1013.1575,-31.095522,2493.8604,350.65958,-34.281116
1.6011125,-10.862816,15.728803,-0.0817872,-0.02378154,1.5483451,0.44712245,37.230114,4.689176,-0.52954847,13.030961,0.0,0.0,-3.3703709,8.0137005,20.021912,406.1149,1067.7596,-16.073769,1609.7328,939.69904,-29.690798,2594.1028,481.73856,-33.386173
1.6254635,-11.015506,15.901242,-0.08704931,-0.025258994,1.6464642,0.058903415,37.552204,4.035705,-4.1794887,12.636928,0.0,0.0,-2.9662235,6.270516,17.74795,415.67252,1056.0521,-14.660258,1624.5746,1017.4531,-28.380135,2543.5452,509.7173,-31.114952
1.5244504,-11.797755,16.300093,-0.08283216,-0.027352074,1.1853689,1.1607943,35.066387,2.8870766,-5.189253,13.095408,0.0,0.4862027,-3.3350737,1.4989482,14.787179,432.42896,968.4888,-9.826446,1624.3639,872.12695,-24.566458,2564.0608,768.7346,-27.260841
1.3573388,-13.087471,18.989296,-0.07246245,-0.027160184,1.285247,4.5277686,28.107773,3.0603068,-3.612691,13.476308,0.035930835,1.2537254,-3.9859111,-1.7743207,14.602097,441.5138,936.6792,-2.0639107,1627.0912,836.242,-17.949764,2477.3557,818.82904,-22.128027
1.2270641,-15.019895,19.898584,-0.059446927,-0.025532043,1.1839811,11.105782,22.399313,5.1925664,-1.2803351,13.558269,0.024303293,2.021248,-4.701856,-3.659023,15.24149,426.20364,946.24097,6.042827,1544.1792,778.80054,-10.561719,2444.5085,868.89404,-16.636713
1.2025388,-14.453237,21.29998,-0.028751537,-0.020745903,1.1338738,16.848396,16.112337,7.2940154,0.05737424,13.203914,0.0010482038,2.7887707,-6.284673,-5.262012,17.29722,397.6537,988.24365,11.98846,1430.6494,736.81476,-4.8129416,2408.8972,614.5032,-12.314529
1.2970499,-12.943418,19.837805,-0.008848964,-0.021488383,0.93317634,20.205736,13.37405,10.093606,0.10216651,14.088826,0.0010482038,2.7887707,-14.013031,-6.6769457,17.686687,373.3488,1000.524,-57.622528,1379.1627,641.606,-68.90537,2408.5625,531.5972,-73.96347
1.3812923,-12.1992035,20.981674,0.0068916925,-0.020887235,0.7880376,17.61059,15.441849,5.614722,2.612365,14.191189,0.0010482038,2.7887707,-16.1886,0.0,0.0,356.09872,1084.6844,-58.11191,1359.8188,696.5583,-69.16735,2375.6233,586.7346,-75.28643
1.6579252,-14.193107,24.197504,0.0065773693,-0.024700826,2.1060584,20.264471,18.79916,-0.17043877,3.6173117,16.728115,0.16051677,2.949588,-16.881666,7.5364485,32.546066,341.78702,1287.2938,-67.86959,1307.7784,902.5827,-78.48557,2334.3977,749.32074,-83.292496
1.5847354,-19.921745,32.136795,-0.0050072093,-0.024827322,3.491103,23.043192,25.62403,0.4989551,9.384255,17.983206,0.31998533,3.1104052,-7.934809,8.015376,28.870941,339.92758,1392.8345,-6.088755,1283.5314,1065.3724,-22.944883,2331.8826,862.73285,-27.228643
1.4581375,-24.20565,37.604214,-0.03820541,-0.025156,4.0295134,27.499893,25.41556,6.476168,13.827191,20.145067,0.4794539,3.2712224,-4.2580485,9.789886,22.573166,624.8623,1447.4445,-22.13286,1601.4369,1114.53,-30.182518,2627.7537,914.4572,-32.490356
1.1344612,-25.698133,37.71507,-0.066591464,-0.020009175,2.9642007,25.967224,23.927511,16.010176,17.192553,19.877771,0.4794539,3.2712224,-1.9558086,8.978254,17.40094,610.0737,1377.2158,-24.098434,1641.0254,1000.4295,-31.518517,2650.597,807.58026,-28.2256
1.253764,-22.421858,32.45648,-0.08183949,-0.020741055,2.0196087,24.699133,16.134302,24.806784,14.991466,19.742682,0.4794539,3.2712226,-2.4188397,8.980766,15.3410635,609.5864,1300.3827,-85.87927,1685.5614,847.5871,-87.05921,2636.165,731.5389,-84.28945
1.4509963,-19.013693,26.533201,-0.08453018,-0.023974672,1.9137516,23.44136,10.2667,31.610374,10.144172,0.0,0.0,0.0,0.0,0.0,0.0,337.566,1183.8949,-140.36917,1389.6891,709.7767,-145.07083,2322.9304,641.51843,-140.95416
1.7270923,-14.757275,21.352509,-0.07349657,-0.027032524,2.260367,20.956871,6.4637923,31.594757,5.9300027,0.0,0.0,0.0,0.0,0.0,0.0,384.9255,987.3589,-201.0,1415.3724,580.7491,-201.0,2329.939,558.4487,-201.0
1.7940477,-9.541447,14.424327,-0.063754454,-0.020568458,2.4057577,17.573912,1.391343,21.28363,3.7165482,0.0,0.0,0.0,0.0,0.0,0.0,410.67374,894.83405,-201.0,1400.294,564.70905,-201.0,2325.8193,522.6156,-201.0
1.7685728,-6.7468925,13.226616,-0.057825875,-0.008926632,1.9880539,16.067326,-2.1664696,13.053677,7.2988305,0.0,0.0,0.0,0.0,0.0,0.0,429.63574,933.9904,-136.15619,1345.2543,649.65,-134.05937,2296.7043,519.2907,-136.94444
1.7082499,-3.862601,11.070073,-0.060709555,0.0016974298,1.5671436,14.091779,-5.8338866,5.91849,6.562865,30.6067,0.0,0.0,-3.0518727,5.153404,6.280725,463.54224,1062.5721,-71.493706,1254.9362,794.40314,-66.42228,2242.7356,552.2815,-72.24525
1.7044106,-4.014063,12.0622835,-0.063131005,0.0065254327,1.073427,15.012001,-4.018947,4.843081,6.363346,30.566423,0.0,0.5834853,-1.5762978,5.839557,6.308165,450.9089,1274.6866,-3.9382677,1174.0629,910.16925,2.2611496,2206.4011,571.00446,-6.8108306
1.7036053,-2.5121772,9.483814,-0.05816063,0.005277486,1.0542116,14.301689,-4.0721107,2.817208,-0.43423462,30.489897,0.008853361,0.8366683,0.5024577,6.3345847,6.8525715,432.77774,1529.6738,1.3964678,1082.4349,1015.1595,5.142013,2174.5544,574.4369,-3.4561317
1.7056106,-2.2007952,7.8270087,-0.055167913,0.002002046,0.81934214,15.488215,-3.0789974,3.278637,-3.9599578,30.442589,0.009286198,1.0058104,1.0319699,5.145535,7.940969,400.32446,1585.0039,5.71129,1063.6855,1015.51904,8.302406,2179.5154,529.2054,-1.4187559
1.7238225,-0.8349375,7.255755,-0.042059455,0.000789543,0.79240066,14.854679,-4.37947,0.8250938,-7.5854955,30.421204,0.0066897324,0.985867,0.91149396,2.9171588,9.776453,394.51453,1550.3043,5.728868,1060.9285,1015.6157,7.79678,2177.9678,498.94296,-3.2366626
1.7085761,-1.1156634,8.679156,-0.033632558,-0.0021810508,0.6710503,16.300264,-3.3058236,-1.8649744,-8.06119,30.413828,0.005217468,0.6467039,0.50295705,1.1149821,12.7918215,402.67685,1342.2875,1.9424378,1117.156,963.18414,4.66266,2184.7917,493.81296,-9.90998
1.6525973,-2.3028314,10.400821,-0.028485725,-0.0074153356,0.71050197,17.520836,0.1623702,-4.359821,-10.662513,30.374907,0.002002672,0.7573897,-0.82209563,0.86250424,15.396092,386.67325,1312.2152,-0.7417512,1135.9962,954.92255,-1.0262942,2186.0833,533.0177,-16.009361
1.5869008,-3.9339855,13.904363,-0.018979637,-0.013711639,0.73700064,19.728642,2.7995198,-7.041677,-13.705911,24.484032,0.22324485,0.43802214,-2.0918581,-1.1749169,16.202387,387.69922,1211.6302,-3.0623982,1164.8407,899.8289,-5.385489,2231.0212,511.30563,-19.597624
1.4343818,-6.457878,16.264645,-0.018266812,-0.014665534,0.9108979,23.896698,4.9263864,-5.7631435,-10.264607,18.609972,0.24869885,1.857479,-3.239724,-2.3005102,13.179296,383.52734,1152.8544,-3.7657614,1191.2356,855.0117,-8.364453,2271.6887,493.22498,-18.547937
1.1594921,-9.416795,19.770758,-0.014048025,-0.012133029,1.0078341,27.54348,4.7684045,-1.2944368,-1.7267994,12.746571,0.37279454,3.0733783,-4.216857,-1.8352594,9.615838,368.85733,1145.5388,-3.1774247,1216.8644,822.2225,-9.263375,2302.0437,470.99527,-16.10638
0.9006677,-12.040301,20.0185,-0.028164893,-0.0074948613,0.89795065,28.846634,6.5089264,5.21864,6.3039346,13.262474,0.0,4.583915,-5.457674,0.8233339,6.8921795,360.94266,1214.746,-0.6076317,1225.4823,844.11237,-9.113883,2314.8176,494.23682,-12.134884
0.9117446,-10.64284,16.810194,-0.024574434,-0.0028945126,0.7544806,26.719812,3.6038036,6.0384254,9.52132,13.687411,0.0,4.583915,-6.709394,1.2781123,6.3169103,325.78757,1374.5297,2.0398633,1222.9049,896.36084,-8.90891,2330.839,554.82153,-9.396197
1.131268,-7.6132236,12.394158,-0.020721985,-0.00066807895,0.62029105,24.304255,-0.06430801,3.6410978,9.8120575,15.722701,0.0,3.7909749,-5.4792285,4.6866045,9.54474,322.50085,1385.9199,3.0690687,1235.5931,889.66034,-8.031726,2356.9841,590.2415,-9.780557
1.329254,-5.3499475,8.590679,-0.009621617,-0.002916067,0.69845587,23.5809,-2.6753604,5.277812,14.471532,15.326561,0.37605393,2.8133547,-4.9638543,2.783705,10.606935,303.73935,1442.7261,2.7967255,1246.1288,894.46454,-8.730782,2359.663,676.4773,-9.295616
1.3149871,-6.0198536,8.970077,0.0054357387,-0.0038325374,0.6989487,22.975822,-1.8511987,11.065221,15.880104,14.949655,0.37605393,1.8357345,-3.383435,2.4201372,12.753608,261.20645,1437.9335,3.1722744,1264.035,831.4859,-9.289411,2370.2993,668.4419,-10.347008
1.1712751,-8.399787,10.10358,-0.0057481513,-0.008209426,0.7914145,23.726217,0.74687743,18.241968,18.687712,12.9175825,0.0,1.471693,-3.2345955,-2.4114244,13.755302,257.4392,1426.3002,1.4661566,1277.8309,790.06305,-10.984679,2369.1182,617.5272,-11.460396
0.98411703,-10.553501,12.980464,-0.011573019,-0.0050905985,0.8072018,24.55835,1.4602991,19.68952,15.8161545,12.864662,0.02878293,1.292332,-2.1454113,-0.44055304,20.20178,547.80304,1301.5469,-2.82067,1634.1461,725.70825,-14.518369,2764.4531,698.2746,-17.66861
0.83121675,-13.925267,19.036776,-0.03917334,-0.005985698,0.79429436,26.405264,5.4385886,17.714365,15.229413,13.020077,0.0,1.1470181,-2.1817744,2.3325016,25.620928,867.6819,1142.2164,-8.402282,1968.5262,706.5765,-18.373024,3087.3186,731.14825,-23.058023
0.71558166,-14.778581,22.121048,-0.037818562,-0.004729292,0.6813981,27.507044,5.8617806,15.128784,12.013034,13.137649,0.049655076,1.0984007,-2.2237399,4.068694,26.935366,870.1219,1188.3467,-12.59542,1939.0209,785.9312,-18.844833,3070.3145,754.43634,-24.562286
0.6548044,-15.29433,25.181871,-0.04655412,-0.00637657,0.5529756,27.67823,6.727488,14.649441,13.34208,13.0661125,0.049655076,1.0497835,-2.436416,3.060298,22.468363,834.3204,1253.7402,-13.259854,1895.8135,1119.8417,-15.883122,2812.0781,886.74243,-20.1417
0.6620357,-14.507499,24.780283,-0.029526241,-0.009451391,0.4412438,27.727552,5.460831,14.904697,11.748993,12.791279,0.0,1.5001774,-2.4131255,-0.4256967,15.641773,546.89136,1479.4232,-10.450075,1551.9268,1273.429,-14.742408,2467.7036,1021.5166,-13.651807
0.6674921,-14.900514,25.041574,-0.024584392,-0.012781716,0.41723838,26.263601,6.5110927,16.56003,12.61439,12.570641,0.02816486,2.033236,-3.1767414,-4.354117,10.939168,792.02295,1390.0438,-8.302571,1849.187,1265.4067,-13.227318,2712.2336,1190.1108,-7.795208
0.78405595,-13.856893,20.289658,-0.02074639,-0.017071294,0.51469356,24.846766,4.932252,22.21994,10.175628,12.33297,0.0,3.0540173,-4.909359,-6.312698,11.540095,549.33624,1399.1752,0.9676927,1570.021,963.6111,-9.648171,2556.583,937.0522,-4.1238494
1.0385484,-11.294319,14.599704,-0.01929065,-0.01712645,0.7865842,19.168764,6.454172,28.34462,9.591106,13.9907,0.010730391,3.5417397,-7.4273925,-2.2204885,18.678892,561.85126,1186.9188,6.3420663,1645.5117,649.6878,-4.081092,2590.1462,771.978,-4.278116
1.5538105,-10.720431,14.012737,-0.0064812354,-0.013960344,1.5872046,19.176386,6.3155284,24.485926,5.679394,14.391105,0.014481962,3.6542246,-9.824697,0.55666876,23.617592,561.01605,1256.3911,-57.816837,1631.4391,952.5916,-68.51591,2432.1057,774.5328,-70.21144
1.7555591,-14.946332,21.601965,0.0010879278,-0.018855212,2.8580773,22.655828,12.6868925,18.264784,2.4970102,15.221339,0.01823353,3.278987,-9.321874,0.0,0.0,795.3235,1314.3624,-73.13369,1986.9642,1042.2667,-75.16712,2741.1213,944.61835,-76.95487
1.794374,-17.986742,25.722567,0.0111139,-0.021586439,3.6006672,26.190947,14.084152,14.244807,2.1728816,14.255919,0.0219851,2.9037492,-6.957624,6.2998505,19.143288,861.3636,1429.5116,-84.33576,2093.2617,1247.3829,-83.23458,2830.9177,1031.6796,-82.77886
1.5549687,-18.563034,24.673523,-0.0145886475,-0.023176463,3.4521825,24.79377,16.435095,19.99504,3.0638256,15.103203,0.0219851,2.9037492,-3.2375395,7.8852334,19.052868,647.8073,1451.6567,-21.889772,1982.6622,926.726,-26.89892,2837.4495,975.78827,-24.575052
1.4790772,-17.89079,22.398424,-0.035259318,-0.019378895,3.1981547,20.209875,15.191037,26.922747,8.154521,15.480914,0.0219851,2.9037492,-3.2697716,9.59163,18.854452,376.65366,1510.736,-16.660957,1706.1781,832.4126,-28.886396,2628.6868,950.8662,-25.362206
1.4543539,-18.885874,23.49443,-0.07215301,-0.019656435,3.013961,19.58197,15.549161,32.58877,7.5356946,16.962162,0.14557962,1.9363232,-4.2783694,71.36768,16.800669,339.50818,1388.0756,-11.973358,1674.819,695.86273,-27.437532,2599.9114,961.5545,-23.509722
1.4083482,-20.784681,26.932821,-0.07652553,-0.024098748,2.9583826,19.97252,16.570864,35.870823,9.302591,16.135885,0.26917413,0.9688971,-7.425465,68.52748,15.798329,319.33588,1322.4642,-11.074894,1661.2753,625.95044,-25.30382,2553.134,1064.2775,-23.300337
1.4175758,-18.705875,23.59915,-0.07602747,-0.02270365,2.5411313,20.088877,16.360052,35.30074,6.576218,15.553555,0.39276865,0.0014711423,-8.138511,3.3583527,-48.21439,523.8511,1306.214,-12.005295,1760.2084,547.3122,-24.903265,2634.8694,1095.4692,-24.094557
1.3086348,-18.655935,23.118475,-0.082698174,-0.020249015,2.2305057,21.77308,13.955634,33.323326,10.152812,13.596667,0.39276865,0.0014711423,-8.501357,-57.760983,-46.685898,470.69263,1527.2911,-14.58004,1622.0045,839.1486,-23.606544,2487.4773,1029.9222,-24.85058
1.1629584,-18.10132,22.332144,-0.079246014,-0.01852558,2.2882884,24.572084,10.826697,28.510231,9.071034,13.481421,0.35268927,1.8243667,-7.431528,-55.117996,-46.587616,487.66837,1481.204,-11.491651,1513.291,942.08984,-19.058775,2411.4402,841.04004,-21.395605
0.97378635,-18.427673,22.754183,-0.06906946,-0.01977265,1.8233894,27.980484,7.2468295,24.009909,6.066568,13.228158,0.33264953,3.6472626,-5.967726,9.278264,15.954682,343.33188,1352.2943,-1.8492886,1334.3234,1113.7975,-10.200405,2220.38,726.1128,-13.560833
0.85417175,-17.251245,20.991976,-0.04614322,-0.023186674,1.3573895,30.772173,5.0071607,21.60874,-1.6455927,13.167407,0.0,5.470158,-4.36125,7.8679605,14.897691,402.67416,1167.2401,4.483226,1359.8302,1016.76276,-6.3785477,2250.9917,759.5608,-9.441968
0.81658214,-14.672836,17.002876,-0.033417653,-0.022011444,0.7673962,30.342478,1.8945872,20.76966,-7.1533704,13.0798,0.0,5.470158,-2.4689333,5.5858817,14.308937,404.01395,1188.5887,5.750953,1369.4198,1023.3825,-6.0565147,2275.8066,821.16064,-8.446502
0.81271154,-13.839808,15.534069,-0.014742847,-0.022048043,0.55034804,30.928175,0.5654512,20.46805,-7.204159,13.055396,0.0,5.470158,-1.7476496,3.8107483,14.025844,394.4518,1203.9012,2.6603413,1359.9818,1010.5428,-10.801505,2262.629,819.40656,-11.438984
0.8023898,-12.768761,14.482254,0.0045623477,-0.01823967,0.5109659,30.315527,-1.1936065,18.64158,-7.900635,13.080695,0.0,4.387395,-1.8510317,2.4816656,13.265159,382.31152,1212.7367,1.4208587,1350.3414,977.97723,-12.843123,2272.0627,780.8501,-11.640166
0.8339894,-13.408371,16.807764,0.007375831,-0.016128937,0.50059956,26.906225,5.156052,11.709919,2.5760467,13.141377,0.04250653,3.3046315,-2.9195416,1.5873257,12.210889,380.33435,1193.8578,1.1336577,1332.3181,931.1473,-12.766685,2269.332,754.9663,-10.567861
0.9253788,-12.151028,16.146948,0.0056250603,-0.013378784,0.6089001,22.416407,7.46249,7.9924855,3.5583804,13.2080965,0.0,2.2146835,-4.006734,1.153036,10.503718,602.6518,1315.85,-2.3672776,1548.6035,962.08685,-11.263039,2551.0374,727.2871,-8.347628
1.182004,-8.78803,13.804212,-0.005931264,-0.011891361,0.7342203,14.848844,9.687995,6.483874,5.619189,13.221316,0.001935244,2.2074988,-4.5948453,1.2504983,11.497845,633.95636,1366.0497,-3.3126411,1677.9623,1174.8125,-10.217711,2465.25,845.264,-8.812252
1.3944454,-5.4633193,8.921672,-0.0067083226,-0.014896487,0.75729394,10.074906,8.953158,14.007411,-2.8464146,13.164368,0.001935244,2.200314,-4.6203723,1.0837698,12.657906,628.32306,1352.013,-2.3903134,1766.6549,1063.7559,-10.406825,2444.428,765.6314,-9.80486
1.5354334,-3.8479106,8.573066,-0.012410775,-0.012201409,0.7567609,6.124513,10.995799,14.868987,-5.245624,13.032422,0.0025212308,2.1727288,-5.283426,0.17991622,14.311755,636.53766,1145.2528,-2.131102,1844.4248,826.5224,-11.509553,2504.2576,735.7034,-11.931549
1.4578327,-5.4308887,9.485761,-0.011270601,-0.016546002,0.74389833,6.5795074,14.530864,16.762207,-8.769834,12.663155,0.0028142245,2.1451437,-7.261118,66.61832,14.221126,618.0307,1063.2112,0.62113523,1921.8849,692.4644,-12.6897,2507.612,578.5852,-12.545787
1.3229171,-7.425785,11.879109,0.0044269525,-0.019028304,0.8385251,10.242322,13.514794,12.206084,-12.610516,20.10231,0.0,2.1175585,-4.506199,69.831245,17.576477,553.96893,1270.3281,-1.0718381,1770.7626,941.71515,-12.063316,2503.5977,544.5811,-16.311693
1.2972375,-10.720959,14.605068,0.010899894,-0.023468936,1.1875523,16.198374,14.24916,14.689124,-14.470211,27.545122,0.0,2.9514792,-0.59793884,72.94128,21.980507,251.30872,1509.7345,0.0,1399.8663,1190.7633,-9.447482,2174.116,472.12778,-19.431318
1.3472853,-12.030372,17.405115,0.017817853,-0.025263712,1.3929731,21.8805,14.549619,9.458354,-19.695456,35.191666,0.5186002,2.376806,4.5044246,7.296688,25.240082,185.67363,1668.5884,0.0,1106.5385,1129.1128,-6.3413987,2282.9246,432.6045,-20.758017
1.4476794,-12.671716,22.306799,0.01430335,-0.023818789,1.3235271,27.518705,13.369365,8.401886,-21.261312,35.015804,0.3461149,1.7489057,4.9626203,4.1180854,24.561712,203.37305,1598.3197,0.0,1092.06,1017.1331,-4.704,2324.7266,461.4509,-17.999964
1.527379,-11.689339,23.303583,0.018278314,-0.02656053,1.0368005,30.040445,10.937448,3.1806462,-23.116516,34.840298,0.017670784,0.2669252,5.0025406,0.796186,23.438398,255.65962,1498.9127,0.0,1102.2373,971.7075,-5.0869894,2354.2317,472.01074,-16.385635
1.559739,-12.049736,22.924875,0.027244404,-0.027624605,1.0750794,28.957376,9.642949,-1.535975,-20.238436,34.58914,0.012741998,0.40703845,4.558367,-2.5450385,23.71271,305.42355,1367.1011,0.0,1129.1957,944.32416,-6.4758353,2370.3345,397.77515,-17.9372
1.5764936,-14.31207,23.335058,0.028018052,-0.032426734,1.1952013,26.621902,13.449864,-5.670162,-18.690872,34.16058,0.016085016,0.6276968,4.00454,-4.9511566,21.668661,359.9552,1246.5651,2.0982802,1164.3894,976.997,-8.074448,2373.6626,393.24667,-18.019339
1.516398,-15.594928,23.580782,0.028903367,-0.036487147,1.1948303,23.50535,15.405201,-9.700011,-17.622496,33.72103,0.017175458,1.1125646,3.1432927,-6.88112,19.12494,383.5211,1144.1057,2.353011,1197.1102,954.04736,-7.580076,2390.0793,366.05832,-16.771929
1.498243,-15.7236395,24.419489,0.0071827937,-0.034208674,1.092687,22.535217,15.295611,-8.791573,-12.741342,33.33583,0.012693825,1.1524597,1.5103804,-7.4315925,14.700145,393.78918,1097.1683,3.7740624,1230.9083,938.9162,-4.544656,2388.2952,399.8358,-10.926082
1.6299576,-14.1569605,21.994207,-0.006318191,-0.03229451,1.0116562,17.568798,17.952438,-9.308774,-12.336957,33.1377,0.016403517,1.1347185,-0.8674347,-6.320725,13.194976,392.43997,1095.5034,7.7851815,1270.2972,998.2878,0.098343216,2403.418,364.75186,-5.409794
1.8350283,-11.283203,19.763159,-0.008274942,-0.02271341,1.0619067,12.148502,16.798494,-10.964313,-10.559585,32.75774,0.012672045,1.045453,-2.404338,-2.9862688,13.390393,622.7948,1074.2689,5.992067,1568.2706,992.6968,1.5825052,2724.433,425.0881,-2.3835433
2.4948013,-7.167688,16.817297,0.012616031,-0.01470806,1.4203534,7.2258296,10.602572,-12.863641,-12.4267,32.436817,0.012461118,0.89463425,-3.007033,1.0023451,16.14563,831.7847,989.7622,5.2378645,1827.4222,940.54565,0.69240063,2992.7083,396.2128,-3.1141975
2.7283585,-4.357466,14.255302,0.03722993,-0.0097133815,1.7513613,6.7936344,1.4687386,-12.821968,-10.2056265,32.109024,0.007805813,0.77413434,-3.2479582,4.297038,19.163403,1074.5631,939.7968,4.8962255,2106.7952,826.72833,0.008154313,3262.9563,418.84448,-4.643041
2.7781394,-3.6438625,13.066925,0.03496699,-0.0050261775,1.9094979,7.908528,-0.6338358,-6.3808303,-5.481999,31.904783,0.0061770105,0.4980152,-3.6441748,6.5908427,19.91747,1048.1565,877.35596,7.495478,2078.4973,766.9947,0.64066845,3147.251,470.42972,-3.7910326
2.6954372,-3.7665377,12.433484,0.03572353,-0.008996953,2.0358663,9.21899,-0.802433,-5.7577834,-4.5336833,31.658186,0.023363752,1.3297886,-3.2509832,8.443718,20.60681,1002.15594,1046.9305,5.3023143,2053.9211,787.88995,-0.69517326,3178.586,494.65543,-3.70634
2.5474865,-3.4271433,12.922078,0.03389293,-0.005933834,2.1429434,11.469749,-1.269321,-4.121985,-3.1676548,31.339815,0.040550493,2.161562,-2.3237875,9.524036,21.5467,938.77167,1018.2851,-1.0197564,1981.6674,744.33856,-5.631538,3138.833,465.38535,-6.793864
2.330468,-5.523997,15.23734,0.04788473,-0.012293161,1.9927381,14.345416,-0.5281336,-5.671224,-6.432167,31.111094,0.05989669,2.9764287,-1.690598,10.210174,23.847992,930.66376,1098.7201,-7.2582817,1969.7311,796.1423,-10.305188,3146.6191,439.762,-12.174835
1.7198524,-8.6041355,17.737364,0.048904523,-0.010894454,1.3649788,18.257788,3.3256977,-1.9752904,-2.2827055,30.967402,0.07830432,2.5774343,-1.0796245,11.126262,25.69197,988.6906,1016.76886,-12.61105,2018.6289,858.083,-15.672736,3093.1448,615.1619,-16.949942
1.4198745,-12.638675,18.935747,0.041275658,-0.016830945,0.8587737,21.266443,8.767808,-0.4010853,0.08793572,30.923876,0.07827035,1.7334146,-0.45633706,12.55351,27.48895,950.8667,1305.5737,-15.536761,2009.0297,974.8094,-20.030447,3062.0784,828.7119,-20.507133
1.2846953,-14.56458,20.27909,0.03402405,-0.017545598,0.76752883,23.248236,12.498532,1.9883329,1.137333,30.83364,0.09902808,1.0062398,-0.47033048,13.638542,26.693163,707.47296,1488.2367,-16.587795,1748.5907,1082.2014,-24.471354,2816.4102,928.9455,-20.865364
1.2091341,-17.614489,22.702606,0.020957792,-0.025568599,0.7480194,24.40844,18.207243,5.3072205,-2.459884,25.054062,0.10137817,0.67805934,-2.4608266,8.438476,22.835436,647.6392,1682.9463,0.0,1729.976,1050.487,-21.00088,2820.3113,799.9642,-18.61891
1.1579045,-18.119514,23.508204,0.013287779,-0.02817663,0.71860933,23.590027,20.36911,9.160678,-4.5369077,19.219725,0.12216986,0.79490405,-4.609016,3.8765602,18.081251,454.8568,1740.231,-6.061007,1437.1117,1282.0728,-16.794321,2504.5247,710.476,-15.438686
1.1106728,-17.845787,21.297861,0.011681671,-0.03400372,0.6632878,22.969086,21.1477,11.94651,-6.2703495,13.440606,0.12216986,0.79490405,-5.6741786,1.6475042,16.541178,527.3807,1750.9204,-2.514353,1260.8578,2309.1406,-11.960734,2372.1409,692.30304,-14.898236
1.0523444,-16.258907,20.129093,0.029967716,-0.03330281,0.73271126,19.816814,21.382767,12.156207,-5.0412493,13.291645,0.12216986,0.79490405,-5.423962,4.19141,13.795638,536.41565,1865.5277,-3.338084,1219.5725,2314.7349,-13.968225,2363.051,663.3777,-12.348886
1.0846983,-13.399188,16.915516,0.036629878,-0.031437963,0.83768183,14.806004,23.9189,11.023319,-9.400596,13.20283,0.12216986,0.79490405,-5.2549744,4.878939,14.416753,572.2139,1591.359,-1.0023218,1374.5688,2028.3964,-13.863544,2524.3538,453.7911,-13.102506
1.2054029,-9.668641,13.588389,0.02720482,-0.028363109,0.83378,7.857778,28.78386,10.729339,-13.040112,13.167407,0.12216986,0.79490405,-5.4977393,3.2289298,14.5386505,539.59296,1388.3529,-0.7487305,1765.9121,873.1948,-14.614227,2668.1174,185.31384,-13.582608
1.3416923,-5.8368955,8.867867,0.008336183,-0.027013853,0.7817097,2.5324175,32.18741,10.340896,-17.740515,13.180504,0.12216986,0.79490405,-5.2049365,3.0572894,18.272299,363.37854,1070.3845,5.3000216,1746.1469,740.2161,-12.919711,2530.3535,461.38977,-17.459612
1.4152952,-4.2574654,7.2230344,-0.00066813704,-0.02601877,0.6813896,1.1834792,33.672718,10.217849,-16.939985,13.201676,0.12216986,0.79490405,-4.1567836,3.8041837,18.332422,363.69077,1017.21173,5.1416183,1757.6925,600.4795,-12.429763,2554.7776,529.267,-17.290657
1.3916286,-4.4326997,6.733258,0.0068762335,-0.02818971,0.6242325,2.0569735,32.48988,7.448487,-15.036522,13.207729,0.12216986,0.79490405,-2.7050667,4.1989713,17.47626,355.85825,1015.80786,4.821757,1636.9896,518.7603,-11.5440445,2680.9648,639.0297,-16.075464
1.2399172,-6.471386,8.667832,0.00813445,-0.028728329,0.64344054,6.28705,28.194918,5.709877,-13.71515,13.189893,0.2864088,1.1981126,-1.771032,4.005866,16.788397,350.3076,1112.0645,4.2086883,1495.7416,734.8029,-11.33146,2596.1018,526.5599,-15.207789
1.0588709,-10.2669,12.847511,0.015664255,-0.029552395,0.6264486,12.279994,22.498598,6.6719947,-10.48734,13.16129,0.3685283,1.6013211,-1.713322,3.5310848,17.611597,365.28433,1180.1597,3.5181808,1483.0536,925.9001,-11.635189,2500.1912,763.8501,-16.131384
0.9202474,-12.534717,16.982397,0.010002158,-0.025422042,0.62433416,16.268932,18.340801,6.9283233,-7.9694448,13.150868,0.0,1.6159353,-2.0227473,3.2175343,18.8106,352.18375,1321.9547,2.4367769,1459.2568,1137.1825,-11.746427,2305.7266,1023.5726,-17.526133
0.9458074,-13.183719,18.557913,0.000884392,-0.020601232,0.5543218,14.876763,19.879135,7.0000687,-2.0681927,13.168987,0.0040775267,1.1398611,-2.3227184,2.7270067,17.672256,362.27322,1227.9388,2.0033615,1452.2574,1002.5711,-11.609189,2292.385,950.8755,-16.471687
1.0059353,-11.543309,17.65691,-0.009278782,-0.016118716,0.48294303,10.962903,22.34395,6.4667172,-2.7994392,13.196225,0.0040775267,0.66378677,-2.289649,2.3160827,15.13116,349.41544,1184.2548,1.9706532,1407.4033,855.22144,-11.652125,2368.338,630.23224,-13.765496
1.0796112,-10.646454,15.1147995,-0.00809292,-0.018664874,0.4409655,8.264072,23.619257,7.44229,-2.4122422,13.212605,0.0,0.49505517,-2.1403897,2.4720945,12.831555,365.76688,1051.138,2.4018679,1392.8423,686.597,-12.235873,2451.4827,350.49106,-11.177182
1.0868453,-10.100717,14.094204,-0.00195937,-0.02382114,0.4367815,8.73553,21.775278,11.635646,-4.7595925,13.191987,0.0067353845,0.4138036,-1.8380169,3.4060156,14.055775,363.82114,1027.3341,2.3073015,1393.8344,627.0287,-13.250745,2468.8704,212.2535,-12.176125
1.0968474,-9.423232,11.726752,0.016972909,-0.025366774,0.5336274,8.696903,18.800955,12.399888,-3.8495274,13.166347,0.0,0.3684744,-1.5038939,4.608991,14.215359,355.5585,1036.7964,1.1278379,1405.9956,606.20184,-14.411984,2420.8047,291.62622,-12.295048
1.0745718,-9.399446,12.017514,0.0044976673,-0.023005446,0.6491129,9.153089,16.808691,15.348278,-1.8262472,13.153748,0.0114567885,0.40439674,-1.1573869,5.130477,13.790904,361.35632,1039.9183,0.52107173,1434.9926,596.78754,-15.275856,2395.952,382.66367,-12.008995
1.0549365,-9.040627,12.013149,0.0006146946,-0.017983258,0.6435905,9.648939,14.519733,13.979649,1.0855752,13.166253,0.0,0.53798187,-0.93232566,4.837724,12.609615,355.2136,1107.3889,-0.092091955,1425.9594,669.4655,-15.566811,2357.1506,492.6378,-11.066648
1.0150881,-9.085738,11.808507,-0.021723844,-0.013951041,0.55399626,11.385516,12.797595,16.86595,4.7105517,13.190578,0.011717803,0.83412045,-0.5746853,4.186673,14.99263,325.11038,1250.2646,-0.28150478,1405.0887,779.5363,-16.167421,2315.2136,566.0313,-13.622207
0.9492083,-9.54075,12.244527,-0.013551875,-0.008647315,0.4419013,14.657154,11.863688,14.761837,7.8960114,13.197547,0.011717803,1.1302589,-0.4636712,3.7298496,18.6034,315.85464,1315.7667,-0.20407398,1333.8134,855.8383,-16.621038,2312.8418,531.4235,-17.254091
0.82809305,-11.388055,14.6567,-0.01815586,-0.009175525,0.46700335,18.463778,11.974686,13.151631,8.394107,13.190112,0.0,1.3160259,-0.79571205,3.8050213,21.96489,301.04547,1476.8693,0.3243955,1293.2261,1063.6918,-17.33029,2275.6736,648.3999,-20.558004
0.70485973,-15.006419,19.73404,-0.009416241,-0.013838527,0.5171467,23.529314,14.0931015,10.362035,8.443238,13.147876,0.005814506,1.3033171,-1.5546017,4.3096323,21.119677,349.09543,1359.7961,1.9156194,1287.809,1084.2416,-16.187439,2286.2637,696.15643,-19.757496
0.7129281,-14.575654,18.504469,-0.010535526,-0.020226596,0.54352206,19.012117,21.619848,5.4274907,1.743967,13.083202,0.0,1.7438402,-2.1070037,5.210092,17.247213,355.389,1378.5748,3.1901472,1297.1245,1195.3038,-13.629684,2343.294,549.9446,-16.09806
0.83298516,-13.345296,15.178326,-0.012075138,-0.017569488,0.5118279,13.563229,26.5231,2.6781547,1.5808034,12.921028,0.002205193,1.3261255,-2.461966,4.509399,12.063113,381.218,1204.4854,4.752325,1339.6582,1039.4116,-10.000274,2391.4583,378.7037,-11.06496
1.0069984,-10.049533,11.622719,-0.020406388,-0.0154369,0.46304238,7.330101,26.864801,-1.2872318,2.1517527,13.825459,0.0024297112,0.9084107,-4.9956336,0.16537063,9.042757,378.90598,1270.306,6.8803153,1407.2725,1073.0858,-7.0034785,2387.6472,539.59863,-8.1113405
1.0644083,-10.434249,12.654721,-0.01465083,-0.010569415,0.45561615,10.417827,19.986235,-0.9950592,8.803544,20.769148,0.3352525,0.029760443,-2.7506323,8.012932,19.668371,660.7481,1192.9264,-2.1698208,1682.625,926.95734,-10.801251,2717.762,671.39795,-18.191662
1.0716509,-11.802945,14.500117,0.0035460938,-0.01340532,0.57661325,15.80204,15.071842,4.5689797,10.254472,27.87113,0.6676262,0.022056738,0.53318006,16.5859,32.545673,899.2905,1248.3604,-10.7578125,1907.1381,981.4025,-20.65094,3020.6787,867.80664,-29.981277
1.1074586,-15.425426,18.858482,0.032874767,-0.015063021,1.1116263,22.780947,13.838063,6.786467,5.7708783,33.964657,0.6667196,0.0444018,6.5335026,27.1303,42.362537,893.78125,1219.7203,-11.896436,1812.8228,957.0505,-24.601282,3007.3582,710.7959,-38.043293
1.2020508,-18.910696,24.157005,0.03968108,-0.018741453,1.3695192,29.411081,12.685126,8.643227,1.8866769,34.047028,0.34704992,0.8143702,7.336357,22.258156,40.001736,606.12555,1351.1958,-1.925067,1510.3252,1099.2168,-22.981836,2599.5525,829.1092,-34.021328
1.2959427,-20.305851,27.87055,0.04293489,-0.017745707,1.3667936,33.3867,11.648866,5.154328,-2.7545846,34.032333,0.017617479,1.1436456,6.7933335,15.64851,33.796585,323.7784,1450.1525,6.835886,1201.1378,1123.8054,-15.81747,2236.6611,745.00757,-27.300077
1.3382473,-19.204178,27.639427,0.034174066,-0.015562433,1.0410638,33.919033,8.179191,4.622549,-2.279719,33.85966,0.023573764,1.2873322,5.6955705,8.2149515,30.723856,549.3525,1427.9565,0.0,1485.4706,1048.8038,-16.150509,2619.7673,701.4048,-25.493032
1.3068475,-15.507343,27.132692,0.032572974,-0.006678447,1.1850109,31.286577,6.601439,4.8184643,-1.0728207,33.56963,0.01213912,0.78704804,5.009993,2.3669388,22.957764,508.59726,1445.1088,-20.100431,1482.7313,956.13086,-16.39934,2661.407,691.79865,-19.999891
1.3708938,-12.941924,24.152185,0.033622425,-0.0041323397,1.3348423,29.36378,2.6228156,5.597643,1.773766,33.24562,0.012824058,1.3331618,4.2742057,-1.1843594,16.35476,532.6454,1354.5536,0.0,1527.7001,889.3745,-15.116252,2673.0315,710.9651,-15.447309
1.4836836,-10.45044,20.506052,0.0342811,-0.0064077885,1.3391079,28.358618,0.0057369866,7.8549933,6.845843,32.7653,0.015858656,1.4603816,2.56077,-1.3986906,11.653968,312.584,1348.1777,-0.5692196,1280.0328,922.054,-12.305656,2297.5088,795.019,-11.830112
1.626502,-9.361073,14.673168,0.023079494,-0.015098539,1.1903633,29.07264,-6.984595,9.246205,7.86977,32.29167,0.014659584,1.4193877,1.9770393,-0.3745532,10.890892,365.24808,1206.8334,-0.41630903,1322.2546,904.5085,-8.730128,2232.1172,790.7912,-11.307201
1.6581186,-6.9765053,10.690377,0.009897779,-0.020543538,1.220435,29.09183,-10.839938,10.701098,9.372088,31.882715,0.014548458,0.6154327,2.4773254,0.86452246,12.061501,346.85815,1254.9215,-0.45770407,1318.3177,901.6849,-10.825015,2212.9124,803.1816,-11.921441
1.633057,-5.6625257,8.829313,-0.0030638184,-0.021000529,1.0867292,28.879492,-12.893249,11.150128,8.49084,31.732285,0.015180399,1.2180504,4.0134597,1.6446813,12.6268835,305.92242,1382.959,0.0,1292.7115,940.1887,-10.992593,2183.783,868.04956,-11.586629
1.5491213,-5.764091,9.12041,0.008428052,-0.021969212,0.9035897,29.367813,-11.113606,10.732525,8.365017,31.622293,0.019239584,1.318418,4.0644717,3.9454052,16.425669,274.34192,1504.5615,0.0,1273.2445,988.5078,-13.271665,2175.6572,933.4656,-14.803165
1.4702622,-7.691164,11.997437,0.018530225,-0.01710547,0.737689,31.757065,-8.497487,10.008495,5.832554,31.481104,0.016196975,1.8714399,3.6195729,7.7865834,23.319399,568.76917,1420.5205,-9.426238,1571.8707,1059.9899,-18.135288,2529.7024,912.3535,-22.27633
1.272535,-10.444996,17.046913,0.039980415,-0.01194667,0.8735783,32.801495,-5.2513843,8.604622,0.45642376,31.38836,0.0076259957,1.0272039,3.4700897,11.793285,28.38236,823.81525,1301.4564,-13.083083,1825.6069,1100.3442,-24.045542,2850.8635,829.3884,-28.984436
1.093788,-14.180568,20.953558,0.022431819,-0.010508164,0.99081296,34.08661,-0.35613713,13.655309,-0.022217274,31.46538,0.0055408604,1.4806905,3.4714196,12.083449,28.084465,823.1939,1441.25,-15.347686,1815.292,1311.7441,-26.871187,2854.8806,861.1927,-30.951141
0.9424257,-16.103983,23.135674,0.018878495,-0.013128127,0.92499447,32.619312,3.6366966,12.933651,-0.9280073,31.672935,0.006262384,1.9217448,3.2520998,8.743001,25.928299,763.59845,1516.5304,-14.754699,1785.0236,1282.839,-23.699347,2858.0789,858.8647,-29.79212
0.90184283,-17.027863,24.225973,-0.012917444,-0.013692773,0.76892906,31.72995,6.93076,12.5140915,5.835033,31.62023,0.0069469674,2.0234787,2.9427655,3.8140213,23.796667,772.21466,1603.021,-14.6073,1818.3981,1293.3228,-18.926714,2849.7546,881.93414,-26.65098
0.94946486,-14.820956,23.25728,-0.006469227,-0.013978821,0.68556213,29.807898,5.137464,7.3693633,6.8083787,31.44422,0.014543091,1.8353289,3.115345,1.5088487,21.61344,810.8438,1425.171,-11.826004,1860.3995,1165.0635,-14.90303,2847.9578,911.0827,-21.686457
1.1256437,-12.576442,20.86257,0.0057518804,-0.010187066,0.77165407,28.765215,1.8702561,6.337645,9.936025,31.208307,0.027515685,1.4837637,3.7640743,1.5402182,18.51145,584.08374,1413.9312,-3.916685,1576.5786,1136.5548,-12.825081,2495.9421,917.0324,-15.780354
1.3465072,-10.135451,15.342903,0.026885048,-0.015261762,0.837104,28.074244,-2.5790193,7.1806674,7.7365823,31.23303,0.033732746,1.9149141,4.3761525,2.6706553,16.71511,354.3684,1344.4152,4.5593877,1299.0306,1073.8531,-11.940983,2197.3015,910.7684,-12.155723
1.4938427,-9.546163,14.270782,0.03761776,-0.017517915,0.7619934,27.602867,-3.3425958,8.995522,9.09129,31.324968,0.02393826,2.2805862,4.555039,4.0689683,18.719759,343.65308,1285.3469,4.9794445,1291.5825,943.0974,-13.25341,2236.967,829.8007,-13.740314
1.472288,-10.490231,14.407906,0.02593342,-0.021377541,0.6690013,27.015982,-1.553835,10.931294,10.004279,31.418365,0.009600588,1.9445959,4.603992,6.432846,21.365112,351.62924,1251.8721,4.4266124,1327.9436,915.532,-13.438174,2294.1082,831.05914,-16.938501
1.4419698,-11.28567,16.419943,0.019428166,-0.021682477,0.67186236,27.601633,0.68738914,12.210645,5.9361625,31.536995,0.004295376,1.8195838,5.0796824,10.587621,25.423943,356.42667,1226.9907,3.4550133,1326.4818,894.7529,-16.440529,2332.9316,795.2573,-21.968931
1.3358192,-12.533862,18.104757,0.021497652,-0.018092908,0.75013083,27.847132,3.21816,11.110886,2.3629243,31.667536,0.0048222016,1.2420325,6.0363216,16.186125,27.113585,341.5836,1352.8446,2.7049663,1309.6924,998.3753,-19.212612,2377.7073,805.1809,-24.40862
1.2386564,-14.805987,20.251799,0.019379117,-0.019341478,0.71391565,28.328669,8.072559,9.329636,1.7774239,31.856882,0.004300107,1.2854811,6.49135,18.153746,28.759363,524.94824,1389.8612,-1.9976841,1519.4528,1016.47217,-22.049911,2627.7998,828.4487,-26.779966
1.0985833,-17.406069,23.170088,0.025551727,-0.017003054,0.565036,27.857092,13.616504,6.3548927,4.5576477,32.08817,0.009864106,1.1174933,4.6822124,16.613415,30.329453,684.63525,1493.1636,-7.6035933,1718.5013,1126.4342,-24.83384,2839.7754,945.65283,-29.956263
1.0509006,-19.128471,25.062433,0.011412129,-0.019867277,0.4690418,28.406588,16.673237,6.555918,1.2904457,32.264362,0.010775942,0.9037719,1.1414145,11.891545,30.19076,691.0639,1452.9818,-10.442004,1691.5609,1126.7703,-25.478922,2830.282,852.175,-32.65598
1.0531245,-19.783142,26.914137,0.0061491956,-0.01840867,0.4575101,27.606653,18.721663,7.56669,-2.0638769,32.362595,0.01576421,0.7163757,-1.2964607,9.977016,30.420443,520.1778,1389.9155,-73.859245,1465.0951,1147.4698,-84.15815,2591.337,761.854,-90.13984
1.4304718,-18.55406,28.016146,0.009752423,-0.02079697,1.5396395,26.924871,19.728146,1.4129982,0.79793197,0.0,0.0,0.0,0.0,0.0,0.0,349.86426,1398.5018,-136.10628,1245.0088,1133.3337,-141.86665,2317.507,761.07526,-144.34169
1.5521717,-21.736029,32.74644,0.012483001,-0.025336323,2.96436,27.224527,25.27005,0.92524403,4.704003,0.0,0.0,0.0,0.0,0.0,0.0,522.6729,1347.7089,-146.70154,1564.7466,1033.4982,-147.99744,2626.5857,782.07666,-147.96362
1.5802549,-23.62645,35.166416,-0.014094724,-0.029569572,3.981578,24.274454,29.46699,2.858696,10.65591,16.686766,0.0,0.0,-1.225335,6.3577504,33.23118,457.19156,1547.1676,-83.885796,1565.0585,1190.9515,-93.033264,2587.421,962.2719,-94.93154
1.2003616,-27.132006,37.33125,-0.061742812,-0.03067006,3.9118273,22.292551,32.58598,11.730268,15.190949,16.873465,0.0,0.0,-1.6538206,7.920584,31.059408,457.34885,1467.0663,-21.341347,1627.3002,1106.1652,-35.860332,2667.5852,906.3835,-38.507824
1.032958,-28.389883,37.751354,-0.098587684,-0.026925085,3.240668,20.86275,31.726273,16.425604,21.057924,16.830767,0.0,0.021881327,-4.110128,9.264007,26.326048,279.56946,1660.6442,-11.603919,1442.5121,1910.4072,-29.871017,2199.315,1121.7125,-32.552315
1.0855083,-27.102493,36.81591,-0.09019143,-0.025868082,3.1485875,25.28595,25.305067,16.190214,21.023418,16.471514,0.013127454,0.02002039,-8.621161,9.960221,24.348177,354.6272,1426.7328,-9.16373,1489.3177,1685.0939,-25.729677,2281.1487,950.3797,-26.214806
1.2158637,-24.410242,33.9342,-0.07590608,-0.023498856,3.3327398,26.923492,19.727633,17.800308,21.79457,15.283488,0.0,0.016298516,-10.735963,6.800693,21.104353,360.88504,1374.9634,-6.2105637,1477.4169,1597.7402,-23.592232,2297.952,870.0959,-22.026896
1.3999864,-19.000177,27.744934,-0.05624901,-0.020753274,3.2176235,25.8944,14.473373,16.49523,22.077707,14.422608,0.0,0.016298516,-9.633139,-62.477413,-47.184063,374.78848,1148.9111,-5.048783,1428.0416,743.639,-23.397608,2509.1182,706.1157,-20.034132
1.4584202,-14.199071,21.144623,-0.036770727,-0.01894022,2.7840135,22.068811,10.548738,15.711647,19.791945,13.559563,0.0,0.016298516,-6.229793,-66.04551,-53.59775,377.45068,1080.6232,-5.4079623,1433.4175,643.7548,-23.268644,2482.2354,695.10724,-17.838377
1.4987879,-12.336108,18.777468,-0.038981076,-0.0203041,2.0876105,20.42986,7.726921,19.012323,17.290932,13.2720175,0.0,0.261692,-4.719767,-66.36338,-55.62093,385.20108,1000.04614,-5.9798303,1451.9003,556.3753,-22.132032,2465.853,672.78937,-16.838736
1.4832379,-10.023349,14.377885,-0.024547393,-0.02596206,1.919531,18.78039,5.167134,21.220015,14.48157,13.102201,0.18009898,0.38438874,-4.102548,-2.2516222,7.5455656,391.69177,879.936,-71.1775,1450.0087,438.81714,-81.318535,2409.1335,567.84576,-77.82338
1.3978518,-11.514316,14.475427,-0.038913544,-0.029256934,1.548821,20.003225,5.780684,25.672766,15.179605,0.0,0.0,0.0,0.0,0.0,0.0,390.8895,877.1704,-136.07425,1465.187,458.09427,-140.55302,2383.279,593.5577,-139.38873
1.1977496,-10.473767,11.15241,-0.018243032,-0.031030416,1.3236226,22.023417,2.3555253,19.901604,9.158166,0.0,0.0,0.0,0.0,0.0,0.0,392.5143,968.8571,-201.0,1427.5527,639.0975,-201.0,2335.246,615.07916,-201.0
0.98730993,-12.448796,14.926478,-0.033648197,-0.02669192,1.0327196,25.387354,-0.3224744,17.889097,8.860229,0.0,0.0,0.0,0.0,0.0,0.0,377.19214,1168.4863,-201.0,1351.9888,851.15265,-201.0,2283.0095,676.6468,-201.0
0.81814283,-11.903447,15.423205,-0.028616471,-0.025641525,1.028674,26.694643,-3.4198463,14.42623,4.8247585,0.0,0.0,0.0,0.0,0.0,0.0,385.319,1304.8739,-201.0,1315.9596,1072.0961,-201.0,2223.2979,790.9177,-201.0
0.73597765,-13.998786,19.537352,-0.047863588,-0.024112409,0.8779648,27.987822,-2.5038092,17.978098,7.602464,0.0,0.0,0.0,0.0,0.0,0.0,384.0607,1382.501,-201.0,1321.3867,1145.9583,-201.0,2199.382,907.3936,-201.0
0.70610446,-12.316447,16.889858,-0.039326966,-0.020499764,0.7413241,28.034262,-4.903107,19.449095,5.8194366,0.0,0.0,0.0,0.0,0.0,0.0,390.63437,1443.4814,-201.0,1326.7008,1240.2971,-201.0,2161.4277,976.0854,-201.0
0.6968017,-14.079758,19.88011,-0.05556199,-0.015242237,0.69635075,30.529625,-6.3830566,23.922806,9.613323,0.0,0.0,0.0,0.0,0.0,0.0,604.564,1395.5673,-201.0,1555.5499,1145.3046,-201.0,2446.8838,918.9205,-201.0
0.68898314,-12.127814,17.699408,-0.051208515,-0.01246357,0.69997054,30.00894,-9.490495,23.02521,9.002846,0.0,0.0,0.0,0.0,0.0,0.0,612.8263,1379.8828,-201.0,1535.3297,1125.0034,-201.0,2436.4758,861.57745,-201.0
0.69744664,-13.847153,20.277391,-0.05717126,-0.012266304,0.7057677,29.903086,-6.515981,23.168983,12.618844,0.0,0.0,0.0,0.0,0.0,0.0,581.58374,1379.5658,-201.0,1533.5752,1048.7839,-201.0,2468.86,831.5879,-201.0
0.6982886,-13.215729,20.430765,-0.044884365,-0.013646752,0.62386817,26.6355,-2.5106182,20.646143,12.599442,0.0,0.0,0.0,0.0,0.0,0.0,607.8786,1344.9528,-201.0,1572.8356,1031.1917,-201.0,2510.8542,805.67334,-201.0
0.7194894,-15.413556,23.847223,-0.050866622,-0.010024899,0.6422177,25.080187,2.9524238,22.044312,14.95328,0.0,0.0,0.0,0.0,0.0,0.0,875.96533,1232.542,-201.0,1887.8018,917.27637,-201.0,2867.2048,743.71844,-201.0
0.7395986,-14.576031,23.445574,-0.04216035,-0.009694889,0.64144397,22.95347,4.096577,20.946608,13.53402,0.0,0.0,0.0,0.0,0.0,0.0,1183.8646,1078.764,-201.0,2193.2021,845.7168,-201.0,3190.7844,689.63525,-201.0
0.88385624,-12.405984,20.455994,-0.042620182,-0.005570585,0.6867954,18.280706,5.057881,24.236206,10.727565,0.0,0.0,0.0,0.0,0.0,0.0,1202.7898,1065.7247,-139.92192,2187.9688,732.4836,-142.41022,3169.8074,696.19403,-141.76591
1.0350823,-7.937165,13.135413,-0.025003044,-0.009437746,0.6829243,13.244878,6.4542136,27.16079,2.4295244,32.602356,0.0,0.0,2.8253028,21.763687,26.949118,1278.8066,1054.5864,-80.5963,2164.9055,589.3274,-85.34338,3198.9685,739.69867,-85.070465
1.1974218,-9.629874,13.838448,-0.017150206,-0.014093096,1.1938357,14.844268,10.991788,28.74775,-4.5146346,32.63542,0.0,0.0,3.3772762,23.300009,29.595755,969.83514,1244.484,-20.394447,1838.2919,781.89746,-23.750343,2940.9968,654.4486,-28.907553
1.2266928,-12.975139,18.68947,-0.008608007,-0.018690223,1.2280642,21.183023,14.423923,24.427977,-7.53813,32.692524,0.0,0.0,4.3240314,25.907019,34.43587,931.3237,1255.6556,0.0,1902.2865,778.6164,-26.725183,3011.0564,574.97577,-32.236813
1.1889477,-17.826654,26.88942,-0.002452895,-0.01581717,1.352623,28.628418,15.583253,18.303904,-3.9183578,32.723434,0.0,1.0511918,4.349483,24.608454,35.373722,545.3023,1433.8214,-16.7179,1563.4908,1015.3,-22.606384,2664.3865,539.6379,-32.27239
1.1209736,-17.842995,29.513414,-0.001405091,-0.01402313,0.86011964,29.245134,14.335899,13.817342,-2.2489626,32.74143,0.04419792,1.1566988,4.0698814,18.71816,33.728966,769.8692,1219.3258,0.0,1881.42,839.2739,-28.22724,2902.6582,637.0097,-30.62356
1.0701478,-19.430374,30.107546,0.00726607,-0.012814737,0.8803304,29.025665,14.338231,13.6220045,1.4348601,32.730705,0.03435326,1.4263301,3.5598373,9.326077,29.53386,531.11206,1283.6704,-5.749119,1543.0599,1042.9596,-18.933878,2558.565,717.87006,-27.122864
1.0774574,-20.123652,30.33487,0.0057353103,-0.015158004,0.7414647,28.627556,15.123227,15.116471,1.4195119,32.662052,0.028638177,1.7576202,2.9501915,1.2904619,24.196228,549.81586,1285.1042,-3.6832645,1581.975,1112.2262,-13.515565,2586.5212,823.9114,-22.733965
1.2452816,-17.943459,28.220957,0.008492373,-0.022774974,1.1899935,27.020384,17.413628,9.509502,-6.1020665,32.47631,0.013732053,1.7783803,2.3267791,-3.4114685,18.320364,351.2754,1347.5599,0.38359642,1247.1603,1108.3715,-2.5835578,2371.9973,688.3581,-17.93677
1.487464,-13.100614,25.224215,0.0041527785,-0.030379796,1.2696824,23.368189,16.201157,-0.21352927,-12.791434,32.19805,0.025800148,1.7911263,1.3130041,-4.8819604,13.890434,328.3782,1370.5983,-0.71744204,1181.597,1027.4917,-1.0764408,2415.9226,535.462,-14.607876
1.801288,-7.9311924,20.992584,0.011178712,-0.03876835,1.4471537,18.748337,13.919492,-6.4586587,-19.651712,31.812017,0.023903077,1.1840281,-0.06752583,-4.511316,11.816499,527.6751,1199.6188,-1.8024167,1480.0273,807.09125,-3.2151334,2690.8245,374.1548,-13.065528
1.8995143,-6.2816024,17.871328,0.010753681,-0.03797863,1.1464702,17.268759,9.628338,-4.603042,-14.138325,31.459816,0.024919348,1.1539987,-1.6511155,-3.6386616,12.150083,719.3284,1207.246,-2.2161677,1793.1517,779.7061,-5.0582533,2919.3728,459.38757,-12.785503
1.8639289,-6.246071,14.158203,0.022255562,-0.03604186,1.1646599,17.166388,5.6787734,0.11692663,-12.556764,31.094711,0.014659311,0.77664065,-2.7664983,-3.2671928,12.385186,730.29767,1239.6075,-0.42151165,1847.7301,884.92303,-8.762523,2860.3665,617.6036,-11.225949
1.711841,-8.119298,12.80402,0.015667312,-0.03377891,0.9877989,19.041777,4.0783067,3.2249727,-7.9181924,30.815142,0.020135013,0.6640614,-3.2430184,-3.41418,12.406742,671.7858,1442.5004,3.7158203,1732.8994,943.396,-7.940122,2829.258,571.35614,-8.357076
1.5873117,-8.975324,11.233235,0.015916286,-0.034011517,0.9029484,18.463242,2.5518606,4.388794,-8.262029,30.530724,0.020088116,0.3261397,-2.9774325,-3.9528873,13.601598,506.44482,1414.7145,10.237176,1542.7823,1083.6553,-6.798451,2540.5017,700.2387,-5.525326
1.5086936,-10.770757,12.652074,0.008150071,-0.0407875,0.76024324,19.912796,4.912105,6.303917,-10.689189,30.321192,0.020088116,0.3261397,-1.8045106,-4.22387,12.596997,537.66644,1295.7538,15.831273,1646.1315,1058.8752,-5.2381477,2522.9114,828.59515,-0.27738604
1.4508123,-11.710426,13.377492,0.014289181,-0.0428825,0.66695744,19.434263,6.1637235,5.6314034,-13.74908,30.163633,0.029310295,0.62649864,-0.34215,-4.348601,11.499893,417.03763,1110.5914,19.302828,1553.9293,1096.327,-4.501121,2269.4922,1053.3066,3.4543335
1.4227538,-12.182739,13.710122,0.011561848,-0.044289827,0.6234034,19.73562,7.698178,8.394277,-15.574559,30.052248,0.029828025,0.6914499,1.139145,-4.506638,8.949456,411.86966,1001.10297,19.71728,1561.9899,881.836,-5.3362575,2297.9814,995.65497,6.261184
1.395717,-13.040901,14.674396,0.019376995,-0.044707313,0.71835256,20.503038,7.238669,8.461978,-15.802066,29.950651,0.047302168,0.66121763,1.9612494,-4.684415,9.265156,408.84164,984.2155,18.786646,1550.2987,816.29816,-6.4463577,2312.6816,995.12286,4.8370757
1.3613209,-13.607616,15.403481,0.010007474,-0.047084887,0.8152291,21.891165,7.3788323,7.0845027,-15.909565,29.843302,0.0421192,0.7014106,2.05983,-4.3344846,9.668521,427.90945,1017.75665,17.666906,1645.1611,822.89484,-4.4524946,2148.8738,1496.2623,3.6639004
1.3467301,-14.748515,17.059368,0.021206684,-0.04852481,0.82997495,23.59487,6.7083244,5.3166003,-15.706326,29.722914,0.040240414,1.1492654,1.4964962,-3.5037544,10.04868,422.6888,1096.3644,15.811932,1616.5967,975.606,-7.114363,2102.8376,1502.956,2.2594974
1.3480517,-14.536453,16.784662,0.010546032,-0.048828047,0.7715786,24.68701,6.134073,5.9969535,-15.766797,29.58814,0.018704966,1.5776917,0.43979207,-2.1948833,10.294982,432.43164,1165.1644,12.8029375,1579.3617,1243.9259,-8.686742,2038.7178,1425.5054,0.3130722
1.3459336,-14.173176,16.224802,0.019699316,-0.04512926,0.79474944,24.932272,5.091267,8.396508,-14.528947,29.464922,0.009593531,1.4332261,-1.3381962,-0.09873772,13.088172,554.4352,1312.4269,4.7333302,1626.2001,1217.8943,-15.603886,2444.2546,828.6599,-5.7960086
1.3476216,-14.349338,16.636312,0.013689811,-0.044930656,0.7959947,25.67916,5.6613555,7.7932067,-15.058173,29.40081,0.0063878233,1.2175603,-2.2933218,1.043942,14.431431,665.507,1467.7572,-66.65174,1787.876,1168.8914,-78.30962,2666.932,854.9965,-72.91917
1.2708988,-12.924926,15.106088,0.011284941,-0.039865673,0.93340224,23.718987,7.114399,7.0679436,-11.191754,0.0,0.0,0.0,0.0,0.0,0.0,679.5288,1572.7948,-136.51595,1722.833,1583.9462,-139.8986,2612.7874,848.0003,-139.09053
1.2196327,-10.588403,13.624242,-0.010641155,-0.03959444,0.9176386,17.83138,11.520747,10.218464,-9.862855,0.0,0.0,0.0,0.0,0.0,0.0,538.3266,1331.1184,-201.0,1591.8906,1370.16,-201.0,2512.4927,724.0102,-201.0
1.2393575,-8.194274,11.424329,-0.024064923,-0.037231293,0.91094494,9.996984,19.032377,12.149666,-5.1728907,0.0,0.0,0.0,0.0,0.0,0.0,424.46045,1099.4381,-201.0,1475.1654,1127.2062,-201.0,2424.098,611.8286,-201.0
1.3649559,-4.095861,6.3902946,-0.030842314,-0.03725287,0.8375762,1.8432642,25.508041,13.101403,-9.42188,0.0,0.0,0.0,0.0,0.0,0.0,400.03836,827.8946,-201.0,1604.7738,133.92027,-201.0,2661.993,304.85068,-201.0
1.4611615,-2.5803113,4.5020013,-0.017675769,-0.03687343,0.86096,-0.9765002,28.96454,9.397333,-10.868705,0.0,0.0,0.0,0.0,0.0,0.0,401.49887,816.4453,-201.0,1628.0521,139.24391,-201.0,2624.8494,270.8467,-201.0
1.4176455,-0.75903374,0.89035434,-0.017600872,-0.036417734,0.8219935,-1.851624,27.962278,7.769808,-14.021077,0.0,0.0,0.0,0.0,0.0,0.0,411.26343,779.34344,-201.0,1652.5106,120.11907,-201.0,2651.3096,107.80401,-201.0
1.2725129,-3.5975392,4.6210327,0.0054174257,-0.035673473,0.66284555,2.1610682,24.982712,8.578632,-11.484927,0.0,0.0,0.0,0.0,0.0,0.0,407.3903,834.31915,-201.0,1618.4967,272.86594,-201.0,2613.928,345.8923,-201.0
1.0742058,-6.638573,7.664354,0.004356335,-0.03545673,0.5286699,8.680469,18.594185,8.323966,-7.3095226,0.0,0.0,0.0,0.0,0.0,0.0,412.39322,875.93036,-201.0,1567.439,449.68857,-201.0,2520.673,522.40686,-201.0
0.95263654,-10.35226,13.817487,0.01591371,-0.034183756,0.4184502,14.4339905,14.796181,8.657596,-4.3361077,0.0,0.0,0.0,0.0,0.0,0.0,413.02786,932.03046,-201.0,1513.3563,654.19727,-201.0,2412.3914,734.45624,-201.0
0.9094209,-11.27859,15.641567,0.0039045773,-0.03311093,0.3608575,14.9398575,13.731702,7.759478,-3.554207,0.0,0.0,0.0,0.0,0.0,0.0,413.70743,906.2688,-201.0,1494.4928,637.96533,-201.0,2410.79,664.907,-201.0
0.99184054,-10.550348,15.162532,-0.0008321591,-0.034274574,0.3130678,11.504131,16.496576,9.702422,-5.253753,0.0,0.0,0.0,0.0,0.0,0.0,411.0753,858.39496,-201.0,1513.4618,506.09317,-201.0,2467.6167,571.2764,-201.0
1.0573148,-9.245179,13.350403,-0.006254392,-0.035083834,0.31176403,9.329576,16.104753,10.109119,-6.0893683,0.0,0.0,0.0,0.0,0.0,0.0,406.78836,820.74286,-201.0,1510.1803,404.00424,-201.0,2487.162,497.29224,-201.0
1.0963559,-8.546158,11.8027,-0.015418294,-0.03436535,0.31125498,9.608537,13.868023,12.859951,-3.564289,0.0,0.0,0.0,0.0,0.0,0.0,404.37497,846.96405,-201.0,1495.1959,424.85855,-201.0,2465.7693,490.4589,-201.0
1.1069716,-7.282232,10.415821,-0.012229849,-0.030987581,0.33882865,10.275523,9.566593,14.595837,-2.500019,0.0,0.0,0.0,0.0,0.0,0.0,396.3306,892.4077,-201.0,1463.5702,466.2825,-201.0,2425.1582,500.45288,-201.0
1.0874624,-6.868345,9.990942,-0.01986091,-0.02503897,0.3805035,10.864726,7.7194963,17.492388,0.66695833,0.0,0.0,0.0,0.0,0.0,0.0,392.32852,950.1473,-201.0,1449.9775,507.0642,-201.0,2418.9792,542.0217,-201.0
1.0816655,-7.2559147,10.841403,-0.012930561,-0.021574164,0.41852808,12.077344,6.82258,16.77406,0.4707372,0.0,0.0,0.0,0.0,0.0,0.0,384.04004,993.82745,-134.71957,1425.2584,561.28577,-134.13985,2399.82,540.7942,-137.4826
1.0843178,-7.8209195,11.718296,-0.01630564,-0.01630183,0.45400748,13.766767,6.0110755,14.61618,0.2024258,35.35815,0.0,2.0272827,-14.820339,3.869492,9.673168,387.91635,983.11615,-67.77079,1452.1919,570.1563,-67.71943,2394.1782,578.2458,-74.21957
1.868783,-3.380092,11.190804,0.017576778,-0.005994275,1.3947076,10.420526,-0.68540794,2.774491,-4.41691,35.390766,0.13779026,2.0338285,-12.178768,7.856985,11.061328,630.9385,1098.0936,-1.2437296,1736.584,746.66486,-4.2979617,2636.2913,551.0591,-10.762366
2.50783,0.3264211,9.385081,0.024866896,0.0016995295,1.8285345,7.405159,-4.3238564,-5.3469186,-4.496017,35.41214,0.13660304,1.8117069,-9.413756,14.788097,13.959203,585.2199,1368.6162,-0.786227,1624.2539,926.71014,-3.2790802,2593.9783,609.242,-11.312668
3.1281016,2.384726,8.576272,0.043081667,0.005458327,2.2661283,4.3961606,-5.1555147,-13.274922,-2.6752326,35.35202,0.1342286,2.0469203,-4.911923,19.66437,16.445114,755.19476,1485.4966,0.0,1764.3066,1066.0336,-6.758261,2911.5774,569.0618,-12.277804
2.9943323,1.2001804,9.206462,0.018114815,0.0039846483,1.8620209,6.985899,-4.273776,-11.287295,-0.28387144,35.282925,0.12174159,1.7456049,-3.8360157,19.282824,18.52137,676.05853,1444.1119,1.586976,1645.9891,1012.14105,-7.122725,2881.2637,559.5947,-14.503942
2.6544178,-0.040427804,10.914823,0.016452717,0.0029570714,1.9111563,9.82608,-4.2779694,-10.226874,0.75622195,35.257736,0.11549808,1.5949471,-3.5014255,17.942461,19.290695,904.1975,1175.8597,-65.94202,1985.1683,856.9831,-75.00175,3187.4326,542.20215,-77.47103
2.0845048,-0.5476907,11.42588,-0.0029772914,0.0041693742,1.740851,12.161893,-4.626724,-7.044372,0.5699968,0.0,0.0,0.0,0.0,0.0,0.0,769.2239,1436.8512,-134.01189,1666.2428,1088.4335,-137.943,2774.6191,752.0239,-139.76894
1.439531,-3.628747,12.873225,0.0059401463,1.0807998e-06,1.2818474,13.869559,0.1649456,-2.2042105,1.0880057,0.0,0.0,0.0,0.0,0.0,0.0,513.2368,1634.416,-201.0,1420.3417,1153.6279,-201.0,2519.695,846.5069,-201.0
1.0937641,-6.0952263,14.746844,-0.0043714414,-0.0021402824,0.84134054,14.773227,4.439661,0.3767251,2.5068386,0.0,0.0,0.0,0.0,0.0,0.0,555.4978,1630.7399,-201.0,1473.265,1126.0844,-201.0,2573.0974,882.6919,-201.0
0.9302737,-9.958114,19.803915,0.0049827406,-0.005879779,0.5905563,17.059462,10.322743,1.2882069,3.4674237,0.0,0.0,0.0,0.0,0.0,0.0,501.95474,1392.8802,-201.0,1569.8365,918.9092,-201.0,2665.716,764.2354,-201.0
0.9224494,-10.140797,18.250849,-0.0018850208,-0.008795399,0.52706134,16.173914,12.6053,6.842504,3.7425587,0.0,0.0,0.0,0.0,0.0,0.0,956.0258,1180.391,-141.47414,1854.499,888.0944,-140.86292,3024.5889,555.15765,-142.94846
1.0757354,-9.389229,14.5418005,-0.0031056842,-0.014793945,0.6433229,14.251822,13.686887,14.538686,1.1373316,34.871304,0.0,0.0,3.2701151,22.816502,32.839996,1081.6869,1269.8833,-82.68789,1693.1783,956.32056,-80.824425,3009.4375,396.27682,-87.604195
1.1439244,-11.085525,13.773613,-0.009917232,-0.021372056,0.91033584,15.182553,15.294833,21.365242,4.8089623,34.813465,0.0,3.474009,4.808029,24.001541,31.48345,1085.723,1191.6373,-12.90231,1755.713,858.18976,-22.466524,2996.032,471.53214,-27.408735
1.2222612,-14.266513,17.875406,0.0032568898,-0.023484824,1.3564485,19.816359,15.526046,21.248842,11.798604,34.62968,0.0,3.0188177,7.235561,26.578997,30.295351,717.8498,1124.7094,-1.894298,1558.3427,714.2399,-23.52494,2644.274,671.5024,-22.525986
1.2508075,-18.159616,23.535463,0.021902023,-0.027638854,1.4659458,24.601463,15.322746,20.272928,15.524727,34.383415,0.009418218,2.0940602,7.315628,26.770975,23.829184,366.2173,1003.1675,9.49848,1469.7065,596.9434,-24.058998,2333.8137,816.3803,-14.330705
1.3738407,-17.83589,25.013939,0.06048924,-0.02421278,1.2329291,23.979025,12.295502,20.729788,15.834777,33.92418,0.01006041,1.2106954,6.1705365,22.990221,19.762682,366.78806,943.7415,9.861928,1480.9269,497.3025,-22.513792,2343.261,718.2492,-9.900754
1.4441782,-16.273493,23.148825,0.0683757,-0.025368908,0.93035704,21.654497,10.340657,23.489365,12.837123,33.49796,0.010428499,0.54454845,4.960957,17.347122,17.004396,357.5297,928.03094,10.128117,1482.4945,405.2253,-20.6317,2357.3933,676.96484,-6.8762803
1.4024591,-13.8301115,19.857588,0.069856726,-0.024001388,1.0305517,18.772707,10.866002,24.250448,14.401982,33.009075,0.013327382,0.33741894,3.9248657,13.6191,15.744517,352.55704,913.82495,10.673943,1492.4766,310.46707,-20.446627,2378.9758,663.47174,-5.0705748
1.4210596,-10.852977,14.327622,0.047427163,-0.028162489,1.1242392,15.947411,9.4989,22.453032,11.668332,32.708004,0.015225519,0.57320744,3.2675362,14.550515,15.21471,341.7103,927.6723,10.353345,1485.9502,256.4642,-21.102451,2383.307,659.5458,-4.8613653
1.3920854,-9.046697,12.149287,0.041078288,-0.02753096,1.0458387,14.138645,7.6526814,21.056787,9.99034,32.23258,0.014833263,0.7703007,2.061391,16.76763,15.504781,316.81735,1010.9941,9.829912,1480.848,276.62833,-24.011053,2388.5796,712.9998,-6.91929
1.4195013,-8.302158,11.524835,0.040192984,-0.02441225,0.819164,13.001751,6.872236,25.288687,8.473966,31.670645,0.018832132,0.8388424,0.72732764,20.093363,16.037386,309.87317,1026.8844,0.0,1483.4169,253.4491,-25.378357,2390.2732,746.6709,-10.586144
1.3473549,-8.391415,11.706825,0.030824661,-0.022550547,0.88222456,13.963849,9.274076,32.731472,11.592304,28.568369,0.024204759,0.42307356,-4.0056515,12.4351,14.502084,317.38235,1015.51215,3.0477517,1500.1781,251.78381,-23.048704,2391.8066,770.38965,-12.155101
1.207183,-9.029576,11.709801,0.023794651,-0.025524655,0.9471472,15.786133,11.258708,34.938084,13.784488,25.701782,0.15161426,0.53312224,-5.828039,4.908285,14.167896,328.97006,1036.6964,2.3782487,1524.7858,309.6265,-19.371088,2385.9329,856.8903,-14.516522
0.9537742,-12.29613,15.409668,0.00086062524,-0.026830154,0.99477416,21.139933,11.779401,28.853867,17.437706,23.092804,0.27007142,0.78227085,-7.046234,-3.6378791,13.574318,343.85995,1124.278,2.1363747,1472.7211,593.4006,-16.072079,2317.1394,868.9153,-15.641492
0.7545843,-14.550534,18.259756,0.0009004159,-0.027126847,0.7955718,24.88011,10.51637,20.689264,16.263905,23.071325,0.38852862,1.0314194,-4.273064,-2.6683815,15.281403,356.74368,1213.2667,1.0753516,1445.6982,853.7199,-15.948415,2261.7766,936.55963,-18.223358
0.63858247,-17.998085,23.441122,-0.014102712,-0.026038522,0.67338866,28.503477,12.67004,16.713064,15.64247,23.051851,0.38852862,1.0314194,-4.114852,-1.3842211,15.57459,380.79056,1214.5883,1.1692882,1391.4967,1023.4007,-15.91808,2219.1008,892.38184,-18.756441
0.62393564,-17.389812,24.067282,-0.0018397868,-0.021412643,0.47755405,28.431223,11.576537,16.050596,13.013255,20.79609,0.38852862,1.0314194,-4.1700325,2.546779,18.54613,369.70792,1302.6443,-0.4710571,1394.0311,1094.3851,-14.472279,2229.002,1005.85175,-17.042818
0.61768055,-18.592367,26.826315,-0.012625866,-0.019061038,0.45349255,30.350683,10.950143,19.653008,12.312758,18.5435,0.38852862,1.0314194,-4.647492,6.2684703,21.839012,366.6582,1294.3118,0.58563274,1361.5435,1084.3242,-13.3145,2223.985,961.236,-15.780328
0.6032806,-18.210608,26.32094,-0.007526051,-0.016781893,0.40181783,31.564428,8.328298,22.248062,10.118296,16.308214,0.38852862,1.0314194,-5.1007566,8.489581,24.575144,366.71524,1283.8755,1.4146515,1369.4155,1086.9222,-12.382007,2196.4646,976.83844,-14.617303
0.58376867,-19.363497,27.099325,-0.023325542,-0.019130649,0.42503664,33.92101,6.8659077,24.022774,9.866585,18.55175,0.38852862,1.0314194,-8.428676,9.216723,21.92901,376.5642,1238.1598,2.7371175,1356.6766,1069.299,-13.930748,2163.5422,917.8538,-15.997035
0.5675225,-18.999065,25.71412,-0.016076332,-0.0221181,0.4954587,34.76895,5.9364047,21.618624,8.146558,20.812176,0.38852862,1.0314194,-8.9751005,9.7353735,19.407219,376.85474,1390.7054,1.775824,1309.4532,1339.4979,-15.015853,2078.9797,931.55096,-17.236559
0.54683334,-19.239069,25.247658,-0.027849616,-0.024756199,0.5680983,34.419468,6.6577797,20.43279,8.313305,23.064976,0.38852862,1.0314194,-10.648341,10.859867,17.371073,383.6481,1392.253,-66.493546,1316.7032,1370.0045,-77.70846,2062.1074,964.3942,-79.40592
0.54366964,-17.963598,23.847319,-0.017339218,-0.026073143,0.5939298,31.565636,7.6839843,18.448042,6.9569154,0.0,0.0,0.0,0.0,0.0,0.0,381.2256,1381.6456,-133.5244,1348.9491,1323.7128,-139.22673,2109.0774,986.72504,-140.29323
0.7251246,-13.230034,18.929268,-0.018602505,-0.019984787,0.6354842,21.358599,12.875141,20.923735,-1.4493347,0.0,0.0,0.0,0.0,0.0,0.0,614.795,1570.2085,-140.56517,1636.5732,762.93866,-139.33604,2520.854,802.4384,-137.29568
1.2905358,-6.6615086,11.551951,0.0031728812,-0.02203843,0.8733347,9.249084,18.346506,14.819669,-12.4460745,35.06796,0.0,0.0,0.91949606,9.060478,14.786624,641.0117,1516.6973,-72.47397,1741.5299,1781.4186,-78.097855,2509.2766,510.8679,-76.05749
1.7786617,-4.9303756,7.98237,0.014743023,-0.029452376,1.2333711,3.6931732,23.891785,7.264223,-22.804232,34.816135,0.0,0.0,1.8236622,12.089656,21.282412,775.3321,1439.5074,-5.8169556,1956.4056,1657.9454,-20.515047,2795.8323,174.88416,-18.540789
2.0313623,-9.2759695,11.149666,0.03455968,-0.04182574,1.4563408,7.8652434,25.494211,-5.7353063,-22.208017,34.516834,0.0,0.0,3.3732471,17.552465,29.369383,717.535,1104.8408,-3.6753166,2005.5493,1847.1837,-23.692612,2877.884,139.55907,-23.921698
1.8614558,-15.50267,18.872534,0.029838607,-0.045024935,1.3293599,16.053114,25.57492,-11.606166,-18.950739,34.362904,0.0,0.0,4.1688995,14.539647,34.15193,613.103,1353.4491,-7.14976,1766.1122,835.0137,-18.370285,2924.8308,265.5396,-27.296463
1.7605172,-17.203402,23.871748,0.031487558,-0.041229427,0.9738727,19.732185,24.510397,-14.395809,-15.841044,34.341618,0.010321623,0.8548067,4.1436152,10.346218,33.131275,688.7404,1390.6844,0.0,1837.5273,852.1756,-17.289724,3049.0723,430.18137,-25.896322
1.6796999,-18.271017,27.773003,0.03128165,-0.041458175,0.7816477,23.0579,21.349379,-14.292712,-16.71329,34.20877,0.011103098,0.8337036,2.9136693,5.569534,33.491947,680.31726,1369.7827,-1.8124324,1798.2885,910.8606,-14.721024,2999.932,513.6282,-26.396095
1.6215248,-18.815104,29.285242,0.049161162,-0.044056434,0.72677416,25.960787,18.2333,-14.362954,-17.433115,33.893124,0.01722628,0.6856268,1.358468,0.78068304,30.459974,924.739,1131.34,-1.5836586,2182.002,808.0718,-21.989008,3335.9363,602.64484,-23.163027
1.5188864,-19.333231,28.562632,0.048367247,-0.04939125,0.8671083,28.97672,13.889861,-14.704459,-17.091688,33.54793,0.012318388,0.7576011,0.8655815,-4.172094,29.723831,680.65826,1319.6024,-2.3394136,1767.9785,984.9226,-13.822315,2878.9482,684.65814,-23.178957
1.4862694,-18.956013,27.386374,0.03919625,-0.050574426,1.0124074,29.872824,9.044263,-12.486343,-17.405989,33.22166,0.009765784,0.7389237,1.4020987,-8.425088,24.588211,513.8521,1446.5996,0.0,1462.9799,1188.9923,-10.1992855,2539.3613,781.0908,-19.621923
1.4807304,-19.058372,26.799347,0.030155694,-0.04959759,1.0776991,29.495247,4.3997283,-9.753943,-19.075037,32.92099,0.011295085,1.4041315,1.9526666,-10.880689,20.294685,288.12625,1695.6958,2.092322,1109.7482,1402.1436,-2.739785,2185.8943,819.0301,-17.40773
1.5557381,-19.437218,28.051134,0.026671588,-0.048407074,1.0981065,28.694914,1.201934,-7.102052,-24.037836,32.6263,0.017870639,1.6705049,1.427838,-10.254462,18.06839,563.64453,1518.7211,0.0,1505.9008,1232.8579,-9.207882,2553.4043,718.3555,-16.132227
1.5914631,-17.6251,26.978529,0.031200325,-0.0459681,1.0210879,28.442526,-0.08380709,-6.9206614,-25.95799,32.382217,0.01853703,2.246608,0.85356617,-7.972874,18.315767,531.09216,1493.3339,0.6535363,1498.9655,1108.7203,-7.29439,2552.8362,655.80566,-16.433586
1.6225972,-13.744136,25.88064,0.032713424,-0.04587139,1.1190234,27.994993,1.1337299,-7.100138,-28.016977,32.245728,0.01827889,1.5645576,0.36922714,-5.8324127,19.020967,553.1994,1364.0786,0.0,1505.7007,944.6091,-8.334418,2608.5261,533.76886,-17.246468
1.5792204,-10.206158,23.056578,0.03267853,-0.04207769,1.0748979,26.880259,2.8171158,-7.377645,-26.653456,32.21208,0.018122053,1.2401123,-0.03066808,-4.217776,17.684156,536.5712,1345.185,0.0,1513.6981,960.2173,-6.429395,2661.6804,552.3317,-16.616753
1.6354915,-8.953827,21.508232,0.03028868,-0.039214928,1.080908,26.355276,2.4846108,-5.621498,-27.35473,31.86206,0.025344715,1.1913387,-0.689563,-0.63774157,16.451937,563.15796,1255.3306,-8.266625,1531.9352,896.7375,-10.914254,2705.0908,507.8583,-16.997911
1.6402159,-8.970635,17.646933,0.024608219,-0.031355556,0.958082,25.855661,-1.3533363,-2.433138,-23.226648,30.450607,0.027205065,1.7320528,-1.336235,1.0941504,17.898201,579.18317,1191.1827,-8.266625,1572.9825,865.51465,-16.873268,2722.5166,491.7849,-22.577734
1.5603542,-11.267385,18.510035,0.02231316,-0.028901026,1.0381594,27.203333,-1.0912147,1.9445467,-18.51629,29.066034,0.0914311,1.763237,-0.9777503,1.7925225,17.903046,376.29077,1168.0436,0.0,1279.3673,961.7505,-21.124922,2383.2625,619.0884,-28.034311
1.4192171,-13.317154,19.051573,0.019130142,-0.028774047,0.94805455,26.310705,4.302461,4.047664,-12.690892,28.019361,0.12280895,1.4861284,-0.716681,0.06968737,18.856674,392.23752,1177.4723,-108.57482,1313.9204,1047.4701,-83.23168,2378.6594,660.6856,-88.73246
1.3095124,-18.865486,25.9275,0.012679861,-0.027733171,1.9681473,29.19192,13.123004,9.246328,-3.7096472,0.0,0.0,0.0,0.0,0.0,0.0,585.5945,1248.482,-81.79047,1606.1508,1091.5018,-86.68482,2669.7578,895.97217,-89.21183
1.4366757,-20.498655,28.915947,-0.011301678,-0.024232099,2.2084959,28.164093,14.862137,13.310127,2.3197,16.866322,0.0,0.0,-1.2017006,101.19275,23.43291,822.7376,1388.6562,-86.52823,1877.6808,1045.5734,-89.17712,2943.6594,932.90796,-89.00822
1.5044883,-20.709425,31.556875,-0.029847967,-0.021944018,3.135114,28.39563,12.42526,17.635172,6.476004,16.948366,0.0,0.0,-2.0148575,71.91496,20.886835,823.73,1334.4541,-24.02253,1914.5181,936.60065,-29.43496,2948.1416,994.38617,-31.213242
1.4731208,-20.653275,32.758453,-0.06040128,-0.02133978,2.5555744,27.39768,10.348498,16.593016,4.592791,15.802114,0.0,0.0,-6.2470136,67.21583,17.051773,823.99603,1345.7916,-20.270441,1871.2833,934.6355,-26.638123,2933.8826,738.33905,-27.321463
1.429936,-19.805386,31.340296,-0.06191489,-0.021904022,2.4276683,27.292826,9.2775545,17.32238,3.099182,15.2402725,0.0,0.0,-9.275302,7.586748,15.170414,570.38226,1188.5708,-77.14947,1582.0846,847.6304,-82.16116,2679.9824,560.2517,-82.874626
1.5076362,-17.367212,26.751312,-0.06455493,-0.018958783,2.1319053,26.596956,7.3759646,14.068753,1.4810091,0.0,0.0,0.0,0.0,0.0,0.0,574.4096,1146.3807,-139.65517,1548.872,804.1121,-141.90332,2685.546,459.6796,-140.6696
1.7731711,-11.393588,19.377861,-0.05400463,-0.012257089,1.7872944,22.935461,2.444989,9.887608,0.6555045,0.0,0.0,0.0,0.0,0.0,0.0,412.58017,967.69727,-136.21413,1319.6703,695.7841,-132.78381,2415.0354,446.23233,-137.32335
1.9408506,-7.137961,16.257435,-0.046865687,-0.00802312,1.8065275,19.794912,-2.3490393,1.5616363,-3.5062382,31.239996,0.0,2.4114187,-2.9340377,5.35095,6.791283,431.57422,912.5975,-71.999115,1314.1017,710.71234,-64.543495,2380.4949,460.27206,-72.95934
2.0313768,-5.3057923,16.311998,-0.04828769,-0.0014506868,1.1708367,18.367722,-5.7227235,-1.7684736,-5.547409,31.175337,0.0,2.4114187,-2.4326494,5.6317363,6.310205,437.0847,905.38837,-6.9342895,1298.2039,724.5417,4.1208954,2346.9473,461.52994,-7.612757
2.0276058,-4.484936,14.733188,-0.042628516,-0.0030258198,1.0598714,17.903173,-7.573563,-2.8756807,-8.099662,31.051538,0.0,1.9698843,-2.0374737,6.5691433,5.7358184,435.6622,910.97876,-4.6575284,1283.7474,751.8117,6.688188,2307.5505,479.63464,-3.8242033
2.0325997,-3.8717117,11.855689,-0.02892574,0.0010215457,0.87294644,17.944622,-7.5991592,-3.985217,-9.182458,30.994287,0.01733825,1.749117,-1.66768,6.7682824,5.7418084,426.37192,952.7602,-68.872536,1266.4496,784.1086,-61.552135,2288.992,476.67712,-68.18822
2.0486405,-3.4460878,9.765046,-0.007142822,-0.0006876365,0.84314734,17.35729,-6.7516594,-4.7878666,-11.809302,0.0,0.0,0.0,0.0,0.0,0.0,404.76437,1024.7993,-133.93736,1248.2676,815.6948,-130.21652,2267.9624,491.2849,-133.5348
2.0666826,-3.167328,9.461097,0.0150609575,-0.00038614045,0.8279989,17.449675,-4.9653974,-5.816646,-11.825835,0.0,0.0,0.0,0.0,0.0,0.0,396.97324,1046.3872,-201.0,1250.9277,814.01935,-201.0,2262.8235,533.9301,-201.0
2.1703424,-5.714602,12.71859,0.029618228,-0.0059580603,1.205643,18.812723,0.90210056,-4.356565,-7.672912,0.0,0.0,0.0,0.0,0.0,0.0,382.1464,1101.598,-201.0,1261.3304,819.9153,-201.0,2268.6267,597.94147,-201.0
2.003501,-12.993197,22.710974,0.02032698,-0.01590429,2.505461,23.449219,11.063972,-1.3458959,-0.15495491,0.0,0.0,0.0,0.0,0.0,0.0,574.7913,1256.9961,-143.80011,1512.3965,872.6268,-145.47813,2635.671,565.9251,-147.17433
1.7159458,-20.417048,31.185297,-0.014119391,-0.01695915,3.4489315,24.456736,19.974882,5.9765944,12.047826,19.098616,0.0,0.0,-0.5499661,7.5947323,25.0621,550.3528,1413.2345,-87.02895,1611.5444,945.7155,-92.111786,2764.7227,1312.9492,-91.90438
1.32007,-25.144455,35.555195,-0.05983885,-0.021343777,3.663062,25.54305,24.33718,11.489105,20.87648,19.010391,0.0,0.0,-0.52971673,8.478789,24.523817,761.51605,1507.9667,-29.266111,1933.682,1068.7094,-36.42342,2843.0273,1699.748,-36.216007
1.1007376,-26.614656,35.353954,-0.09106693,-0.017267259,2.9241817,24.89963,21.8902,15.780221,24.516296,17.866804,0.0,0.0,-1.7363847,6.3829436,23.773066,743.26654,1317.024,-27.44599,1982.4008,970.4838,-34.81747,2701.966,1907.0563,-32.903522
1.0198268,-26.704636,35.443054,-0.1178089,-0.021028867,2.3067248,26.378908,16.971533,17.114555,22.755585,16.67746,0.0,0.0,-4.4818935,5.4907055,24.90283,956.6238,1233.0638,-23.386679,2103.508,959.7785,-29.217768,2769.1738,1275.6292,-29.101603
1.0091672,-27.022638,35.75334,-0.111275434,-0.017936243,2.4451578,28.938116,14.130489,21.465189,19.15388,15.417347,0.0,0.0,-5.8391356,0.87399006,23.384476,941.68256,1142.9297,-18.594652,2053.5203,861.4815,-24.249205,2924.4502,930.3569,-24.009417
1.0419611,-23.44974,31.051008,-0.09788277,-0.013967365,2.51816,26.390158,12.345721,22.266748,18.19605,15.264224,0.0,0.0,-5.4811044,-5.368218,20.057356,1027.7118,1230.9554,-18.337175,2075.7556,950.4123,-22.900726,2993.032,964.8496,-22.920446
1.0515233,-19.834578,26.752497,-0.07059265,-0.012685548,2.4254901,23.885012,12.119385,19.250004,13.39121,14.692294,0.0,4.151141,-5.577156,-73.06662,-48.033443,1034.0621,1199.1666,-16.919868,2134.968,870.395,-22.247955,3124.5803,953.9305,-21.809076
1.0275962,-17.142801,23.284227,-0.07450462,-0.014468008,1.7788137,20.354303,11.635151,15.537753,10.518113,20.284298,0.0,3.6223278,-3.5249894,-68.69472,-47.41035,840.9365,1232.6002,-13.273047,1875.0087,893.0413,-24.69918,2898.4749,896.82367,-23.308426
1.1322728,-17.200256,23.375738,-0.06320486,-0.021220751,1.4602753,21.487589,13.451767,14.670326,8.691949,25.60082,1.0,3.0935144,-1.2932016,-60.874126,-45.001774,578.71985,1179.0883,-5.4307065,1616.1162,834.10034,-22.747406,2634.3838,748.5865,-22.343386
1.2784985,-17.261389,23.177153,-0.04324369,-0.022742366,1.4170488,23.30294,13.946994,13.768672,6.8392262,31.389452,1.0,2.5647008,1.7391744,8.906547,22.428545,353.75967,1286.331,-1.5694928,1335.1427,955.4746,-22.217047,2308.4197,667.0758,-23.99804
1.3827804,-17.25647,23.50287,-0.019222304,-0.022801066,1.3279142,24.445887,15.142517,14.317367,5.940042,31.169369,1.0,2.5647008,1.8109822,8.603588,23.262094,348.25546,1217.4066,-67.77118,1342.1632,872.84735,-80.422745,2324.1506,622.2995,-83.27924
1.3753103,-14.9752655,21.7721,-0.011781811,-0.016041918,1.208934,20.525707,16.46755,8.865708,4.601235,0.0,0.0,0.0,0.0,0.0,0.0,616.6221,1166.4894,-134.891,1619.2529,823.13257,-140.85083,2708.2305,417.255,-142.47142
1.4227468,-13.473434,20.570536,-0.020350445,-0.012645341,1.2137525,14.54742,22.144028,10.402577,3.6126153,0.0,0.0,0.0,0.0,0.0,0.0,894.178,1030.8088,-201.0,1964.3082,570.1861,-201.0,3022.2988,242.74757,-201.0
1.500805,-8.934003,15.758924,-0.02653333,-0.014444196,1.3278412,6.606505,26.610086,9.214616,-0.5430749,0.0,0.0,0.0,0.0,0.0,0.0,911.2622,1031.3871,-136.54164,2114.3572,473.71484,-140.88618,3082.823,386.69702,-141.28831
1.6365724,-6.9786167,12.97774,-0.039408136,-0.019056495,1.2197818,1.6403292,31.542719,12.984288,-3.5944474,22.011702,0.0,0.0,-5.8024426,19.393692,24.478691,617.6511,1251.084,-74.664154,1977.3643,1193.8608,-80.30883,2587.8384,394.4834,-80.71096
1.6501778,-4.580378,9.94975,-0.053383958,-0.02179038,1.0697573,-2.3052692,32.556225,10.657298,-5.0001836,22.017912,0.0,0.0,-4.703247,18.992647,24.088629,399.5364,1419.2744,-11.902728,1641.0128,2611.4622,-19.987106,2177.2214,389.24634,-20.168411
1.6263958,-5.942056,11.83192,-0.06614419,-0.01775679,0.8399748,-2.9768524,33.23434,9.99757,-0.8465392,22.017385,0.0,0.0,-2.738642,18.790802,22.306915,811.14276,1515.556,-15.981316,1773.3467,2702.593,-18.785463,2353.372,249.97624,-18.564634
1.4490833,-6.1943765,12.023071,-0.05920911,-0.013757785,0.810177,-0.9833932,27.946478,8.905921,-0.24612784,22.01225,0.0,0.0,-0.6759348,18.523561,23.306417,844.7658,1467.2201,-12.780536,1683.9657,2180.3591,-19.142103,2509.1685,519.5289,-19.98876
1.2769004,-9.809228,15.424794,-0.049311668,-0.009727077,0.8180062,5.437952,23.43878,13.867663,3.638711,21.995544,0.0,0.0,0.50539166,18.642458,23.759415,1090.2286,1340.4946,-15.405651,1992.169,882.9553,-19.205614,2900.9446,724.0284,-20.863161
1.0716534,-11.311658,17.245762,-0.04286498,-0.00927627,0.85720825,11.407214,17.037638,14.900098,4.297203,21.997374,0.0,1.1540294,1.2968987,18.345139,24.270094,906.91254,1303.9106,-14.441112,1961.5361,939.7427,-19.946663,2928.6184,771.9822,-21.451849
0.9449959,-15.122597,21.862928,-0.052838925,-0.011137322,0.7958384,18.32874,14.212952,17.742632,10.343422,22.03285,0.025288044,1.2115704,1.3646303,18.723995,22.533836,849.7823,1363.5713,-11.329994,1850.4896,903.4372,-19.612082,2836.289,728.9165,-19.465734
0.8446396,-14.549522,21.707556,-0.04853372,-0.014877317,0.75420743,21.976797,9.320569,15.522542,12.4292145,22.057909,0.02605789,2.3682964,0.9273179,19.957611,21.909805,551.73346,1442.0288,-5.941986,1551.9877,1014.6284,-19.543776,2531.1328,778.7588,-18.299799
0.85907435,-15.515053,22.18902,-0.04437691,-0.015541225,0.7093597,23.271036,8.722145,18.802368,13.244622,22.043549,0.026977366,3.065244,-0.38921833,21.383085,21.886755,266.99597,1574.2101,1.355627,1328.6246,1098.3148,-19.55748,2240.9822,918.62476,-17.622892
0.92755336,-13.046363,20.036861,-0.03357181,-0.015020325,0.6754792,19.577105,9.052831,20.494093,7.302544,22.026545,0.021652209,3.2502482,-1.2783152,20.183676,22.251343,286.58878,1533.0155,-3.6942997,1425.9891,1046.0243,-20.407398,2297.6838,1011.7183,-17.638536
1.0310373,-13.746204,20.833265,-0.047503125,-0.011860077,0.7932654,14.989133,14.3213415,23.991524,4.7250714,22.092659,0.017039718,3.0664444,-1.9865717,18.051111,21.848846,596.91034,1456.7433,-8.317586,1703.2904,1019.4665,-20.267853,2525.7927,992.97614,-17.323116
1.0782782,-11.669034,17.158178,-0.045868736,-0.014528859,0.94023305,12.067676,15.053874,24.104164,1.2918482,22.675217,0.011139368,2.7468917,-1.9903632,15.881756,22.936768,637.09845,1407.3032,-9.865729,1796.3124,835.01544,-21.23496,2682.166,2214.9453,-18.635912
1.072888,-12.796315,17.846151,-0.048951954,-0.011613266,0.9384022,13.491307,14.681865,23.875856,6.429846,23.262556,0.009822597,2.4511516,-1.8629788,77.48289,25.252047,1017.5715,1321.2853,-13.1118555,1968.7399,978.17535,-19.317099,2948.458,2075.3225,-21.01638
1.0539399,-13.322412,19.196238,-0.026740422,-0.014785419,0.8930793,16.869461,12.837459,21.382906,7.319246,23.683456,0.011843041,1.5304729,-1.3412818,78.56143,26.765114,1000.54486,1417.6019,-13.895424,1944.8278,954.60254,-17.602488,3072.5676,2047.1661,-22.751238
1.1204497,-15.951816,22.159071,-0.0137546705,-0.013663578,0.96901757,21.92708,12.017362,21.05197,9.917808,22.270018,0.013863484,0.6097943,-2.0255098,75.44529,25.389856,1009.8973,1301.1248,-10.586868,1892.3398,1075.64,-13.551585,2919.5586,839.3162,-20.229681
1.2424035,-16.798601,22.818048,0.004603038,-0.020051656,1.2871246,23.288269,12.691723,15.849033,6.414589,20.745256,0.01982143,0.41746888,-3.9455717,10.359378,26.109932,657.4382,1238.5863,-1.836153,1696.9336,864.7939,-11.853928,2614.6292,908.355,-18.800407
1.4388795,-15.843225,19.925432,0.008890445,-0.02259185,1.4098655,20.836838,16.615088,8.222271,4.77256,18.459173,0.01982143,0.41746888,-7.936048,6.6134057,28.399187,379.1482,1115.7837,7.100572,1469.5737,885.4983,-10.323705,2262.8347,921.4129,-16.805855
1.6695949,-14.980515,21.325377,0.008789449,-0.02369962,1.7429861,19.295439,18.873764,-1.2427651,3.6434338,17.59317,0.01982143,0.41746888,-10.646676,7.3935647,31.479979,379.4281,1132.7189,-0.6170025,1397.2891,894.4458,-15.503811,2280.0999,849.27563,-22.423834
1.7379004,-17.039642,26.694181,-0.012970551,-0.023617394,2.5796182,22.907417,21.414024,-2.689705,7.117082,16.89866,0.01982143,0.41746888,-9.349019,7.357743,29.968378,376.60538,1253.5298,-7.502571,1323.6661,1019.7281,-20.881823,2277.993,905.1374,-26.69345
1.847159,-18.401505,31.206871,-0.023344444,-0.022749005,3.0725586,25.303965,18.414114,1.5543333,7.0175776,16.989946,0.01982143,0.41746888,-4.9864573,7.053291,28.290085,381.55624,1310.5352,-15.098016,1291.102,1092.5973,-27.879976,2283.7236,876.8,-33.88061
1.651193,-20.594093,33.95633,-0.054373205,-0.022596354,3.5555322,27.525078,17.205118,7.4651923,8.646249,17.088343,0.095658325,0.31612986,-0.94202346,8.023616,28.720095,348.60556,1562.475,-17.207153,1217.5986,1284.8181,-29.886278,2222.8652,913.2278,-36.927395
1.4473633,-22.71762,35.52251,-0.072949566,-0.018778563,2.8746045,25.784033,17.82312,12.946312,9.730609,18.42256,0.1562403,0.21625477,-0.8800346,8.399217,26.831144,662.0493,1592.7482,-20.988062,1577.6016,1331.6864,-31.85726,2711.1536,992.1109,-39.496113
1.1447424,-24.624239,38.067265,-0.08441151,-0.017648173,2.7334125,27.753508,18.80678,14.910178,10.635997,19.864454,0.21682227,0.116379656,-1.3873606,9.421594,22.542105,636.2727,1691.0077,-16.89134,1550.4945,1362.6958,-28.889078,2719.6506,1018.28125,-37.152264
1.0555562,-26.783216,40.150764,-0.07221572,-0.017995195,2.5915945,28.032171,21.92882,17.684813,11.881436,21.216179,0.20156737,0.117843546,-1.1743479,8.443512,17.33138,663.1652,1495.1962,-10.603784,1685.4141,1257.2191,-26.712555,2784.2366,1176.6045,-33.615177
1.1303531,-23.510262,35.254017,-0.05192992,-0.018796809,2.801686,27.573439,19.969034,16.149971,5.2901363,19.231863,0.20156737,0.117843546,-2.9880428,7.1060767,17.035088,353.996,1379.8434,-1.6959977,1327.9027,1137.7794,-21.246145,2357.8848,956.5517,-28.82281
1.195992,-20.918074,31.796265,-0.029922863,-0.016627617,2.6103935,26.452286,17.510427,15.416348,-0.27571774,17.284027,0.20156737,0.117843546,-4.3707933,2.3095639,17.050402,357.7212,1261.1129,-4.662563,1341.1525,1010.5522,-18.439459,2400.3264,858.75824,-26.89395
1.2690349,-17.08969,27.099464,-0.0071939877,-0.012701611,1.9985704,24.077362,15.606488,12.682091,-4.1557918,15.371911,0.20156737,0.117843546,-5.9280663,-3.9636726,14.922238,356.9684,1165.9663,-6.4290986,1262.3011,867.009,-14.820698,2416.8545,513.4594,-25.017357
1.3910984,-13.740874,23.17457,-0.0028162934,-0.009615834,1.8166676,22.634336,12.113373,8.4702635,-8.643226,15.448151,0.20156737,0.117843546,-5.071558,-9.835366,10.249065,363.94052,1080.998,-7.436154,1259.7612,776.97437,-13.145589,2409.9363,401.6921,-23.02764
1.5265604,-12.546224,20.410398,-0.018595198,-0.008087125,1.5855128,22.850718,10.567605,8.004913,-11.185109,21.18552,0.46771157,0.39310706,-2.4950879,-9.411424,10.897702,385.92017,964.19086,-4.170816,1270.6835,696.708,-13.450513,2416.889,323.45743,-21.363062
1.5951809,-11.37648,17.91149,-0.031458084,-0.011034109,1.4912215,23.604872,8.552624,8.367028,-16.404158,26.827896,0.404899,0.5187579,-0.40399948,-5.5087867,14.270289,389.37708,895.46234,-2.2081573,1279.762,617.1423,-13.85989,2435.219,252.3313,-20.160526
1.5650139,-12.33594,18.055244,-0.018347854,-0.0154136745,1.1569122,23.878983,8.724807,11.446648,-14.908942,32.41829,0.35228467,0.5791259,1.8902521,2.239698,19.78134,385.30518,912.1199,-0.26141325,1301.1234,631.7287,-15.746624,2413.6543,281.02438,-20.042753
1.4859362,-11.7207365,17.296427,0.008771728,-0.019128822,1.0191895,23.586792,6.9416966,12.229432,-12.278487,32.22864,0.025606925,0.6646536,1.9940438,8.127549,22.436403,380.3422,945.32837,1.3094362,1315.4894,637.7792,-17.781801,2392.0295,329.43613,-21.126968
1.3430315,-12.349899,19.74972,0.02459831,-0.01654282,1.0680118,22.932001,5.634175,11.897977,-10.567845,32.113888,0.022949444,0.83539087,2.728896,13.468932,25.04486,357.104,1040.1698,0.93275946,1308.8768,683.9734,-23.083479,2368.2651,375.3108,-24.1121
1.1844529,-13.589565,20.856531,0.03174906,-0.014575471,1.0978552,23.761435,7.6775646,13.0566025,-6.9253616,32.020344,0.010458488,1.3638424,3.6099052,16.540598,25.24822,344.79477,1102.6388,-0.20396392,1300.9863,713.18536,-27.223396,2370.8179,401.63608,-25.452185
1.1067015,-16.692549,23.619886,0.03135744,-0.012333981,1.3559018,25.432577,12.203092,13.962508,-2.5566509,31.939034,0.015088749,1.3886304,3.5346067,17.766226,24.214401,335.8054,1168.0879,-0.45215368,1280.2998,786.38837,-27.10224,2362.4736,415.8983,-24.666555
1.1268159,-17.370773,23.469734,0.027228212,-0.014888928,1.3020245,23.426481,16.952293,15.157922,0.77922255,31.86309,0.029994303,1.9918451,2.4520102,16.89061,21.602625,303.83325,1266.1356,-0.20217657,1260.5889,848.013,-25.784601,2343.688,409.52066,-21.698149
1.206824,-17.033796,23.82727,0.02703523,-0.01422906,1.2706121,19.759565,19.162598,15.342353,0.79303575,31.959177,0.029410305,1.6976365,1.8095927,13.727046,22.094702,272.8467,1333.4478,0.0,1272.464,892.00287,-25.280294,2332.258,428.3341,-22.31013
1.1646086,-16.26037,22.792547,0.026531952,-0.014065601,1.0442327,19.02151,17.965065,15.42896,1.2173245,32.04147,0.03037139,1.4305744,1.9118382,8.612242,17.79231,270.79135,1343.9357,0.0,1283.3774,896.22943,-27.080528,2325.3225,473.83932,-19.111452
1.2186565,-15.264014,20.643196,0.029340802,-0.014089885,1.0940291,20.843153,13.651368,18.997221,-0.74442023,32.083694,0.015314561,0.5563734,2.4814422,3.5829742,13.809391,315.14862,1237.5201,-1.6845393,1330.188,844.16504,-25.132807,2342.8381,523.11035,-15.364007
1.3642575,-13.436409,16.817312,0.026819108,-0.021559754,1.0886887,22.903595,8.016947,24.761873,-2.2775104,32.028305,0.021508127,0.95185757,2.5813458,0.3240943,8.482638,351.98047,1105.2076,-0.64074355,1360.5726,698.89966,-22.561266,2359.3618,524.43066,-9.123382
1.5471367,-9.884208,11.679751,0.026261978,-0.029743,1.2358361,19.770811,4.594625,28.900476,-7.3755774,32.062817,0.013381408,1.0776631,2.5674255,-1.43814,8.516516,361.61206,980.25604,0.64782065,1415.881,508.26953,-21.132675,2374.0156,484.11136,-7.8686957
1.6735855,-8.121706,9.062964,0.02838161,-0.036453962,1.2022992,18.419891,2.1292837,28.55281,-7.503489,32.16505,0.018031344,1.5151424,2.5196018,-1.993905,8.183361,367.8423,890.87946,0.10223786,1449.9342,371.3696,-21.222975,2376.6262,489.8168,-8.081122
1.6772518,-7.1303005,8.208686,0.028933069,-0.034665927,1.1596147,16.739395,2.2791984,28.720566,-7.2874227,32.275692,0.012396999,1.1503564,2.2580247,-1.4572207,7.280248,373.1366,827.85767,-1.732622,1481.7504,261.29102,-21.688774,2383.8162,493.56143,-9.012871
1.6771518,-6.9647617,7.9786954,0.025598891,-0.032463815,0.97318643,16.23679,2.8309648,31.607801,-2.1599302,32.910934,0.010335902,1.2313423,0.8371005,5.8033614,7.8970504,373.3075,822.5591,-3.021825,1502.0092,199.56714,-21.87504,2411.5593,546.8646,-10.918877
1.6067282,-6.7311325,7.774527,0.032104712,-0.02738406,0.89078337,15.575862,4.7110143,35.64766,0.52631736,33.21604,0.0061772484,1.0937694,0.01225245,9.656321,8.581544,368.89365,816.01154,-69.28003,1527.0023,98.11881,-81.592415,2436.4968,577.9801,-75.00106
1.4148849,-7.7226186,9.03414,0.0234157,-0.025754994,0.95691425,16.342516,6.6269703,36.34672,3.7184365,0.0,0.0,0.0,0.0,0.0,0.0,371.46573,920.258,-134.92744,1582.5773,192.67384,-141.28925,2494.6162,791.70703,-138.5919
1.207376,-8.899512,10.70076,0.023655856,-0.02187351,0.9827489,17.510279,8.244663,31.558695,5.596979,0.0,0.0,0.0,0.0,0.0,0.0,356.5244,1090.7998,-201.0,1612.7633,399.088,-201.0,2472.4915,1129.5576,-201.0
1.0555974,-9.895659,12.692412,0.0054763877,-0.016473616,0.86539745,13.571822,16.224874,23.262861,9.789094,0.0,0.0,0.0,0.0,0.0,0.0,361.64255,1170.2914,-201.0,1649.6211,569.785,-201.0,2436.272,1274.895,-201.0
1.6868683,-4.951414,11.992263,0.01870652,-0.0036241284,1.3934044,8.663899,10.436921,6.326341,7.2234097,0.0,0.0,0.0,0.0,0.0,0.0,550.0936,1185.3773,-201.0,1792.1251,707.77814,-201.0,2650.1885,1015.4219,-201.0
2.3952143,-0.6122152,10.935882,0.005612139,0.003971512,1.6511765,4.053619,5.7618575,-3.4484055,4.3845577,0.0,0.0,0.0,0.0,0.0,0.0,678.5634,1108.6893,-201.0,1909.3849,734.8762,-201.0,2916.8154,602.64557,-201.0
2.8578022,2.6061296,7.8916855,0.009765749,0.0046766824,2.0410233,4.3512826,-4.6589026,-8.506284,-1.1196622,0.0,0.0,0.0,0.0,0.0,0.0,896.7204,1118.3876,-201.0,2068.7576,825.32684,-201.0,3179.1023,453.26382,-201.0
2.7945826,0.8680537,6.139429,-0.009490768,-0.0030177298,1.5965954,4.650555,-3.0276558,-4.729362,-1.2466915,0.0,0.0,0.0,0.0,0.0,0.0,746.4472,1012.93134,-201.0,1887.5314,828.4466,-201.0,3035.086,833.1862,-201.0
2.7186604,-0.17629075,8.240182,0.012213851,-0.0053124367,1.8555034,6.7092576,-3.6649845,-6.841184,-5.9738865,0.0,0.0,0.0,0.0,0.0,0.0,814.49756,949.8483,-134.69063,1907.8115,756.4577,-137.10757,3024.9558,841.1148,-136.28433
2.5935185,-1.3777155,10.665683,0.010758605,-0.0040571406,2.0371332,10.579518,-4.080522,-4.998423,-8.322001,20.907866,0.0,0.0,-1.5042574,22.765408,8.960239,809.1119,1016.3447,-71.46064,1924.0236,736.2993,-71.233765,3036.6077,867.6138,-70.83609
2.2910163,-3.9411724,13.552166,0.020031983,-0.0071996343,1.9426569,13.4315195,-2.1485064,-0.56680584,-9.161109,22.698431,0.0,0.0,-1.1607757,6.430055,2.3665817,770.78125,1100.5189,0.08660221,1923.6793,704.7085,-5.93371,2893.4346,706.6753,-4.4288216
1.9558,-6.309505,11.408742,-0.004578241,-0.012529291,1.398641,13.608933,2.88816,7.587397,-3.6785634,26.914942,0.0,0.0,-0.20812273,2.8170414,3.6940756,602.9672,1102.4242,3.778568,1773.1722,696.0276,-9.648233,2624.4087,902.75586,-3.8594637
1.8694425,-6.944893,10.657758,0.0021669779,-0.013766915,0.9175635,11.955921,4.868685,8.270646,-0.38315925,31.080023,0.0061153006,0.7868502,1.1100006,-1.0269941,5.615246,650.96564,1163.6154,1.9073563,1711.8296,716.0073,-10.43389,2623.4583,946.63947,-4.140738
1.8495693,-7.235958,10.705353,0.006401953,-0.012836204,0.8194204,12.842101,5.0676627,9.727256,-0.12020477,33.47635,0.007232779,0.87862635,2.0568352,10.89478,13.335041,632.488,1249.9512,-0.7390706,1679.168,837.7163,-15.468806,2562.5312,901.93384,-5.760076
1.844175,-7.8321576,12.323769,0.024420341,-0.012481344,0.86883396,13.811169,4.815534,11.262727,-0.20367527,33.450115,0.02245149,0.8935781,2.1542656,8.843463,12.519783,608.2798,1310.0616,-3.0666542,1656.6768,836.6512,-15.752152,2561.534,852.6701,-7.272402
1.8667504,-8.581752,12.449646,0.020547727,-0.016071815,0.8449252,14.71395,5.6289086,16.369669,2.601355,33.367146,0.040621284,1.062778,1.4971881,4.836638,11.026085,351.50272,1128.3209,1.6711704,1501.3438,716.07227,-21.090136,2325.5437,853.87335,-9.354916
1.8486004,-8.13904,11.0909815,0.018889641,-0.016187577,0.8876695,13.881528,6.287468,18.29527,6.2814045,33.235214,0.04991068,0.9224817,0.992976,0.1843214,9.286586,361.83804,1054.0005,-1.7344904,1519.6512,509.36426,-21.99302,2428.045,828.53595,-11.021075
1.823833,-7.986097,9.594218,0.0047453013,-0.019576965,0.9601572,14.710847,6.2458496,17.47513,8.868813,33.094128,0.035973668,0.8795318,0.72406787,-3.6546795,8.771589,384.01953,983.1223,-3.737112,1520.9897,476.59738,-23.135569,2463.957,755.9084,-12.508701
1.750485,-7.8144984,8.736796,0.0026851883,-0.022763198,0.95887065,14.553233,5.899035,14.847186,10.439967,32.921932,0.026087346,0.95301014,0.22703467,-5.9774365,8.6080885,391.26828,952.1171,-3.8157542,1503.1246,487.55136,-23.704803,2446.9749,669.43536,-12.423842
1.7262167,-8.703227,9.434932,-0.008259454,-0.025347352,0.93008083,16.520042,6.1277885,12.671712,12.411225,32.602493,0.052901965,1.2614019,-1.0097047,-6.6837006,8.744573,406.735,904.594,-2.0405824,1488.6416,531.73755,-18.139566,2427.7769,624.9289,-10.785156
1.7178656,-9.634737,11.762099,-0.00044062673,-0.028883347,0.94184655,17.285334,4.8874745,9.008088,6.712485,32.214874,0.056509364,1.0970749,-1.9624857,-5.629041,12.030891,397.4501,917.851,0.08822203,1451.6346,573.6871,-12.136775,2405.87,570.91797,-11.94267
1.6856321,-9.79016,12.906985,-0.0069959178,-0.029996447,1.0577916,18.137295,4.240049,7.2943597,3.4429674,31.867746,0.06051131,0.85832334,-2.005415,-2.0749078,17.516294,393.8707,918.9864,2.639776,1414.7642,599.3443,-7.13534,2401.6982,501.26697,-14.876518
1.6358695,-9.483462,13.79424,0.0036147635,-0.030344829,1.0871986,17.518862,3.560872,1.60249,-2.5622652,31.73884,0.036495455,0.5803089,-0.9296489,4.006145,25.157219,370.8318,976.9681,4.7191224,1359.4347,642.27094,-9.880153,2399.036,413.61423,-20.438095
1.5039288,-8.9692955,14.796761,-0.006643199,-0.023413638,1.0567251,18.794565,6.1094837,-1.8566402,1.3089522,31.731834,0.056230497,0.7861292,0.24252534,11.47483,30.177042,370.2742,1091.029,7.8975444,1320.7902,756.1357,-9.403519,2396.196,508.1088,-22.279497
1.4078265,-11.1062355,20.775864,0.005354783,-0.016526962,1.134238,19.670813,12.040614,-5.603008,0.94170713,31.773386,0.053008437,0.76784563,1.3341848,17.673697,31.54075,644.11206,1230.6646,4.8815665,1568.6255,949.9302,-9.702894,2698.616,531.8107,-21.1581
1.3033348,-12.964894,24.47167,-0.005544459,-0.014815773,1.0507965,20.46238,17.905058,-4.4960866,3.0313718,31.820543,0.0561102,1.2420653,2.265804,20.83178,28.996038,651.6815,1275.4799,5.671167,1584.8618,1034.6573,-9.742555,2671.2131,716.28107,-17.823784
1.2876221,-14.678933,26.54161,0.016658405,-0.016812457,1.0189521,18.700327,21.509417,-4.8938904,-2.1097963,31.849741,0.056700826,1.3381225,3.0137146,21.466875,27.120832,847.7664,1273.9387,-1.1349226,1798.4271,1031.181,-13.5692215,2981.0264,514.5242,-17.46301
1.2830409,-14.432897,23.976707,0.01877797,-0.017203799,0.82691145,19.52608,20.727646,-2.8747861,-4.7842298,31.890017,0.055215523,1.4775938,3.2709,20.20693,26.894974,829.4424,1240.546,-2.2396903,1836.2402,1038.3025,-16.130379,2978.1064,444.0697,-18.585722
1.2784842,-14.628403,23.713089,0.024985455,-0.016356474,0.7486329,20.58304,21.040964,-3.1928253,-6.785242,31.941751,0.043448854,0.8653326,2.5282233,16.34098,27.548645,1030.5751,1214.7039,-6.8596687,2030.0133,1068.4686,-20.272213,3279.6416,176.334,-19.69064
1.256085,-14.99268,25.337952,0.0077598747,-0.016130589,0.60473174,22.422743,21.140518,-0.7858078,-5.437218,32.002907,0.030461797,0.58156514,1.4298922,9.862963,25.39078,1027.2471,1222.5609,-4.484198,2049.2131,1154.5903,-23.21467,3234.1565,227.85417,-17.679346
1.2430705,-15.394238,26.856928,0.0069834017,-0.017202212,0.65475994,21.806847,19.918966,1.1926619,-9.321429,31.956194,0.035047192,0.50295544,1.0497698,2.9542408,23.385147,1013.091,1201.9879,-2.285397,2124.6733,911.0105,-23.621752,3207.3486,444.17813,-16.998741
1.3275319,-14.279935,24.771662,0.018532744,-0.021158656,1.0356036,21.2089,17.668104,1.6108446,-16.197609,31.755135,0.036675386,0.8990657,1.5220661,-0.88384706,22.85996,1040.7188,1112.2299,-0.70040864,2292.3044,576.02515,-20.63953,3254.1433,611.7616,-17.443605
1.4456426,-12.0938225,23.376328,0.018937191,-0.029018283,1.4403181,21.183521,17.182993,-2.54943,-22.623642,31.459824,0.031536803,1.2911373,2.3496757,-1.7456373,23.28763,837.7656,1074.1234,1.1800901,2007.9308,445.64438,-11.904687,3025.9617,587.5737,-18.7604
1.5363785,-11.392509,21.809784,0.018873645,-0.03565234,1.5030022,22.472755,19.50743,-9.510277,-22.815948,31.189758,0.01975345,1.1836656,2.7758722,-1.2395724,23.562796,583.31244,1106.7963,2.966465,1567.0503,589.6348,-5.3991265,2777.2188,376.58475,-18.982643
1.4662968,-11.26638,22.337267,0.013348681,-0.036347616,1.3543302,22.603327,20.065237,-15.265251,-22.044226,30.96816,0.018687835,0.8482795,2.9116468,-1.4335331,24.280813,339.47403,1255.8712,4.320856,1121.6329,861.3257,0.68085194,2477.1936,246.06865,-19.959959
1.3992229,-13.354655,20.986984,0.031214664,-0.031801075,1.1233734,23.256056,21.391172,-14.539504,-21.086477,30.750443,0.011520117,1.6169991,2.7555082,-2.1898484,23.75544,320.63712,1363.3767,4.769684,1106.9594,909.5428,-0.007934173,2479.6125,279.68472,-18.985758
1.3818574,-14.550609,21.030815,0.037972894,-0.03417086,0.99495655,22.242277,23.30391,-15.3177595,-23.725357,30.533438,0.009838783,2.2500784,2.491001,-2.6664948,23.39129,308.80673,1440.5664,4.9034843,1092.1893,959.2107,-1.9652195,2506.0293,342.03873,-18.487806
1.4520322,-15.433093,20.076658,0.055694874,-0.03845996,0.8552978,18.348436,27.995392,-14.635971,-25.471764,30.349329,0.0064578895,2.3126795,2.3253489,-2.6374094,22.011114,260.6131,1557.0714,5.1672196,1065.4213,1050.9342,-4.371386,2525.2983,265.19235,-17.366056
1.494986,-15.115952,19.039171,0.06764586,-0.040384825,0.75618917,14.497467,29.940077,-12.938567,-25.336851,30.206236,0.0055522327,1.7442414,2.385034,-2.652347,21.654114,280.38205,1520.1752,0.0,1072.2549,1121.3252,-7.603563,2500.7651,192.97267,-18.24148
1.5146297,-14.577488,18.992188,0.07733527,-0.039668005,0.64488125,13.186592,28.509483,-9.428418,-20.663689,30.102457,0.012098684,1.0940307,2.727352,-3.1577199,20.940416,506.3975,1486.4408,-6.673605,1489.1558,988.68994,-12.72972,2722.2986,287.82718,-18.816921
1.4487079,-15.417732,20.58777,0.06558969,-0.037933975,0.6651664,16.836634,24.595062,-4.958009,-15.446204,30.025656,0.009899977,1.0176498,3.167867,-3.7589614,21.019081,577.3845,1369.0479,-4.0421505,1562.7426,1040.3768,-17.182104,2670.2131,432.0935,-19.68891
1.3821315,-16.454683,22.235277,0.06334851,-0.039194047,0.67668337,20.669584,20.548452,-1.9104843,-12.484096,29.990618,0.016195396,0.7135083,3.2916334,-3.6805766,21.361399,597.5031,1354.3324,-2.9162064,1641.5059,1134.8899,-19.5832,2672.9993,686.862,-19.804148
1.2749444,-17.475885,23.024353,0.056330252,-0.04014918,0.7912786,23.18398,18.090048,-1.0527432,-13.694584,29.984472,0.021182604,1.1911216,2.662944,-2.4644654,22.503143,511.28702,1434.8461,3.3920002,1502.8678,1329.0508,-18.404768,2601.4998,620.38727,-19.930481
1.2307957,-18.560987,23.818314,0.06816424,-0.045571554,0.71035534,25.60515,17.721449,2.2591507,-13.993875,29.990746,0.028261503,1.491098,1.2045022,-0.38346204,23.562452,515.7646,1724.6377,3.7469804,1366.9557,1464.4537,-13.982358,2548.6584,766.2903,-19.968515
1.1596884,-18.658194,23.612494,0.056968708,-0.04509745,0.67811495,26.12426,17.193169,1.0137752,-12.879254,29.96978,0.032755353,1.2632886,-0.84026456,1.7326583,23.063904,534.11566,1926.6171,1.9067224,1251.8578,1822.1774,-15.72197,2401.498,942.10205,-19.194107
1.0944785,-17.987938,23.31095,0.05697697,-0.04239093,0.617147,27.343803,16.234385,2.9401786,-9.68834,27.30671,0.030487513,0.7941003,-6.315718,0.3467032,20.773878,423.46103,1831.0687,1.6532074,1050.6869,1836.5199,-14.350182,2189.9326,1161.1389,-19.452398
1.0052009,-17.382607,22.863482,0.039295476,-0.035419,0.6127473,28.581732,13.717376,3.7855961,-6.216507,24.658869,0.13878404,0.6582045,-9.576552,-0.7591136,16.516851,455.07117,1554.9283,-5.1047897,1275.2362,2337.9734,-17.163504,2050.9412,1258.6608,-17.856297
0.9467125,-16.923784,22.675982,0.040839188,-0.03433682,0.5458081,30.839325,9.6333,6.8217244,-7.34014,22.19544,0.24479835,0.8047883,-8.645131,-1.639541,14.472384,440.7167,1320.8636,-4.2601247,1396.9576,1934.2181,-16.478003,2109.625,1178.4579,-18.274162
0.91179305,-16.953844,22.554726,0.026987106,-0.030455202,0.49792457,33.041275,5.6369452,9.821837,-8.358252,22.378332,0.23405068,0.7077789,-4.1510987,1.3010916,14.632796,450.42725,1273.7202,-4.5286236,1420.3595,1920.6957,-19.850344,2066.2932,1179.5834,-18.316753
0.8849074,-16.5062,22.929121,0.023898229,-0.029835219,0.45271817,33.572426,2.9499004,10.217446,-12.935715,22.399195,0.11728868,0.46418568,-4.076838,4.277327,16.364937,439.63342,1220.0621,2.0812023,1444.6876,1279.7357,-19.783888,2206.7725,1511.6925,-20.186821
0.8634469,-16.554857,22.731071,0.0064491164,-0.03072959,0.42732725,34.26222,1.881091,12.45037,-14.464569,22.311676,0.0033148217,0.20388974,-5.082798,8.3972845,16.555012,443.4133,1192.9072,1.9576594,1456.9974,1245.3566,-16.003428,2233.942,1542.2379,-20.467138
0.91882205,-15.026363,20.589691,0.013091505,-0.034392294,0.40768313,29.173689,4.71036,9.975682,-17.948713,22.188057,0.0047088824,0.19553836,-6.9172792,10.490249,16.318941,431.18762,1165.4912,-65.734825,1429.6666,1170.5797,-75.51819,2309.7373,1258.1783,-80.65496
1.014141,-13.184222,17.437464,0.007832431,-0.035819475,0.4328647,23.391815,8.2721,8.298653,-18.427958,0.0,0.0,0.0,0.0,0.0,0.0,419.6014,1056.5734,-133.34856,1370.6273,999.1396,-137.39856,2412.2559,589.68555,-140.5988
1.1106763,-10.486451,14.792983,0.014478172,-0.035759863,0.46931052,14.665967,14.362536,5.5775986,-19.476234,0.0,0.0,0.0,0.0,0.0,0.0,409.25623,957.8362,-201.0,1400.2588,814.3633,-201.0,2506.8044,175.18245,-201.0
1.1933265,-8.449145,11.68436,0.011572751,-0.03761297,0.49117646,9.738137,17.366913,5.133838,-18.514198,0.0,0.0,0.0,0.0,0.0,0.0,409.1328,929.1804,-201.0,1442.8141,769.83984,-201.0,2519.6594,81.258766,-201.0
1.3828,-4.590068,7.3176455,0.020767594,-0.039671432,0.5960238,4.019427,22.530619,5.9928966,-23.248116,0.0,0.0,0.0,0.0,0.0,0.0,403.5647,884.23553,-201.0,1538.1051,750.0136,-201.0,2423.2874,186.0251,-201.0
1.4926819,-2.1501977,3.8145888,0.0089574335,-0.0361236,0.6518058,0.5085742,25.842367,3.3071592,-23.905396,0.0,0.0,0.0,0.0,0.0,0.0,405.62915,887.41235,-201.0,1538.2284,788.60205,-201.0,2413.8303,401.6017,-201.0
1.5589253,-0.20621443,2.1824045,0.0025006474,-0.03838776,0.69231224,-1.9255966,29.138254,1.3459305,-26.591871,0.0,0.0,0.0,0.0,0.0,0.0,401.79028,827.20306,-201.0,1550.2411,690.403,-201.0,2397.2363,684.73785,-201.0
1.6007823,0.7538635,1.4259615,-0.01149448,-0.0349466,0.70035315,-3.1119623,30.42624,-1.5911269,-25.347315,0.0,0.0,0.0,0.0,0.0,0.0,407.65317,949.7469,-201.0,1500.2894,1035.3481,-201.0,2387.9612,823.65106,-201.0
1.5683154,0.45493945,1.6628014,-0.0019839285,-0.0336255,0.83465534,-3.5592709,31.430214,-2.8719358,-25.289536,0.0,0.0,0.0,0.0,0.0,0.0,391.3726,1031.8312,-133.25145,1483.2476,1153.7609,-137.28526,2366.8542,753.16205,-141.02486
1.4956427,-0.8834756,2.4360733,-0.0026127293,-0.028860556,0.79307246,-2.6205945,31.996218,-3.0173624,-24.80694,22.09121,0.0,0.0,-8.445966,17.663963,13.729847,401.41977,1095.0303,-65.86827,1473.8599,1354.5518,-74.05973,2361.2874,507.86057,-80.37048
1.2502412,-4.2581973,6.066771,0.0062686293,-0.02644238,0.6296494,1.2007655,28.595118,-3.9855745,-21.508078,22.151894,0.0,0.0,-5.7935786,17.44632,14.971398,388.9943,1078.9117,1.213946,1430.1393,1100.226,-11.321518,2481.3577,367.21756,-22.095871
1.070469,-7.5822654,11.330666,0.0022559587,-0.02613668,0.37591636,7.638082,22.57753,-2.5796158,-18.257566,22.386887,0.0,0.0,-4.085322,15.23338,16.291267,404.5028,1024.7388,0.101375975,1397.1641,991.0273,-15.851558,2498.723,345.71338,-25.307081
0.8984527,-10.902622,17.014078,0.002204636,-0.02286254,0.28435588,14.2504,17.509834,-3.698435,-14.257362,22.640434,0.0,0.6674081,-1.1595274,13.014454,16.990255,401.93506,990.53705,-8.237113,1368.351,841.9808,-17.442894,2531.3496,439.42688,-28.141493
0.7788492,-13.797108,22.049685,-0.008067056,-0.02437061,0.25237462,20.113596,14.148575,-3.1765537,-8.775094,22.012167,0.018066423,0.47756746,-3.1130598,7.25339,16.57493,417.2587,954.6889,-9.797037,1365.7637,794.33374,-18.110304,2523.0862,546.3012,-27.420082
0.7505176,-14.2192,22.635208,-0.012240801,-0.025646746,0.21992254,20.023884,13.737579,-4.847364,-8.142128,21.133488,0.018066423,0.09788626,-5.373295,4.1446996,18.660536,422.20212,946.8737,-8.1686735,1385.1666,799.7287,-13.280545,2533.384,592.45917,-22.129221
0.8984156,-11.526311,18.258835,-0.022382453,-0.024077691,0.3056835,12.434138,18.313515,-4.268526,-6.083484,20.026783,0.018066423,0.09788626,-9.141813,67.89236,24.673216,429.27078,924.07227,5.082234,1437.266,767.92755,-6.8535194,2565.195,459.61026,-14.960973
1.0542883,-8.0219755,11.602619,-0.017678378,-0.01978668,0.35886574,4.404938,22.50292,-6.99497,-7.3903084,18.579048,0.018066423,0.09788626,-11.47067,70.36205,31.558228,423.40198,918.6577,10.517621,1455.73,761.64923,-2.3988488,2546.552,289.03333,-11.108231
1.3915215,-8.159736,12.356412,0.011035175,-0.017537521,1.1437114,5.1298256,24.87707,-8.546668,-2.7044563,17.34275,0.018066423,0.09788626,-12.491412,72.98977,35.90681,400.3743,1043.1418,4.1735835,1411.8658,824.0782,-8.986895,2461.8494,405.63077,-18.416483
1.5391202,-13.886199,22.181742,0.01740338,-0.024781695,2.5401056,18.428957,21.065826,-6.093315,1.8490151,16.15584,0.018066423,0.09788626,-9.040496,9.432839,36.67352,350.20178,1421.8309,-9.126187,1303.6989,1137.7291,-21.828669,2328.304,853.67847,-28.661118
1.4943256,-21.713144,33.83094,0.0037873115,-0.022628596,3.5214052,27.203684,21.742376,6.412375,8.274882,16.417837,0.018066423,0.09788626,-4.4297547,8.032831,32.000946,322.7407,1507.1615,-22.43112,1250.7382,1165.1674,-34.543324,2285.8313,900.7037,-37.01714
1.2381531,-24.980639,37.865536,-0.057317626,-0.018568825,3.8054352,27.622252,21.350447,17.522043,12.587113,16.990612,0.018066423,0.09788626,-0.86689186,6.327,27.161642,290.80508,1547.5333,-23.638422,1279.9923,1105.1156,-38.36255,2353.5828,810.2237,-37.43562
1.0312141,-26.381495,37.758442,-0.08942268,-0.0115547255,3.116202,22.376143,22.613474,24.468216,17.711308,17.451883,0.09123496,0.26001006,-1.2555653,4.594481,24.384483,281.67798,1376.4967,-21.89833,1336.4186,897.03827,-38.29777,2396.539,559.10895,-38.212025
0.9985123,-26.294703,36.64244,-0.11358831,-0.013670904,2.4514961,19.316519,23.607416,26.324104,18.93521,16.722887,0.16440351,0.42213383,-10.529933,7.4678483,27.844803,272.10535,1381.472,-16.763035,1402.5394,882.21246,-32.615673,2398.7234,512.4253,-34.52137
1.0048562,-27.531786,37.100266,-0.10402369,-0.01720639,2.0809958,19.716782,26.863113,28.613007,19.192497,15.782077,0.23757203,0.58425766,-12.701073,10.426579,29.255793,283.35208,1340.5646,-16.094732,1413.0234,880.2402,-26.176453,2405.755,519.6416,-29.788925
1.0199534,-26.108994,34.52222,-0.088771075,-0.017490646,1.9247217,17.389294,28.780832,26.924057,16.85973,15.627322,0.23757203,0.58425766,-11.915568,13.071996,29.30188,298.29688,1271.1978,-18.91068,1405.6045,817.5926,-23.251596,2416.8486,461.04172,-26.329544
1.0283834,-21.266644,28.850136,-0.0695954,-0.014323469,2.2021263,14.246509,25.769056,22.397446,16.651005,16.35888,0.23757203,0.58425766,-3.5602875,11.466286,26.118027,622.9492,1058.1437,-23.84508,1691.3506,655.92706,-26.297201,2741.6416,478.5592,-27.641953
0.97327465,-19.413643,27.47998,-0.08211735,-0.012373158,2.0614889,11.002688,22.7053,18.2948,18.379866,16.887291,0.18077505,1.0241209,-2.0570428,11.496032,23.440557,606.8503,1103.3951,-25.220228,1691.602,601.8951,-27.619377,2765.3113,515.50226,-28.82628
0.90573883,-18.300322,26.179087,-0.09631146,-0.014974215,1.6436027,10.123429,20.067198,19.461832,18.97902,16.936224,0.15237656,1.4639841,-2.1651957,11.314679,22.017038,609.1359,1128.8724,-23.211586,1721.5619,582.4725,-25.49723,2767.7463,622.6218,-27.62828
0.80265194,-19.274462,26.640839,-0.102158,-0.01892236,1.2813472,11.959437,18.394876,15.040061,20.019163,17.017849,0.0,1.9038473,-3.524278,12.426114,20.64978,281.50964,1473.4452,-19.076149,1360.5568,813.0168,-19.975819,2349.624,807.6452,-23.848068
0.7158229,-16.109259,22.641047,-0.083240874,-0.016609514,0.8413119,13.204761,14.399608,10.758986,16.582985,17.07612,0.0,1.9038473,-4.8754187,11.187856,20.635153,342.82266,1413.461,-14.927043,1324.3468,941.3506,-14.912555,2222.2966,806.11847,-19.543932
0.6276309,-14.508962,20.715246,-0.065835595,-0.0107391,0.7114577,15.946584,11.057515,7.25318,15.631648,17.08185,0.0,1.9038473,-5.927538,11.326595,20.295221,309.18216,1517.4845,-10.129295,1247.9015,1036.0021,-12.240036,2134.4316,778.6159,-15.890712
0.618124,-12.776844,21.88028,-0.05209743,-0.008601367,0.48231623,15.721887,10.349093,5.080253,13.097659,17.0474,0.0,1.9038473,-6.057199,12.58101,20.810974,353.93936,1370.7095,-8.245088,1279.3372,960.5225,-11.570825,2294.8535,755.68695,-15.410179
0.6960895,-11.203687,19.45422,-0.048813287,-0.009194893,0.3899481,12.092893,13.959969,5.618904,9.555783,17.029873,0.0,1.9038475,-6.2134323,13.388744,20.703304,349.22815,1401.2003,-72.40034,1295.5651,909.33276,-75.358315,2406.8552,700.1992,-77.5905
0.87118053,-7.3381743,15.207825,-0.048144545,-0.007433137,0.3796233,4.2998824,20.280636,3.7437437,4.948132,0.0,0.0,0.0,0.0,0.0,0.0,717.4279,1123.6115,-137.12671,1720.7842,597.7629,-138.36206,2747.9114,698.84906,-139.86827
1.0962367,-2.7490215,7.965365,-0.04898062,-0.007294061,0.42657736,-3.4691737,24.726295,5.900589,-0.33928823,0.0,0.0,0.0,0.0,0.0,0.0,725.94574,1195.4323,-201.0,1721.7202,524.5611,-201.0,2634.9224,531.38885,-201.0
1.3908006,2.6016572,2.2971742,-0.043519977,-0.007105386,0.6124192,-10.685493,27.440733,6.883554,-5.165671,0.0,0.0,0.0,0.0,0.0,0.0,799.22485,1054.548,-201.0,1843.5059,432.413,-201.0,2420.0552,409.91306,-201.0
1.5520006,6.3185315,-1.2328609,-0.036124345,-0.007827959,0.76011306,-15.169452,28.275812,8.649335,-9.396704,0.0,0.0,0.0,0.0,0.0,0.0,524.5855,1153.4987,-201.0,1546.538,631.0777,-201.0,2067.551,511.52914,-201.0
1.6631242,8.828063,-3.4776833,-0.031876203,-0.009357825,0.86142534,-17.626204,28.260918,7.505029,-12.071411,0.0,0.0,0.0,0.0,0.0,0.0,561.3658,1030.3463,-201.0,1691.6781,413.99484,-201.0,1946.911,597.67017,-201.0
1.5936575,7.417231,-1.8898964,-0.03794178,-0.011093951,0.8303563,-15.292152,28.77822,6.2208495,-9.59121,0.0,0.0,0.0,0.0,0.0,0.0,523.8303,1101.2811,-133.85603,1706.935,453.46826,-138.91959,2061.9104,541.2588,-139.89534
1.4603096,5.603499,-0.65769666,-0.039766606,-0.014325517,0.77230304,-12.867808,29.417929,1.8324372,-7.3339496,16.731894,0.0,0.0,-8.183174,1.030507,22.151913,506.52298,1130.0424,-64.55095,1660.7578,464.76904,-76.40308,2163.239,375.92285,-79.9003
1.2250396,0.48170933,3.6166847,-0.020071609,-0.01582364,0.66657746,-5.7661643,28.716675,-0.044323444,-3.5484984,16.570549,0.0,0.0,-6.4859886,-0.68807703,21.886877,468.5483,1098.9557,5.9040146,1546.9545,679.1576,-12.625298,2470.17,308.92984,-18.822441
1.0921708,-6.9512634,11.6807165,0.002508372,-0.019508777,0.8920422,4.483242,28.810392,-1.5319648,-4.148441,16.151674,0.0,0.0,-3.5775354,-3.4076948,21.53489,422.06393,1072.3647,9.49661,1393.8296,732.8125,-10.483979,2543.405,452.87695,-18.040419
1.122428,-13.662152,19.54769,0.026628563,-0.022667626,1.1214064,16.247015,23.893045,-0.39674434,-8.599849,18.292816,0.0,0.0,-0.49837017,3.575615,20.743612,400.49393,1063.3175,11.150357,1321.6113,831.91986,-8.760272,2534.4402,428.06677,-15.694854
1.2455302,-17.504375,24.202202,0.019950654,-0.02461007,1.2212182,23.697184,22.508476,1.5013919,-11.618134,18.79573,0.0,0.0,-1.3622518,4.294195,19.81188,378.2732,1102.9512,12.162467,1237.3003,903.8071,-7.6211624,2401.9287,380.01187,-13.905189
1.3424935,-17.37177,22.529032,0.022691065,-0.026341258,1.0273865,26.254103,19.298464,0.5195911,-14.027242,19.270008,0.0,0.96406054,-2.9372923,12.933311,21.178837,380.5048,1129.0614,13.51706,1201.0029,923.7451,-5.7276664,2381.1458,326.98532,-13.637035
1.3225237,-18.31186,22.000025,0.026210973,-0.033088136,0.81010437,27.656105,19.638468,-0.37507033,-15.639287,17.365211,0.026295027,0.93518853,-5.132966,12.868556,23.00003,377.8396,1171.645,15.070231,1156.8763,937.8032,-4.043594,2374.1594,277.56137,-14.87783
1.2657596,-20.577126,23.807226,0.041408774,-0.039028812,0.87403965,30.195358,20.566614,-1.2828585,-17.966585,17.053745,0.026295027,0.87744445,-4.4694753,19.813852,27.13211,569.1131,1197.1484,8.151335,1530.1586,836.6155,-8.073791,2712.2083,303.41827,-17.961117
1.12684,-23.068232,27.74531,0.051458087,-0.045039076,0.91264373,31.86228,21.457724,-0.49951982,-16.818827,16.864382,0.026295027,0.87744445,-4.692467,18.42481,27.61957,762.2973,1211.414,-0.01612409,1863.3822,709.14746,-13.310853,3040.7393,328.68823,-18.539722
0.97897524,-24.680159,31.755274,0.045840856,-0.04474766,0.8796673,32.83253,21.846067,2.0070636,-13.489001,15.765479,0.026295027,0.87744445,-5.2182007,9.002313,22.403826,958.06903,1255.0477,-9.438466,2219.7344,609.9595,-18.007769,3388.908,333.37064,-17.17433
0.8240536,-24.809072,33.41289,0.019987373,-0.03552331,0.8744599,33.714985,20.191635,5.859648,-4.365049,14.655557,0.026295027,0.87744445,-6.789767,-0.47284064,16.295307,760.36945,1294.2905,-5.8758407,1856.4017,773.2573,-18.597664,2976.4668,461.8474,-15.289719
0.9350464,-18.48796,26.553003,0.007320387,-0.02226417,0.9001005,22.448568,23.930048,8.8812475,-3.6798432,14.426132,0.026295027,0.87744445,-8.098976,-0.19358699,15.190471,514.64606,1391.653,-7.0146656,1665.6172,995.9987,-19.473795,2634.3584,498.5646,-15.315605
1.0672358,-13.365211,18.870518,0.0036557345,-0.009171755,0.99376637,12.2797575,28.905533,8.928791,2.89594,14.353566,0.026295027,0.87744445,-7.79474,0.7526417,16.685781,309.29825,1335.0128,-2.3554003,1428.9014,1071.3993,-21.20907,2297.9695,571.05725,-17.155983
1.2375814,-10.085389,13.383731,0.009075186,-0.010070177,0.9301197,3.1580734,35.133045,8.632556,1.7750454,14.405812,0.026295027,0.87744445,-6.3930717,2.9931815,21.155527,311.7077,1294.8016,-0.8282706,1548.6266,1138.7316,-21.464891,2289.7292,568.4848,-19.911024
1.1197997,-12.597206,15.446114,0.015293318,-0.013707564,0.9219807,6.2332406,35.92909,6.598339,4.540051,20.040083,0.35086334,1.3432425,-2.1364377,1.7162765,25.801115,364.14774,1217.9849,5.7624764,1520.0132,1247.3163,-22.97106,2246.7249,620.267,-23.718542
0.9974738,-15.903873,19.773512,0.014008228,-0.020401895,0.78801984,11.474774,35.451977,3.2199566,3.1111767,26.600143,0.6754317,1.8090404,1.3920878,8.103814,30.423395,380.00146,1184.8994,7.987166,1495.3076,1275.6144,-20.958473,2257.461,730.48016,-24.47985
0.9496858,-19.01541,24.82622,0.03514107,-0.02306518,0.9129073,19.104834,30.92584,-0.4560921,-0.6560742,33.09627,0.70312816,1.8761091,4.458272,12.750397,34.130264,379.82358,1228.9307,8.40768,1360.9645,1215.818,-17.982527,2297.3123,689.97046,-25.722586
1.049497,-21.675116,28.69394,0.052270103,-0.024964446,1.0426584,26.303581,24.171576,-4.782423,-4.7636743,33.123226,0.39006317,1.9758745,4.6991086,10.900691,29.932022,579.7099,1151.1505,2.018631,1597.4834,919.7995,-12.835883,2762.925,548.295,-20.977043
1.2284719,-19.112234,27.937948,0.052814156,-0.021106623,1.3248109,29.300726,17.75022,-5.1906166,-7.7052007,33.0952,0.06100941,1.2661694,4.116808,8.582699,24.822649,547.6945,1230.0387,-1.4324656,1514.1115,882.1477,-10.858405,2705.1648,412.33847,-16.128075
1.3890038,-15.434127,24.351639,0.045708906,-0.01473946,1.2351998,25.736143,14.37662,-5.4405894,-6.84968,33.06394,0.033988107,1.2114702,3.4778016,6.5923467,16.846586,491.47852,1280.004,0.0,1510.1962,801.82104,-11.303922,2706.6885,374.37955,-8.900425
1.4832922,-10.561732,18.55353,0.038108427,-0.010527096,1.1718508,20.264303,11.1910095,-1.591569,-1.240362,33.050587,0.018452853,0.5987977,3.1534417,5.3332686,13.50116,212.58722,1410.0114,0.0,1178.1525,818.49176,-13.153798,2253.3606,469.37247,-6.389876
1.5841204,-10.192375,15.318066,0.037360914,-0.0131531805,1.0818138,17.410328,8.960471,6.1695504,1.5970646,33.056732,0.019080438,1.4080772,3.1160605,4.906689,11.694514,232.0861,1311.1464,0.0,1256.202,749.1431,-14.940721,2261.636,504.66605,-5.259905
1.6081811,-8.4599695,11.674297,0.03093077,-0.0181045,1.0917757,15.021464,6.2968574,13.379605,3.7667859,33.057953,0.016445862,1.7238032,3.1006825,5.2969337,10.37019,273.77954,1167.5222,5.754327,1332.063,604.4727,-14.293678,2274.4104,529.58,-4.445925
1.6676403,-8.294836,11.679448,0.023824578,-0.022170804,0.87135035,14.533711,6.4328938,18.711432,3.0273917,33.033543,0.019237861,1.877869,2.3460383,6.652323,11.572934,331.75635,1021.19775,5.0406857,1393.0103,473.58487,-13.351436,2309.1243,541.8776,-6.532248
1.6758543,-7.331249,11.3433275,0.03005269,-0.025670767,0.7359764,13.098995,6.6806564,20.523941,2.1327615,33.01602,0.021496091,1.5300229,1.912377,7.490273,12.568295,337.28775,940.2446,-63.99585,1422.04,332.0682,-75.04667,2339.1453,526.1001,-72.37471
1.6082629,-7.1621356,12.525449,0.040021796,-0.025913062,0.75632817,12.983354,6.0842643,19.861343,5.373549,0.0,0.0,0.0,0.0,0.0,0.0,317.40366,968.44904,-132.79553,1408.184,304.7001,-138.26512,2340.8066,502.34363,-138.0874
1.317942,-9.524989,13.664005,0.030259103,-0.026484981,0.9245865,16.114452,8.175584,20.838472,6.154405,0.0,0.0,0.0,0.0,0.0,0.0,337.3277,978.81934,-134.29707,1439.4606,430.5494,-140.54427,2333.2068,540.9766,-137.88297
1.0547765,-12.633924,17.320692,0.030474892,-0.024068145,0.99201137,19.62261,10.033751,19.721498,8.098123,33.974827,0.0,0.0,1.3855256,9.4989,9.428507,344.68945,1046.9474,-67.04504,1444.5739,613.4386,-79.619484,2324.4502,601.87335,-73.33071
0.9432381,-14.607159,18.480993,0.019240385,-0.025271462,0.9083893,21.741186,12.338898,20.868492,6.1045327,34.0154,0.0,0.0,1.985517,7.7626395,8.89643,370.98,1062.4618,0.7031703,1464.9023,728.7723,-16.86141,2352.6663,669.13983,-8.193259
1.2085134,-13.082661,16.138002,0.024146155,-0.02312219,1.1251069,21.098307,10.244389,24.43081,10.24258,34.07623,0.0,1.8419194,3.0343602,4.8055205,8.134369,357.51053,1081.9542,1.9705176,1432.3052,673.534,-13.069298,2364.6018,631.71295,-6.1638513
1.4841443,-8.837482,9.921207,0.018710913,-0.022305733,1.2523211,18.544062,5.088727,24.611643,11.305173,34.099667,0.04923787,2.0850236,3.6407135,3.0924423,8.856802,352.51346,1068.8722,2.9105885,1413.319,590.0704,-9.145053,2370.0188,598.08374,-5.9462132
1.7451123,-7.55226,7.46891,0.0267078,-0.022438057,1.312384,17.999884,2.6553562,22.025904,9.881749,34.08754,0.035700295,2.3240483,3.8388188,3.0382776,10.631259,363.563,997.1628,3.1184711,1395.8922,561.1479,-7.983457,2351.3506,512.02704,-7.5127873
1.7961731,-6.981726,8.628613,0.02637287,-0.027496785,0.9954688,17.951263,-0.066305794,17.6288,1.6896085,34.054516,0.017828546,2.031085,3.496233,4.540468,13.80643,356.91748,1000.94904,2.193505,1366.3756,579.3088,-11.890839,2342.8118,470.76767,-11.612926
1.7663938,-8.596202,11.497548,0.026764208,-0.028369615,0.7765195,18.902407,1.7868067,16.010698,-2.007147,34.073948,0.005838068,1.6786722,2.9831457,7.7800345,17.584742,356.89127,1001.78925,0.022587776,1347.9359,611.4575,-17.496033,2331.2322,434.9734,-17.562155
1.5179268,-9.704029,14.271785,0.02284968,-0.024717344,0.78091973,19.822252,3.749153,16.773357,-1.1964508,30.13106,0.16900916,1.6037306,2.752971,12.168892,22.3845,305.7946,1184.9219,4.4275193,1328.1869,738.31396,-19.500687,2289.7195,522.3603,-17.95698
1.2136585,-14.355203,19.097918,0.028622827,-0.020804016,0.9130726,22.84179,10.852493,17.462389,4.8387823,26.173803,0.17717402,1.7036735,3.1084702,16.25143,25.911682,318.9798,1200.9519,8.118655,1334.5831,838.6171,-18.525314,2264.2773,575.24274,-16.059227
0.9336524,-18.253107,22.81635,0.035022847,-0.022447027,0.9567828,26.610964,15.586746,19.504131,7.526287,22.167498,0.19279402,1.6590306,3.7148468,18.477343,28.27314,328.65353,1256.1143,12.345441,1331.6871,1054.6693,-16.993593,2193.951,627.06696,-11.904086
0.84305996,-22.58909,26.458578,0.0377571,-0.026679695,0.9185559,31.525316,18.91662,22.709724,10.00949,22.166367,0.02745724,1.2358514,4.1497045,18.858606,28.960466,382.99072,1158.836,9.78551,1354.2924,1140.4761,-19.138441,2171.3306,643.9917,-12.605664
0.7942702,-23.252508,26.33645,0.036231395,-0.028484397,0.80443865,32.99928,17.989805,21.462618,9.660306,22.167528,0.026809366,1.0476109,4.0317764,18.574284,29.528824,388.02112,1244.892,8.645328,1327.1366,1317.9681,-17.928495,2110.4104,683.5169,-13.554886
0.74703187,-25.279572,28.563097,0.025395008,-0.027607555,0.7475026,34.141872,19.582182,20.194796,12.057597,22.122835,0.017412273,0.97464395,2.5848544,18.267492,28.835571,510.65308,1330.2765,3.5394814,1538.4818,1121.9606,-15.518235,2526.4768,767.81036,-13.361289
0.7192171,-25.245108,28.17647,0.019030528,-0.026574964,0.71894145,35.457607,18.829458,18.229704,11.655234,22.07019,0.025054386,1.2779868,1.6803483,18.182243,28.444906,568.181,1455.6385,-66.261604,1731.0309,967.6597,-75.28841,2925.2551,834.179,-75.83576
0.71122605,-26.689962,30.369034,0.015319436,-0.02545997,0.6879166,36.527256,20.997011,18.957018,11.435459,0.0,0.0,0.0,0.0,0.0,0.0,665.53174,1524.8834,-135.85786,1973.3839,784.6441,-137.8142,3314.872,870.8154,-137.83061
1.2778144,-17.418417,24.691025,0.022901108,-0.012696925,1.1526278,28.506216,13.592238,10.527377,8.390544,0.0,0.0,0.0,0.0,0.0,0.0,722.5667,1347.0751,-201.0,2006.5739,828.54736,-201.0,3282.627,683.37616,-201.0
2.1417797,-9.153771,18.13585,0.037300337,-0.0038990416,1.4824144,17.876463,8.37466,1.4956101,3.6925337,0.0,0.0,0.0,0.0,0.0,0.0,864.86005,1151.6744,-135.1147,2067.199,869.2548,-138.53453,3246.9617,518.4555,-141.87352
2.9796493,0.5314254,8.57586,0.031994466,0.0049415017,1.928883,6.7501335,-0.14209335,-8.257735,1.6102053,34.474022,0.0,0.0,-1.0627911,11.70624,17.854467,814.2744,871.25104,-73.891624,1945.5187,861.5056,-75.56234,3052.325,814.1375,-81.91763
3.1013308,0.4379929,9.215198,0.032209184,0.0038551555,1.9326075,6.3851953,-0.35806322,-9.100804,1.2309245,34.396317,0.0,0.0,0.42984286,13.096862,16.674513,704.4682,1019.72754,-12.934484,1707.582,1346.2859,-14.011996,2670.7927,1281.6149,-20.439325
2.6351626,-1.6570611,12.170966,0.020378629,0.0058092023,1.9537543,8.059251,0.98138934,-5.0973516,4.7865477,34.265373,0.0,0.0,2.731045,16.190107,17.05747,734.75726,996.61206,-17.14539,1777.2604,1247.1359,-14.539506,2677.4172,1408.497,-18.870605
2.1444254,-4.804566,15.603897,0.024666876,0.0032094258,1.5265507,11.304321,4.336956,2.2753289,7.2070184,34.124508,0.0,0.90252715,4.355289,19.388762,19.87207,932.6176,1144.317,-16.99041,1931.725,1291.2451,-15.211539,2860.738,1345.9471,-19.05573
1.7852182,-8.382796,14.935603,0.03478637,-0.004071302,1.145748,13.535558,7.9722047,10.453118,10.004315,34.004913,0.07804925,0.6473815,4.7949147,22.153547,21.823019,814.62787,1220.8823,-16.421322,1999.9872,922.94824,-18.769457,2856.5417,1179.997,-17.965971
1.6923345,-8.823077,12.825162,0.046141263,-0.0051789223,0.78732085,13.450223,8.558006,14.948016,9.906216,33.830456,0.053040013,0.8238921,4.867617,23.476145,25.010017,837.8499,1286.9551,0.0,1904.1871,931.5842,-16.734373,2860.9265,1214.399,-18.240051
1.5987024,-9.215526,12.380343,0.061350983,-0.0029891015,0.7431001,12.950162,10.054069,20.352692,10.3998375,33.575684,0.035974648,0.35612205,4.7778983,23.602102,22.621485,492.92175,1399.984,-19.660765,1702.4585,887.40753,-21.017359,2520.9348,995.4702,-13.136704
1.5530564,-9.455442,12.629802,0.056429625,-0.0007873086,0.71622235,11.878247,10.8968,24.277506,10.914477,33.22053,0.008358541,0.43425012,4.869456,22.773005,21.415567,516.03705,1250.3112,0.0,1713.837,628.0034,-20.575544,2609.1306,993.3381,-9.701379
1.4777174,-10.2880125,13.551688,0.061930448,-0.009196614,0.7269992,11.943882,13.652766,28.597971,9.561172,32.86994,0.011314156,0.32003468,4.898127,21.77372,16.184237,246.0514,1163.1428,13.41741,1541.125,433.58255,-26.391304,2333.1667,923.9788,-3.2102306
1.4607376,-10.267209,13.43259,0.052456874,-0.016432421,0.7342525,10.598506,14.890964,29.784353,9.089984,32.571712,0.012169975,0.37229633,4.3923416,19.823614,14.071693,329.05768,941.2641,12.42203,1551.9034,160.75839,-26.36357,2410.8342,862.82324,-1.6496645
1.4711566,-9.1609,12.104627,0.05139509,-0.02263385,0.73028183,9.408543,14.989961,32.031597,8.182374,32.27229,0.010830712,0.8111771,2.8906033,15.839897,13.0653925,330.9723,851.6667,11.044125,1520.1953,46.17448,-25.098558,2422.4697,672.30615,-2.0212681
1.4856348,-7.632503,10.277602,0.041216422,-0.019796304,0.7327847,7.701033,15.250655,34.006577,10.619919,31.908907,0.0099653555,1.0554568,2.2219856,10.913747,12.238853,322.63943,863.63934,9.65124,1498.0723,52.09976,-22.940874,2402.9504,630.18066,-2.5876133
1.4623265,-6.0629125,8.513738,0.039680287,-0.02262803,0.90619296,7.997702,14.385563,33.93853,11.292417,31.520105,0.00834694,1.3148706,1.9772835,6.1545997,14.3368225,327.85342,869.1423,8.291394,1488.8857,64.09622,-20.936127,2390.7021,612.2238,-6.045428
1.4142337,-5.8472533,7.9125924,0.04298809,-0.024406359,0.91571194,7.5462074,13.467709,33.37817,11.845604,31.193497,0.010039399,1.0691,2.6479604,3.7130044,15.62487,325.42636,904.1853,6.720083,1474.8032,110.42899,-20.744461,2372.1697,600.4481,-8.904787
1.3960553,-6.4745803,8.070335,0.053177666,-0.028018693,0.803358,8.659426,11.543407,31.231085,10.984702,30.946188,0.011354205,1.1570578,3.0345013,2.8981597,17.332525,330.6033,917.5803,5.391504,1472.7262,159.91933,-21.473206,2358.5237,590.6563,-11.941021
1.377099,-8.5967655,11.160053,0.046316016,-0.025100952,0.69371015,10.092878,13.109737,29.490583,10.046486,30.760447,0.010332183,0.94446164,3.0610142,3.1626503,16.603434,334.43475,926.91925,4.929933,1468.0033,244.44072,-21.043745,2361.7913,559.398,-11.6735
1.3735944,-10.144921,12.87413,0.04309909,-0.023381261,0.682517,11.98113,14.679517,27.092524,7.4873652,30.64046,0.009518233,1.282971,2.1173131,4.2744727,17.333025,342.25204,912.554,4.546165,1457.9535,301.98868,-22.602081,2363.047,490.17508,-12.78686
1.2945882,-11.088977,13.809216,0.026053516,-0.021705838,0.81733847,12.539996,18.220402,25.395914,5.0615172,26.297995,0.17488003,1.2585009,-1.1502849,7.6890106,19.346739,350.10507,927.8711,3.7971632,1439.9902,433.05893,-21.271317,2354.4202,404.21652,-15.766704
1.2403227,-9.584763,12.146796,0.022772765,-0.025258064,0.78692514,9.525568,21.659372,23.417833,0.79469687,21.834536,0.18176596,1.4566478,-4.7103534,73.34746,17.446321,659.3226,790.17694,-5.950107,1797.1865,416.81705,-22.270082,2598.9126,314.50168,-15.0056
1.177907,-5.7711105,8.915835,0.013770794,-0.023303144,0.81054384,4.0873265,28.570923,23.998358,-3.8260982,17.462496,0.2674975,1.2018051,-6.9077168,107.14884,16.377628,660.8831,763.49023,-74.13708,1896.9594,504.4443,-80.60266,2639.384,240.55748,-76.664665
1.1649572,-2.1488643,5.7214866,0.005309125,-0.02337531,0.7440398,-0.8408582,34.907516,21.981535,-10.205414,0.0,0.0,0.0,0.0,0.0,0.0,667.332,718.7605,-142.0916,2060.0305,480.79575,-141.51964,2668.6338,295.75925,-136.9945
1.224453,0.4804655,2.089383,0.011339645,-0.022418179,0.6939462,-4.168774,39.327297,22.818388,-14.688006,0.0,0.0,0.0,0.0,0.0,0.0,358.60754,820.6231,-201.0,1828.8995,575.1683,-201.0,2375.6218,308.8694,-201.0
1.2672296,1.3157033,0.94736975,0.008722222,-0.023069067,0.6127508,-6.780849,39.214024,18.884928,-16.296907,0.0,0.0,0.0,0.0,0.0,0.0,367.86496,785.68896,-134.78822,1810.937,577.2606,-142.09459,2367.9124,385.0936,-140.7415
1.3569206,1.0528929,1.0420705,0.0126049565,-0.022687763,0.57476807,-9.714263,41.503284,16.323732,-11.555423,16.7994,0.0,0.0,-8.243227,16.112667,21.290115,365.73813,778.0716,-68.50104,1770.0392,630.7852,-83.26991,2358.8455,367.7974,-80.533356
1.3541194,1.7343931,0.6828597,0.008945579,-0.017003044,0.54716897,-11.425349,41.05643,11.328732,-7.838116,16.779371,0.0,0.0,-6.5125985,15.4400215,20.888754,362.08096,856.1639,-2.0762348,1759.6764,529.2064,-22.725363,2334.5217,314.13657,-19.988806
1.144915,-3.0120516,5.398056,0.016173134,-0.019490065,0.5730068,-5.6273656,40.813152,10.564164,-6.128706,16.741549,0.0,0.0,-4.2530227,13.916081,19.765413,368.7267,906.3051,-1.8336844,1817.5114,375.83554,-19.177845,2482.2852,251.64262,-19.199854
0.86682636,-9.289251,12.768776,0.017929751,-0.022433555,0.48744997,4.203928,34.813435,10.282077,-2.9297225,16.713524,0.0,0.0,-3.1343927,12.344566,18.923513,379.9689,968.80347,-68.120865,1734.2485,448.72073,-78.00251,2461.438,393.00192,-79.408005
0.6449187,-14.563367,19.87511,0.01917881,-0.024651946,0.4105302,13.985695,25.844055,9.472436,0.73607665,0.0,0.0,0.0,0.0,0.0,0.0,392.6306,979.9982,-134.54567,1597.2491,617.363,-138.54706,2525.2341,605.5324,-139.95256
0.7559741,-12.986106,18.777742,0.0034077012,-0.023021968,0.35270774,16.82029,15.591782,8.007873,2.067423,0.0,0.0,0.0,0.0,0.0,0.0,405.59375,1003.90985,-201.0,1476.7804,788.68994,-201.0,2370.854,843.6296,-201.0
1.1101383,-6.8128963,12.772102,0.0077841305,-0.017616509,0.5290336,14.638717,2.7551858,3.8344412,-2.2424612,0.0,0.0,0.0,0.0,0.0,0.0,401.21915,1066.394,-131.9749,1408.5961,836.4754,-134.9823,2330.6614,829.2989,-137.47363
1.5789725,-2.6054182,8.677415,0.0317203,-0.011937279,0.73793244,10.134221,-2.6730144,-1.4514478,-4.8194966,33.086285,0.0,0.0,0.6825607,15.180717,17.169144,631.6263,985.48334,-69.06521,1644.8275,838.47845,-73.82091,2651.6287,680.66284,-74.821846
1.7938868,-0.3392544,6.052732,0.05624843,-0.007968913,0.8836538,6.1798363,-2.9087493,-4.2535844,-1.3743159,33.018795,0.0,0.0,1.7251953,14.831299,20.600779,878.2508,1046.8093,-6.5611115,1862.9137,990.4836,-14.048045,2905.0723,487.92163,-15.51917
1.8906618,-3.9334576,9.848849,0.07024568,-0.010872409,1.315146,7.398936,4.224541,-1.8750638,0.2004401,32.7643,0.0,0.8849203,3.4917285,12.6535,21.81592,844.2532,1108.4733,-12.879328,1878.2026,956.4533,-16.962475,2925.6143,504.87173,-17.35602
1.8314675,-8.765794,14.071574,0.061828267,-0.015727485,1.3904473,11.891632,9.940757,4.018033,2.136967,32.404068,0.0,0.8849203,3.684901,7.7231903,24.069595,555.92065,1330.1688,0.0,1608.001,1030.6342,-16.06394,2550.2512,646.81836,-20.466043
1.8708078,-11.971588,19.777596,0.063769124,-0.017785437,1.4814364,17.63175,9.997432,3.3065245,0.13773584,32.00489,0.0,1.0172931,3.1768703,2.4758036,22.312922,549.5164,1281.1115,0.0,1607.208,868.5925,-15.016563,2615.8137,604.796,-19.874598
1.8031249,-11.611796,20.35532,0.056488786,-0.021440813,1.276295,20.122747,7.2407284,1.9786897,-0.1279149,31.639069,0.03542824,0.9049654,2.5382214,-1.0871649,20.447,555.5444,1311.8668,-6.364541,1563.6293,917.76953,-14.143884,2608.6948,583.66595,-19.09334
1.772309,-10.781878,20.68178,0.052447353,-0.024871329,1.2753675,22.163897,4.350842,0.18690367,-3.728627,31.31903,0.029358966,1.0718318,2.51456,-2.947436,16.55139,604.2129,1237.253,-3.6029594,1563.6779,917.14276,-12.275508,2652.9988,585.6072,-15.300458
1.7649399,-11.024249,20.710123,0.05337343,-0.025598655,1.194738,23.085752,3.7461998,0.9280649,-5.382076,30.988905,0.031378943,0.92427045,2.8493881,-3.544759,13.384503,315.86923,1360.9928,2.1480703,1260.4071,1014.4043,-8.562245,2262.5974,739.3637,-11.236434
1.7084775,-11.435253,21.236143,0.076614015,-0.025900709,1.0170358,23.846731,2.3916662,-0.1811701,-6.954111,30.691298,0.018992415,1.3649372,3.0617142,-2.6976616,14.923877,295.62317,1412.6793,2.7440023,1256.08,1064.4196,-8.30969,2237.4639,772.34674,-11.701577
1.6650854,-11.172181,20.026434,0.07750286,-0.030397112,0.7772611,23.926733,0.35253513,-0.60062766,-8.546613,30.270988,0.017149411,1.1633325,3.045375,-0.73937577,19.478905,515.3559,1434.379,0.0,1517.5707,1008.9534,-8.982417,2599.908,735.87384,-15.613052
1.5904709,-11.473381,18.815443,0.077398695,-0.040278304,0.68818814,24.965652,-0.8565523,1.611539,-10.478127,29.87145,0.013682532,1.403214,3.337086,0.50851184,22.46139,732.09015,1547.542,-10.002602,1768.9987,1014.174,-13.525447,2935.9255,851.1968,-18.954128
1.5441712,-12.176091,18.267298,0.057393298,-0.040463984,0.6798784,25.537256,1.0794588,3.2966368,-8.903848,29.52873,0.011809844,1.0277964,3.83928,0.19643466,23.154028,771.65424,1481.768,-6.278322,1798.3165,1025.3414,-14.098686,2938.598,848.20264,-20.649652
1.4621359,-12.358495,18.748695,0.06260242,-0.036440086,0.7679236,27.29936,2.5002162,3.5909367,-4.952286,29.298035,0.02062922,0.88653374,4.2556343,-1.5706977,21.224169,556.20074,1485.8315,-1.9690838,1529.8856,1117.9545,-13.904236,2547.5535,908.45734,-20.114708
1.381538,-12.378844,19.078436,0.056284685,-0.032081053,0.74450177,27.098902,3.618536,3.5332596,-2.987851,29.044304,0.019064669,0.66800356,4.2735763,-3.4682655,21.764359,366.50064,1383.5953,2.7446396,1333.1669,1178.1686,-14.361206,2259.344,937.8384,-22.029127
1.362235,-12.13067,19.961843,0.065030016,-0.03062922,0.68420696,27.349218,2.7796738,3.0543756,-1.8919379,28.805162,0.01616628,0.8492926,4.149233,-4.878719,20.100351,584.54535,1497.1683,-2.7740695,1462.5524,1227.6666,-15.440463,2473.199,978.7515,-21.967989
1.329594,-13.261772,21.333101,0.053400885,-0.032218605,0.66504735,26.851608,4.2324853,4.380079,-0.9237142,28.547989,0.009670761,0.84316665,2.600408,-4.934335,15.567103,579.0114,1538.6224,-3.9139311,1500.2631,1271.2117,-19.890093,2498.1292,1117.9811,-18.630217
1.2716919,-13.598297,20.725637,0.04730134,-0.029655779,0.69888085,27.28182,5.326966,4.3236675,1.8950138,23.68453,0.013634886,0.6548772,-1.8768803,-3.1652024,15.764,727.4314,1555.9486,-7.017531,1645.9166,1161.7007,-13.883639,2742.627,1061.6757,-14.719491
1.2082969,-12.724526,18.915693,0.03204994,-0.025992649,0.6796754,25.269575,6.319326,6.1636643,1.378987,18.470688,0.018662978,0.33854,-6.3527584,-1.4904528,16.19528,518.865,1407.4083,4.6846614,1559.6201,1080.8461,-6.3042946,2519.253,1102.245,-3.5426915
1.1974783,-11.08155,15.617371,0.022268899,-0.019711604,0.65045017,22.561747,5.982675,8.102786,1.7845821,14.223147,0.018662978,0.33854,-9.233701,2.7163553,19.675661,526.2308,1386.6466,0.9824438,1569.0337,1022.05927,-5.270083,2520.7498,1083.2601,-5.3883247
1.3667685,-12.300799,19.144728,0.0061351336,-0.0112412,1.4219198,20.656832,7.9075885,12.555926,4.9803777,13.870576,0.20829523,1.4088279,-9.423875,2.4571269,20.171219,619.2532,1245.088,-1.7365729,1673.6494,999.0261,-9.164611,2566.8037,1015.89716,-9.253919
1.4606465,-13.540416,21.10763,-0.01983052,-0.010793,1.8898811,21.372984,7.8071914,14.843903,6.0426407,14.012298,0.39792743,2.4791157,-8.979005,4.640433,20.345945,633.418,1300.8491,-13.305961,1650.391,1129.6432,-19.385668,2569.6516,983.0049,-21.503088
1.3380003,-16.201334,23.834679,-0.04190515,-0.014626983,2.1734288,25.468191,7.938399,16.418968,7.399264,13.478145,0.5875597,3.5494034,-7.560552,6.164612,21.570501,821.5175,1275.9221,-17.401197,1814.5807,1078.903,-21.642904,2864.6409,785.6953,-26.101227
1.102599,-16.420824,24.325333,-0.057099044,-0.019762399,1.6539863,27.800117,5.8125215,13.788783,6.83478,13.653778,0.5875597,3.5494034,-5.9217415,11.275212,20.126848,753.6516,1299.9574,-20.752647,1750.1791,1139.349,-25.980047,2762.1738,850.5662,-28.910894
0.9316542,-18.948519,27.135368,-0.08067026,-0.017973103,1.6963905,27.6242,5.871929,13.065346,10.631061,13.796492,0.5875597,3.5494037,-4.818589,13.929703,21.157314,928.62177,1163.5936,-82.75683,1942.3921,947.4212,-85.91434,3034.7942,741.79816,-88.20977
0.96105736,-20.648027,30.455116,-0.092741065,-0.014327326,1.4498934,24.60585,7.861855,11.860099,12.254181,0.0,0.0,0.0,0.0,0.0,0.0,952.2034,1094.8392,-82.02651,2056.0098,889.27783,-85.44706,3063.905,770.17255,-86.34261
0.9485741,-20.587034,28.787521,-0.100496285,-0.010627046,1.6899198,20.69617,8.160085,10.560906,10.207446,13.191707,0.0,0.0,-2.6252077,91.64078,4.733569,760.28156,1527.4332,-79.07882,1712.4767,1013.0417,-82.19555,2812.3132,651.55975,-83.18997
0.9462371,-19.398317,26.101503,-0.0853095,-0.012323196,1.1687034,19.74336,9.339859,9.828555,5.427921,13.258267,0.0,0.0,-3.1680462,124.94065,7.121432,596.8726,1644.039,-15.22647,1557.6299,1239.2987,-22.630709,2519.9668,854.05646,-22.97555
0.90380734,-16.768753,22.321573,-0.074863546,-0.014907167,1.2030827,17.876877,7.870255,9.841268,-0.008527279,14.600116,0.0,1.5375005,-3.6611948,65.113396,8.389682,414.21127,1643.6388,-8.545894,1273.1406,1376.2465,-19.045462,2206.6357,838.28345,-19.101585
0.88320494,-15.157224,20.673006,-0.059558142,-0.015028023,0.67843384,18.75771,9.175456,9.548703,-2.501479,15.205288,0.0,1.5375005,-4.189503,98.03743,11.780162,452.6735,1398.7794,-70.55954,1362.5758,1412.8452,-79.60526,2266.9202,969.665,-78.192345
0.8118308,-12.440628,18.87693,-0.03783388,-0.016277356,0.64670926,19.58531,7.253685,6.220014,-2.7277153,0.0,0.0,0.0,0.0,0.0,0.0,373.71646,1575.8998,-134.41188,1229.7899,1319.6194,-139.1701,2298.5325,802.4795,-138.40677
0.7614231,-10.371597,15.999049,-0.015896523,-0.016033018,0.46175972,18.951792,8.181043,-1.0760006,-3.012352,0.0,0.0,0.0,0.0,0.0,0.0,501.2994,1634.8131,-133.15543,1442.499,1190.3264,-137.31511,2620.4988,800.7969,-139.90163
0.9160044,-9.499622,14.179502,0.0030053875,-0.02045213,0.5129786,15.011226,13.757262,-5.7915454,-2.9458172,16.581789,0.0,0.0,-11.896044,5.9169064,37.487255,477.3846,1511.9,-133.15541,1512.3217,1037.8682,-137.31511,2739.807,711.8969,-139.90163
1.3463961,-12.55012,20.73134,0.005619154,-0.022325756,2.0681906,18.228317,20.029383,-9.437573,1.057918,16.54526,0.0,0.0,-10.354247,0.0,0.0,745.6408,1505.4482,-76.56596,1756.7379,1095.8566,-83.827644,3201.3513,941.95966,-87.338165
1.461996,-20.097496,32.049366,-0.0052025984,-0.024293125,3.516606,22.859947,28.672613,-2.3188078,8.063348,16.549582,0.0,0.0,-6.7115083,11.006689,40.523266,586.3481,1586.1879,-84.878586,1488.8473,1338.1383,-95.47489,2862.207,1070.9038,-96.58087
1.3102895,-27.239557,42.170643,-0.04580784,-0.025336662,4.318192,27.468672,31.759567,3.169571,14.410553,16.791426,0.0,0.0,-2.088529,8.261602,38.00681,765.05756,1504.9679,-29.43154,1720.5431,1262.2361,-43.798214,3057.654,948.90936,-45.868713
0.9010315,-31.445509,45.07245,-0.08563286,-0.027357116,3.0528362,25.61117,33.543476,12.752498,18.841003,16.951372,0.0,0.0,0.049349148,7.8493767,36.465576,699.7595,1529.6971,-30.049566,1681.7572,1077.2654,-43.390823,2904.6506,683.6995,-45.987946
0.78031725,-32.1635,44.05003,-0.11764163,-0.023511225,1.880916,27.311266,27.8756,16.724424,21.405266,16.530172,0.0,0.002985007,-3.05187,7.0337143,35.693382,884.3077,1454.8867,-32.23377,1953.8955,903.2585,-41.964474,3159.284,718.60126,-44.043896
0.76460457,-32.221973,44.11598,-0.087797485,-0.023673369,1.429931,32.7211,23.116144,18.802404,21.245607,18.264402,0.0,0.002985007,-5.736156,8.521136,34.495564,903.3831,1622.7416,-28.561884,1977.2533,1025.6713,-38.335236,3295.9104,928.26385,-39.55422
0.7775469,-31.788956,42.638752,-0.07883828,-0.019810738,1.4769067,35.853485,22.326181,18.139528,19.765198,18.920584,0.0,0.002985007,-8.175724,7.5900526,32.979755,738.5847,1415.3197,-84.53332,1821.5365,1059.0482,-92.23008,3034.7112,917.778,-91.99845
0.87543416,-29.134867,38.980587,-0.04704471,-0.023018375,2.1809156,35.435978,22.552261,13.540661,9.591079,0.0,0.0,0.0,0.0,0.0,0.0,572.63806,1377.036,-72.761665,1596.9575,1122.4249,-85.44699,2872.7256,816.252,-87.61988
0.9766667,-26.270851,35.987392,-0.052626703,-0.019222254,1.9217019,33.78915,21.909811,11.159305,6.494274,34.117744,0.0,0.0,3.612877,13.404655,28.558401,390.65665,1255.6869,-63.231964,1313.5225,1109.5104,-80.05514,2439.3088,753.7988,-82.2709
1.051375,-21.70355,31.795279,-0.020071391,-0.019591235,2.044487,32.339985,18.516054,3.5384743,1.8688784,34.03391,0.0,1.6396332,4.285876,10.98231,25.51713,397.12955,1225.3419,5.0522733,1294.3578,1070.4648,-18.496069,2414.8247,718.07153,-20.464857
1.1033376,-18.050705,29.146324,-0.006062089,-0.012847218,1.2245152,30.694864,16.075712,0.26239714,8.389609,33.878475,0.012786093,1.8781834,5.649136,6.45347,20.177193,372.3685,1242.0967,3.668267,1243.2202,994.3123,-17.410458,2298.953,651.75616,-16.508924
1.1603454,-14.887235,23.470018,0.0056844247,-0.012805227,1.1025125,27.681543,13.163211,-2.7200277,10.688118,33.761868,0.010355362,1.5498209,5.993936,3.224269,17.432737,362.22623,1213.2391,2.211523,1236.1544,916.9716,-18.02479,2237.5845,586.93427,-15.221215
1.2814639,-13.105247,19.453463,-8.555114e-05,-0.0126293525,0.596925,23.205988,11.577114,0.6365315,14.178472,33.588963,0.008334644,1.2699172,5.773682,0.82407,16.377647,362.69662,1150.4395,0.92168885,1294.0089,840.91034,-19.136541,2243.4885,630.4898,-15.455958
1.4030684,-11.388017,15.472285,0.010994087,-0.01893102,0.5525946,19.68473,9.355292,1.7135178,15.398827,33.385345,0.0061738626,0.83899593,4.895286,-0.5613947,14.986829,373.22217,1074.9852,-0.24936199,1352.7504,761.40765,-20.934996,2261.835,656.86566,-15.236191
1.4622965,-10.541253,14.416753,0.024158293,-0.023041157,0.5004477,16.875608,8.723758,4.1106515,12.548946,33.009212,0.005201832,1.1352206,2.8462448,-0.59591293,14.716927,378.17313,1006.5949,-1.336871,1397.2462,672.26764,-19.185415,2294.5059,651.19977,-16.053797
1.4935125,-10.625065,13.272206,0.04309984,-0.028478919,0.5972866,17.47353,8.599266,6.6893315,11.817738,32.339626,0.0029063278,1.2149175,1.1883227,5.4192767,14.258958,385.7964,960.4006,-2.7476025,1418.7399,628.7957,-19.693832,2318.238,638.64154,-17.006561
1.3587865,-11.315135,13.941739,0.05333258,-0.028432846,0.803621,17.851707,9.795838,11.634633,13.293294,31.912485,0.0074935458,1.1743381,0.4423133,10.204341,17.187925,364.28494,1027.3273,-3.9815845,1410.0055,640.769,-21.8517,2324.201,635.7051,-21.16951
1.122285,-13.469563,15.74033,0.04977945,-0.02791745,0.85356045,20.621078,11.881282,14.50567,15.749901,31.85617,0.02566319,1.4674159,1.6489302,12.3413,16.730719,356.12332,1115.3242,-3.5268471,1410.2235,763.5916,-23.179392,2296.7043,693.46924,-20.257566
0.87078255,-15.348996,20.281242,0.051392365,-0.023087973,0.8330359,22.23552,12.455644,16.732206,17.208609,32.195354,0.0250348,1.1225098,3.411651,7.306108,15.957253,324.47794,1335.612,-3.1657743,1413.5161,973.58417,-20.593723,2259.729,917.1333,-17.27859
0.861521,-15.864021,20.887688,0.03948076,-0.023771659,0.75790125,21.99501,13.988214,15.900967,15.732979,32.34153,0.08035636,1.7047385,5.135135,1.8082136,12.6694975,337.51474,1295.9237,0.0,1419.7184,957.805,-15.299388,2280.5876,907.8742,-11.147443
1.0736376,-13.863193,18.78982,0.049698174,-0.02402172,0.78746086,21.034315,11.710991,13.058751,20.337116,32.326443,0.08107716,1.7108898,6.1926646,-2.7330215,12.125331,327.24896,1305.458,3.579619,1400.4852,875.58765,-13.183177,2329.4111,866.7923,-8.949738
1.3427593,-11.56165,13.77789,0.045539767,-0.025470838,0.98856163,20.187681,8.5484705,8.849986,20.192492,32.28803,0.08714502,1.8260204,6.640993,-6.279367,13.171008,356.53482,1124.4072,3.6481478,1380.1709,721.5164,-10.782837,2363.3198,673.2788,-9.522861
1.5058966,-11.656148,15.159569,0.04517472,-0.026459455,1.0089693,21.963137,4.4689612,2.408641,15.832504,32.220207,0.02856681,1.1292468,6.055407,-8.0948,14.184475,361.05313,1114.1196,3.6985877,1366.2115,753.81055,-7.4500546,2364.9473,637.3838,-10.485887
1.5329984,-11.960095,18.73021,0.04698932,-0.028665707,1.0083944,22.309324,1.2100617,-2.6837246,7.462297,32.048595,0.009600081,0.51404,3.7906778,-8.044036,15.23156,353.29993,1111.9298,3.8536222,1352.3458,779.4834,-2.9487598,2358.6038,660.5855,-11.377937
1.43292,-11.531117,20.649624,0.049198758,-0.024725147,0.9625459,21.83093,0.43079618,-10.024131,3.4115345,31.529976,0.004348027,0.56165427,0.74892575,-6.9326606,14.284427,250.10469,1283.4445,3.8878303,1308.2137,835.0815,0.5328528,2344.443,658.2102,-10.945012
1.3375567,-8.97305,19.078934,0.043707762,-0.019895893,0.87121934,20.973383,-0.9256684,-13.3953705,4.3751054,26.340637,0.19291638,0.905657,-2.1905181,0.12492657,12.324348,235.88884,1353.2988,0.0,1276.7896,875.80316,2.428047,2328.379,664.0816,-10.19333
1.2491717,-7.349978,19.217964,0.038841743,-0.013385805,0.95834655,21.554138,1.9059367,-15.74625,2.888111,21.34407,0.3832201,1.334314,-3.1617823,5.591265,9.164646,264.06467,1311.1973,4.4538584,1252.2059,893.85565,1.8465213,2322.9102,634.04443,-9.262519
1.1759115,-6.932096,18.674437,0.038407236,-0.0138642015,0.83880323,21.127632,3.8398864,-14.291798,-1.3337475,16.719915,0.40500602,1.6750029,-3.1796968,10.000728,6.8631787,368.98535,1142.5482,3.9247456,1244.8457,855.9787,-2.5083768,2326.7893,540.38007,-9.5719385
1.045067,-8.3133955,20.360695,0.03469713,-0.020130573,0.7157926,21.543457,5.728724,-14.263066,-7.058478,16.842966,0.2367519,1.7208508,-2.7826636,8.226188,5.339556,390.17444,1088.1871,2.785223,1238.9762,864.50055,-5.994348,2324.034,534.20044,-10.911584
0.8610702,-10.1881,17.664095,0.023729915,-0.024967944,0.56778425,20.64856,6.2040977,-8.784437,-5.4964223,16.86335,0.06849776,1.7666987,-2.710628,7.5303707,5.055136,397.74557,1094.286,-64.96207,1293.0446,914.2212,-72.53565,2326.2734,617.02985,-75.080925
0.73550063,-11.046742,16.958754,0.016845668,-0.029106572,0.41278768,22.06022,5.00869,-6.3247695,-4.5445065,0.0,0.0,0.0,0.0,0.0,0.0,385.96567,1200.3145,-66.96014,1286.6063,1006.3704,-77.0707,2308.64,675.67255,-80.819756
0.6444158,-11.98048,15.542664,0.026047552,-0.02472263,0.35696104,22.020067,5.624307,-1.7892871,-2.3398619,29.485151,0.0,0.0,-5.7836447,-93.044075,-70.91541,385.67715,1256.5145,-71.12569,1304.3116,1106.544,-82.300934,2284.7595,732.1982,-87.43229
0.66975594,-11.149859,16.276575,0.022042667,-0.023731746,0.26266238,18.868145,8.590542,-4.248729,-2.099391,29.0418,0.0,0.0,-4.424062,-61.737137,-36.31101,569.3004,1457.8481,-11.451552,1476.4874,1179.7015,-25.152536,2524.6323,684.2952,-34.65351
1.0961026,-13.16682,22.011436,0.021351432,-0.021954155,1.5463113,21.231897,12.145248,-4.7942863,0.99846154,28.772602,0.0,0.9603648,-2.8685706,-94.93694,-67.289085,748.3782,1479.1255,-77.40899,1668.0936,1199.2831,-84.669106,2784.951,752.1425,-92.06257
1.383125,-16.82649,29.366373,0.009173777,-0.02152694,3.0063705,26.16024,16.934914,-5.473757,7.267412,0.0,0.0,0.0,0.0,0.0,0.0,928.5537,1503.0043,-81.15894,1886.8385,1142.1764,-89.63037,3140.9863,806.3423,-93.26636
1.6139455,-20.84062,33.512253,0.0010392523,-0.027382135,4.1509347,31.200022,18.196726,-1.7338319,5.874693,16.822548,0.0,0.0,-3.123661,8.3091345,33.635506,782.9764,1407.097,-78.38181,1607.266,1550.3177,-89.12262,2802.2903,850.1767,-92.72042
1.3530492,-24.14373,32.811672,-0.02925474,-0.034844864,3.4502494,32.26281,23.091028,2.550359,0.4176798,16.615019,0.0,0.0,-2.753953,8.364935,33.98412,645.63165,1513.7477,-16.364511,1318.9469,1686.686,-29.999008,2542.596,828.14984,-39.605675
1.2405769,-25.808348,33.805782,-0.05527835,-0.043235764,3.1262758,32.918022,23.608032,4.654098,-5.8662376,16.344383,0.0,0.0,-3.9381497,8.632182,37.33485,634.8431,1467.1943,-16.35361,1399.2266,1655.8173,-30.067434,2612.4836,653.53436,-42.73268
1.0832392,-28.46245,38.18536,-0.089861624,-0.041405875,3.0100842,35.572845,22.773651,4.231103,-2.4251091,15.356917,0.0,0.0,-6.50979,8.747899,37.847977,725.2424,1422.2208,-16.557848,1678.8374,1183.1156,-33.28525,3005.2507,715.87274,-41.286457
1.0432714,-28.800926,41.35415,-0.097670086,-0.034190107,3.61249,36.818275,21.472109,4.2031684,6.7757416,14.56721,0.0,0.0,-8.083564,7.1426487,36.65127,854.3083,1340.6509,-14.800727,1981.0011,1115.1259,-37.757244,3286.078,832.7629,-39.005955
0.9662474,-29.095778,40.089268,-0.09206921,-0.0368136,3.1627252,35.32947,24.424995,5.5960155,6.6622257,13.7623205,0.0,0.0,-6.7591214,3.6110713,33.101814,816.15656,1339.0731,-10.018677,2008.0166,1106.0477,-36.344803,3210.8538,1535.7513,-36.79484
0.98191905,-28.033554,35.90665,-0.0670802,-0.03830504,2.3212955,35.111996,27.689146,5.8624616,3.3127897,20.033998,0.0,0.0,-3.0975544,2.8140657,34.349644,823.404,1374.9668,-5.053806,2122.656,973.9622,-34.78166,3295.818,1434.3099,-35.544296
0.9435455,-28.304502,34.780476,-0.05474101,-0.047243576,1.2384933,34.450077,29.689072,6.2187867,-4.294565,26.198984,0.0,0.0,1.274918,3.6568635,37.060955,796.6284,1210.2604,-1.3907027,2190.244,773.4626,-31.623857,3374.7737,1257.1752,-34.711636
0.93378097,-27.141932,34.62927,-0.022143781,-0.047030956,0.96310806,35.027897,26.896387,0.59973335,-5.526895,32.32934,0.0,1.7004935,5.3419127,6.0817943,39.3669,818.0879,1171.2428,0.90361756,2101.7795,761.8723,-29.423416,3305.3796,670.37805,-32.824528
0.8936603,-26.456375,35.172405,-0.0051370542,-0.050473418,0.8482726,35.9239,25.052599,-2.853841,-7.9322505,32.127598,0.012246975,1.5915751,7.6520715,6.7359633,38.326855,820.22516,1089.6035,0.88277894,2000.6836,912.33124,-28.193754,3169.3916,718.44147,-31.795923
0.88377476,-25.429407,33.691246,0.026430523,-0.051764682,0.7796218,36.000782,22.735651,-7.924186,-7.7738667,31.90447,0.0081737945,0.86712295,8.083501,8.044815,40.513683,842.25073,1106.9884,0.5646825,2002.476,892.90594,-28.948494,3143.2725,707.24335,-34.084415
0.8794363,-25.653952,32.029842,0.026941583,-0.053782344,0.45297846,36.11391,21.96515,-5.674745,-9.0545225,31.602259,0.0072256327,0.7101891,7.163856,10.492373,40.10059,825.9089,1052.2062,-0.075151525,2003.8619,782.83594,-29.811152,3159.3582,645.7802,-33.73135
0.86019033,-26.363253,33.45047,0.039433178,-0.05407703,0.37814438,35.944897,21.342705,-5.0252233,-9.621427,31.210947,0.0070112594,0.52959424,5.8015056,14.212003,40.047012,821.23566,1013.8608,-2.5859737,2016.8097,698.2856,-29.882645,3154.8425,587.71387,-34.365635
0.8055277,-26.750418,34.087223,0.03259491,-0.05015464,0.46224555,36.05563,20.376385,-0.54838735,-7.818556,30.978363,0.008275093,0.6986893,4.4281335,18.224953,34.241238,805.94116,995.0485,-12.711688,1995.5289,709.45306,-31.726881,3074.283,614.03424,-30.343674
0.7106662,-25.843246,34.646915,0.030365692,-0.04189275,0.489881,36.124756,18.728157,3.0585964,-6.0079117,30.923193,0.010747135,0.9053088,3.449989,21.26086,28.408829,831.75433,1089.5825,-20.565695,2004.4908,803.16876,-31.630928,3124.5051,615.9268,-26.730545
0.6092717,-24.531622,32.33607,0.015056091,-0.033451203,0.56778914,36.458755,15.0175295,11.621013,-3.20271,30.953453,0.01688862,1.108644,2.6483145,22.732178,25.589132,821.7674,1237.5809,-26.229921,1938.8405,901.3497,-29.560776,3040.5159,657.2755,-25.811508
0.67609644,-18.269434,26.924643,0.0046335757,-0.026591137,0.48448673,25.681604,18.017736,16.48279,-6.2874856,26.820002,0.16785838,1.2107286,1.9796042,19.280657,25.941498,658.20905,1296.0431,-13.103211,1821.9027,878.69824,-21.838087,2854.1663,485.97842,-22.675638
0.761815,-15.121146,22.924345,-0.0036494897,-0.016597288,0.4738896,18.004591,20.746954,17.35637,-3.5696383,22.658484,0.17429511,1.101276,1.613073,16.376328,29.586609,457.73254,1325.8219,-3.0027866,1584.3734,852.87054,-18.502083,2615.2952,427.86905,-22.471369
0.77185535,-13.816434,21.564072,0.0042870413,-0.014922209,0.45531872,14.511079,22.4664,15.262692,-1.9863825,18.499249,0.1749385,2.0430675,1.0777894,14.306721,30.023521,243.3668,1553.6627,8.121512,1363.9506,1193.005,-17.18473,2343.949,521.32587,-19.347855
0.6317187,-17.84194,25.95696,-0.0010493156,-0.014486582,0.42996308,22.481688,17.310368,13.408035,2.9908755,18.36661,0.029131606,2.0191634,0.44083312,16.69699,30.40976,441.65396,1648.6964,0.7927764,1466.6705,1356.5555,-21.267775,2545.8906,751.239,-20.961817
0.52028,-19.398264,28.29143,-0.011695149,-0.019290084,0.34877634,26.225113,14.7432165,14.748157,6.3820176,18.380701,0.025050763,2.2476938,-1.5175409,17.955809,28.908432,449.69858,1707.4108,1.3025285,1465.0648,1450.6168,-17.285236,2432.3025,964.0674,-19.633543
0.5012749,-19.735312,28.391703,-0.019012373,-0.019097755,0.26155415,26.782516,14.672524,14.948708,6.693048,23.300188,0.0,1.2378742,-2.1026013,13.648072,26.803703,705.0598,1503.3173,-6.478674,1694.1381,1180.4333,-18.811762,2732.6904,795.46655,-23.738363
0.4918703,-18.412058,26.656786,0.006664434,-0.018455138,0.26354465,25.617004,14.363308,13.090459,4.9553046,28.358145,0.0,1.9661652,-0.7399445,9.589352,23.299994,709.15314,1462.6168,-7.5759315,1678.9453,1122.9569,-22.711868,2783.1887,688.4301,-24.390104
0.5925892,-14.218738,20.396797,0.015063693,-0.01626019,0.27764755,22.558105,13.093132,8.468356,-1.695228,33.36731,0.6812471,2.694456,2.7610347,5.8587227,23.41511,736.488,1504.0026,-10.306596,1610.0537,1181.8673,-25.35408,2828.818,605.55804,-28.32194
0.70040876,-11.2853775,18.700731,0.016277023,-0.013011535,0.41262624,21.135635,12.851048,3.7901294,-3.663801,33.580845,0.68124706,3.4227474,5.5915666,5.9801254,25.368042,749.0833,1306.3693,-9.188506,1723.8345,1113.1195,-26.051043,2932.6865,578.2022,-27.116766
0.94450694,-11.883283,18.047272,0.018259251,-0.017256917,0.81192094,23.05142,15.22828,-0.014194329,-7.7634277,33.727745,0.45699525,2.648803,6.7378373,4.120077,26.640219,562.12067,1314.8407,-3.5635147,1488.9922,1132.5895,-16.188896,2651.928,630.9493,-26.592062
1.1138321,-15.047778,23.545351,0.04965992,-0.02534656,0.9132033,27.84054,17.038492,-3.018034,-8.145219,33.762634,0.24412829,2.81021,6.1243978,0.9542362,24.930552,525.111,1328.4135,-4.8050756,1489.2852,1089.2401,-12.105751,2634.7395,587.5664,-24.20964
1.3328366,-16.731081,23.611395,0.061682224,-0.031731613,1.0158871,29.333258,17.58259,-7.29423,-12.165433,33.714798,0.023128852,2.0003324,3.5527468,-3.3633478,19.154337,327.43033,1469.0494,0.0,1140.432,1054.3944,-4.0440745,2334.8467,584.99335,-18.913227
1.5518436,-15.097182,21.546335,0.05915119,-0.026791235,0.75409144,22.246874,19.209074,-13.130803,-13.700211,33.534885,0.02382119,1.8781589,-0.05001648,-7.41787,13.511796,520.99536,1361.5884,0.30957758,1483.9786,878.5809,-3.0605195,2674.9678,416.93384,-13.383202
1.8670021,-12.145053,18.502752,0.04949054,-0.019766776,0.88172865,14.989632,16.01272,-18.047056,-16.66355,33.262726,0.012655664,0.98458314,-2.4906962,-10.047784,9.267404,787.7615,1145.3687,2.6396694,1869.1324,801.69135,-2.0360615,2985.0789,329.9149,-7.774526
2.5493395,-6.321575,14.948222,0.063226186,-0.010364401,1.330183,6.503298,6.691689,-19.824553,-16.308355,32.957523,0.008383817,0.9397976,-2.671508,-10.440374,9.28884,1010.5201,984.4858,6.4024186,2168.7703,729.5689,-1.4878225,3257.3215,293.0462,-5.2767596
2.814268,-2.919729,13.492436,0.064043604,-0.00871789,1.7257118,6.2084785,-3.254874,-19.882593,-15.144359,32.707687,0.006672047,0.98125225,-1.9060558,-9.537993,12.157119,1035.8458,921.6795,9.449104,2137.1055,742.9051,0.29001275,3266.75,329.2518,-6.291528
2.8875408,-2.7083235,14.032855,0.05812571,-0.008845943,1.8560852,6.804571,-5.4108605,-16.953455,-14.556834,32.465946,0.008355168,0.90906876,-1.0035821,-8.104312,14.889514,1069.6198,944.1963,9.963328,2161.2178,712.19855,0.38979807,3271.9636,452.91245,-8.446717
2.7997293,-3.3940096,13.272666,0.04539336,-0.015042548,1.8877541,8.407782,-5.8713517,-17.368591,-16.17792,32.2193,0.018225547,1.2298442,0.100003324,-6.4048905,18.030527,1055.7567,1089.2877,7.424788,2152.6343,710.1833,-4.3993664,3328.0173,476.5153,-11.392059
2.6533966,-4.3199487,13.495471,0.04707931,-0.014913666,1.9116488,11.381995,-5.950807,-15.691983,-15.481625,31.984415,0.018779244,1.009833,2.536381,-4.504956,22.165283,1032.8064,1108.1304,2.2357657,2124.37,718.5629,-10.783173,3282.0537,545.9729,-14.726489
2.3201373,-5.439623,14.12254,0.053348403,-0.013902287,1.9803162,14.667297,-5.543967,-11.6711,-10.902858,31.792175,0.031640094,1.2367412,5.3159657,-2.680954,27.3257,1004.3999,1191.8536,-4.4686494,2067.6814,900.5628,-15.899734,3160.7742,605.1476,-18.858131
1.7013298,-9.670705,18.71998,0.057817843,-0.0153041305,1.437769,18.771866,1.2899753,-7.9457765,-7.251776,31.650137,0.04452026,0.9190703,7.3580265,-1.3263556,29.98774,763.583,1275.0684,-7.9528747,1819.2504,1059.2152,-16.089256,2784.0261,752.25244,-20.57693
1.3844019,-13.209231,21.984446,0.060916394,-0.019332672,0.95172787,19.440277,7.7664967,-4.413767,-3.164347,31.52661,0.046449974,1.3755077,8.391801,-0.22187264,32.141354,560.1275,1401.5522,0.0,1595.357,1239.7534,-16.554987,2430.6628,887.6328,-22.712435
1.2893878,-16.173903,25.651693,0.05581933,-0.024751836,0.6008467,20.806395,13.244037,-6.7906175,-2.6742108,31.400314,0.031656343,1.2545282,8.683037,1.1397611,32.76842,324.7421,1405.6284,8.356987,1308.6721,1191.8851,-18.321787,2227.6492,911.1011,-23.929922
1.1520991,-18.834633,29.17121,0.060883623,-0.025897617,0.55638593,22.690847,18.683542,-5.8790174,-1.5869179,31.25512,0.010280727,1.0476527,8.581193,3.1855156,35.099,368.9115,1297.5104,8.088586,1313.5819,1160.6342,-21.067326,2260.481,892.92914,-27.010414
1.0409733,-21.605051,33.28405,0.054387692,-0.031239465,0.53814834,26.033882,23.458069,-5.441074,-2.62174,31.089602,0.0074948533,1.0583111,8.143608,5.870711,36.36151,389.1904,1427.9086,7.686582,1227.1323,1340.3892,-23.51243,2239.157,967.37823,-28.674929
0.93622255,-23.235674,33.66234,0.061720837,-0.034618195,0.5046126,26.93299,26.514471,-3.7136872,-3.0810273,30.896517,0.0069613755,1.1615958,7.5325627,8.463159,37.794006,376.7607,1503.8457,7.209272,1156.2924,1385.1605,-28.228973,2217.1685,872.6109,-30.584732
0.86649483,-23.943504,33.053345,0.06809031,-0.03986953,0.48671463,28.350739,27.40713,-2.341954,-2.8327923,30.696676,0.0042696535,1.3185805,6.386099,10.049578,42.377613,517.40424,1483.5894,0.80427235,1428.7357,1261.236,-32.46643,2539.3914,864.1968,-36.1636
0.7820241,-25.57781,34.643787,0.08028061,-0.040021617,0.54518634,30.421371,28.366837,0.14143999,0.04365921,30.394608,0.008729404,1.1040092,4.7927737,10.343548,41.226868,502.33456,1395.1641,-1.7787331,1433.2646,1097.2231,-35.93892,2526.451,725.4292,-37.59586
0.7125428,-26.327944,35.69882,0.076912716,-0.041170895,0.55021185,33.97324,26.548243,1.8210459,3.5810356,30.198076,0.010429453,1.1198444,4.060366,9.090088,37.87404,511.46658,1325.2662,-6.9225273,1473.806,1046.4669,-36.384254,2514.5518,755.6009,-39.386826
0.62279135,-25.475504,35.59997,0.05636202,-0.035908904,0.6820453,35.82906,23.023771,4.523313,8.413617,29.788153,0.015685862,1.2914871,4.8073196,7.7016144,29.279411,346.86914,1529.7719,-8.033818,1237.3927,1257.2661,-33.08427,2318.9285,923.814,-37.313232
0.54112816,-23.28785,34.86493,0.023945844,-0.028406577,0.6353622,35.734417,18.015059,7.732488,11.412288,29.522207,0.01546819,1.3838305,6.179236,11.894798,26.394766,315.74606,1619.5342,-12.788518,1321.5571,1217.964,-30.247559,2579.4028,1003.22656,-39.183285
0.45298186,-22.005861,33.74098,0.0026229864,-0.023323515,0.54432744,35.709736,14.663186,10.522584,13.497776,29.21798,0.020938406,1.4733281,7.079643,13.285134,24.179785,296.98532,1672.2301,-13.897185,1337.3048,1187.1909,-27.745634,2597.86,1032.1376,-38.07697
0.43642095,-23.503405,34.139328,-0.0053755436,-0.02490484,0.32184383,36.983643,14.760368,13.2865305,14.959596,29.193726,0.015685743,1.310392,6.2824807,14.426127,24.017782,279.4618,1708.1974,-12.625987,1258.7172,1252.2816,-30.366144,2403.5237,897.8278,-36.64377
0.4246199,-23.79856,33.249176,-0.01267287,-0.024934962,0.23949671,36.784473,14.100255,13.720929,16.219381,29.518457,0.0134389205,1.7508398,4.332614,7.902286,23.635216,495.3588,1562.8859,-17.99124,1391.5791,1242.0255,-32.33858,2401.8723,832.74,-34.99842
0.44551364,-24.556969,32.65368,-0.0084163835,-0.027677396,0.23924701,35.78448,16.248842,15.349827,13.382931,26.135773,0.0075058197,1.9512877,-0.36858162,8.840213,24.553156,648.1639,1598.6592,-15.846826,1521.9746,1273.9353,-26.997742,2607.1394,708.03217,-27.5047
0.46549094,-24.391699,33.87002,0.003327705,-0.025104025,0.27656558,34.33077,18.001968,14.669955,11.988706,23.319017,0.010511658,2.5546718,-3.4133909,7.586086,25.08666,687.7386,1363.9868,-8.292127,1590.9385,1086.9346,-18.708628,2669.7375,698.43634,-19.810778
0.5017702,-25.164078,34.069813,0.020160088,-0.030813292,0.28436163,34.080936,21.101912,14.129081,8.442273,20.402903,0.010511658,2.5546718,-4.473933,9.399771,25.481482,519.6004,1377.9117,5.495655,1460.005,1215.6322,-10.34093,2409.8074,808.00165,-11.580976
0.8115434,-20.38299,29.151976,0.044991165,-0.02252929,0.62193424,27.329405,19.978111,16.47156,2.0018861,25.21672,0.010511658,2.5546718,-0.49933735,14.15504,28.294909,723.6858,1131.8105,-0.064567566,1812.7474,879.2549,-12.160153,2522.4016,1132.1735,-18.71548
0.9827938,-17.823025,25.854773,0.03408881,-0.021982275,0.85429543,23.303717,18.945532,16.664972,-1.7197586,29.461466,0.010511658,2.5546718,3.5175922,23.622107,26.91099,716.1403,1213.039,-2.2803795,1857.0663,1001.57666,-16.429358,2498.7927,1257.0038,-20.220106
1.2178096,-14.502919,20.093185,0.04619174,-0.011655425,1.2247444,20.79541,14.537137,17.354406,4.6001487,33.461353,0.076180905,2.0595045,6.9000363,30.773855,24.184427,697.82306,1179.4623,-3.2603781,1871.6925,815.4201,-20.769943,2539.1526,1180.1655,-19.938416
1.2053609,-16.221485,21.908037,0.04323234,-0.015050705,1.189966,22.919737,13.10315,16.775797,17.283152,33.434147,0.08419845,1.8177434,7.305799,27.17079,18.404081,354.30276,1229.3324,7.2800255,1436.9279,964.8096,-20.030594,2230.6785,926.7347,-11.124057
1.2903565,-14.247741,18.633673,0.06009086,-0.009295321,1.1387062,19.846523,10.19682,19.244154,26.038048,33.369686,0.08102991,1.3335958,5.9967027,23.786371,15.82943,340.77856,1096.4429,8.873553,1420.265,623.3732,-15.793407,2283.472,731.20874,-6.955878
1.4019591,-12.766864,17.543589,0.07495997,-0.011747134,0.8920868,15.855176,9.163927,18.246298,21.816534,33.30161,0.013826291,1.2185332,3.7588499,15.705501,13.810653,310.45325,1091.2921,9.437808,1423.9857,507.73502,-10.074478,2309.4324,689.0916,-4.355416
1.6083374,-10.644806,14.376698,0.082733236,-0.012921664,0.8423956,14.079625,5.500133,12.113719,11.283109,33.221622,0.0030891737,1.0255226,2.02154,16.556791,14.317973,652.6076,1143.11,0.0,1639.1136,651.914,-6.4525743,2671.0847,609.8686,-4.9894223
1.9954786,-8.807452,11.245343,0.08239773,-0.022153974,1.0091907,13.999016,0.88780767,5.5284576,-3.079158,33.150036,0.0037287076,0.9950738,1.0204457,14.150134,16.180548,1072.3527,1207.5,-2.5321984,1812.8047,1054.3524,-6.0775094,3034.239,596.134,-7.1806755
2.30991,-7.6368814,11.429904,0.068723716,-0.028303295,1.098392,14.350728,-3.2836857,1.8569555,-14.305272,33.099,0.029719694,0.93581194,0.5015424,12.309613,18.432299,1439.3649,1209.6451,-2.4484413,2080.1714,1244.1637,-7.2614803,3405.1094,590.1764,-9.88886
2.4392316,-7.1958365,11.473125,0.051397685,-0.030633485,1.1649691,12.77261,-3.4225457,-0.90263814,-16.611883,32.93593,0.02973642,0.797808,0.14068988,10.283619,16.97135,1059.5,1266.327,-2.2514439,1845.7164,1217.1798,-6.225805,3037.7812,680.33496,-8.789841
2.4294147,-7.7737756,12.58636,0.06252352,-0.03161822,1.038067,12.123978,-2.2108774,-1.816481,-16.07666,28.333391,0.029562598,0.739629,-0.06660483,10.491033,12.66135,630.18445,1279.6171,0.0,1668.7885,979.5737,0.85929966,2622.2192,753.48517,-1.82719
2.3315113,-7.87343,11.362811,0.06348022,-0.033646878,1.1303791,11.014295,0.20663047,-3.1130133,-13.076003,23.739904,0.0024031384,0.8363454,0.26511005,16.97466,8.61763,293.64355,1249.026,23.286419,1413.8551,883.66254,7.7452292,2241.756,815.3703,5.0422726
2.239216,-7.757581,10.165977,0.078675695,-0.035328392,1.0418998,11.870952,0.42178425,-1.5271702,-11.733253,19.286383,0.18578719,0.57291645,0.24087197,19.545958,7.093393,329.39224,1178.208,24.035295,1439.6981,836.31537,8.4915285,2240.6907,834.29486,10.038261
2.1348207,-7.6508904,10.317708,0.08814182,-0.035503622,0.9295254,13.054111,-0.31561652,0.13584583,-11.934311,19.287735,0.1870656,0.3375065,0.1072996,20.811594,7.9711647,355.29135,1116.4137,25.722956,1454.251,790.5608,5.747535,2288.7058,815.4504,10.733014
2.069639,-7.7518363,11.664756,0.09760774,-0.03596622,0.7163755,14.517773,-1.5315685,2.4773982,-13.26928,23.260086,0.18834402,0.10209656,-1.1562015,17.156599,11.502608,340.54324,1211.9657,19.81299,1441.9222,884.0576,-1.5144123,2288.137,821.68945,3.612075
2.025407,-8.147671,12.980731,0.09758038,-0.035157762,0.6583956,16.097097,-1.3654094,3.5974796,-12.8726,27.295126,0.0062383725,0.13011551,-1.5959215,11.594827,11.67134,347.5062,1213.2953,13.009837,1439.1115,899.61053,-7.1737895,2286.239,799.5552,-0.9192216
1.9509732,-8.056062,12.35606,0.090471976,-0.029981429,0.6532505,16.11183,0.3811446,3.5912144,-9.301471,31.316513,0.208795,0.5378939,-1.3007072,5.169971,12.455848,349.6001,1211.207,5.1879497,1419.9824,908.79425,-15.144902,2267.9788,749.30914,-7.267897
1.8868374,-8.434579,10.6001215,0.115681805,-0.029557422,0.67881066,16.28239,2.2249925,3.3707454,-8.931519,31.282202,0.20892757,0.98075706,-0.4358077,2.7131436,11.0097,374.00162,1087.4447,4.5030837,1404.015,814.3698,-19.198,2271.2336,609.6954,-6.506616
1.8305234,-8.424508,9.157958,0.12547578,-0.03089503,0.66078293,15.96338,3.1937616,6.099098,-10.179615,31.147324,0.20827566,1.0999359,-0.44226512,1.4579058,13.25874,378.04126,1048.2274,3.551035,1416.0039,775.21515,-19.138403,2286.9111,564.9481,-9.7077055
1.751462,-9.594882,10.054928,0.13360937,-0.03502435,0.6456743,17.651674,3.5822852,7.3342385,-11.145734,30.446123,0.0050671403,0.8113363,-1.2270659,1.6069754,17.195417,378.9591,1025.8623,2.1286552,1428.5406,739.6589,-17.783876,2317.0798,558.8585,-15.066761
1.6822939,-10.447625,11.855008,0.104815125,-0.033773173,0.6414964,18.957636,5.144466,8.765651,-8.42683,29.793169,0.00428267,0.4876519,-2.0906842,0.7271822,19.43959,382.0494,991.5493,0.4261899,1449.4082,679.50714,-14.213996,2338.5964,580.2557,-19.571724
1.5806094,-11.913254,14.417119,0.09160521,-0.032314077,0.6793229,19.912172,7.506292,7.6018577,-8.18559,29.15328,0.053557232,1.2341429,-3.2054098,-2.9154747,17.446648,391.34793,1027.7567,-0.47757387,1459.2593,771.02045,-11.214364,2403.2568,638.3586,-21.725107
1.5553693,-10.991849,14.925763,0.075963646,-0.029785587,0.7264023,16.560637,11.692807,3.6160164,-7.9178734,32.08745,0.1028318,1.9806339,-4.4468284,-3.8278759,14.226451,407.3607,1016.5723,4.8545074,1482.2906,823.2176,-3.1184456,2432.545,731.33136,-13.172829
1.5875298,-8.440946,12.102914,0.06677498,-0.030115599,0.7384332,10.90223,15.74319,-2.9630282,-10.234565,35.047546,0.29324868,1.8334883,-5.5556107,-3.0325146,14.503222,409.53616,1040.6976,7.9479923,1486.07,868.1714,4.708796,2524.45,842.6543,-5.885287
1.7213923,-3.881696,6.577495,0.06329572,-0.02898609,0.7361087,3.418668,18.818535,-8.341354,-12.040894,38.039883,0.43439102,0.9398517,-5.75129,0.40817705,17.915579,395.05008,979.52423,0.0,1450.1976,728.7049,12.225999,2569.0427,650.63275,1.4497113
1.7600943,-2.0899937,3.7631788,0.06407956,-0.026773982,0.7647209,0.060872678,19.292181,-12.4055605,-14.913048,38.0479,0.57553333,0.04621515,-5.387139,0.39067206,20.897089,675.7796,928.00995,0.0,1882.2775,679.5072,8.389796,2779.3447,447.2325,-0.48686323
1.7326461,-1.8918263,3.2710025,0.08072197,-0.0216947,0.7346029,-1.9648314,18.7898,-15.270523,-18.674013,38.055477,0.57553333,0.04621515,-4.793055,-0.06797409,21.024786,617.0178,996.37177,12.431452,1841.15,660.1343,7.441948,2787.2458,220.70049,-1.7620646
1.687592,-3.3135366,6.2236686,0.08253897,-0.019898744,0.66038865,-2.2234926,18.07847,-18.182405,-20.555426,38.056767,0.38775575,0.05522568,-4.663728,-0.5641944,21.53023,598.45074,1038.8778,0.0,1827.3688,702.72363,10.619653,2769.4863,203.7666,0.46273866
1.6700052,-4.0145698,8.283835,0.08499224,-0.020257294,0.49528793,-2.4640355,17.822462,-21.035782,-20.296259,35.70514,0.19997816,0.064236216,-5.053856,-1.1696528,21.222452,289.93265,1104.792,0.0,1328.1946,708.8807,9.0754,2602.0286,179.08862,-6.6302466
1.6657444,-4.2910004,9.545756,0.08383856,-0.023055375,0.44402996,-1.4684011,17.43496,-21.627975,-17.530287,33.320747,0.012200564,0.07324674,-3.8337362,-0.15563853,22.56376,281.49875,1163.5856,-2.7276492,1345.3602,768.10895,2.6091516,2663.694,602.108,-13.7491455
1.5842295,-6.37231,11.930069,0.08559937,-0.023821319,0.5058636,3.6368883,18.366026,-19.182024,-11.533246,30.83493,0.012200564,0.07324674,-1.6529015,1.7202274,23.882273,309.88406,1155.473,0.0,1353.1351,791.3035,-9.085046,2627.607,829.872,-25.035887
1.4986655,-8.773034,15.012666,0.07596548,-0.026444638,0.61765116,9.307595,20.689829,-14.316827,-6.237662,30.6175,0.13838944,0.5760848,1.2877065,4.4074655,26.108704,328.61902,1202.6056,0.0,1365.0576,867.55566,-14.335247,2556.0825,1125.9281,-25.998785
1.3881178,-12.128296,20.451487,0.06427206,-0.02798421,0.6410175,17.388329,20.252985,-8.012328,-1.7892151,30.065424,0.13650765,0.67838174,2.5860713,6.586178,27.323374,397.3326,1147.5817,0.0,1351.0409,909.866,-15.241119,2391.1682,984.33545,-26.524393
1.2826861,-13.800214,23.109589,0.062210828,-0.030217081,0.5860691,22.947151,17.280195,-3.891352,-2.2265098,29.590462,0.1545822,1.1901449,3.0586157,7.5217323,26.545225,397.21042,1217.9069,-7.614413,1346.5609,969.66327,-15.929485,2472.7395,998.73724,-25.782732
1.2011837,-15.228859,24.570198,0.06264747,-0.032968376,0.51514894,27.738016,13.9867935,-0.11465601,-3.469628,29.171722,0.024642922,0.70298654,2.5864046,6.997907,23.785194,394.13998,1268.5889,-6.8951797,1333.6569,1015.205,-12.539159,2525.8962,980.57275,-23.682467
1.1258398,-15.783097,23.727463,0.05965065,-0.036546078,0.50675803,29.616808,12.503082,3.5646446,-6.439859,29.098845,0.041582946,0.77418923,1.5759252,4.210031,20.559504,392.48538,1259.9142,-5.362356,1326.936,995.96826,-12.2133,2581.3398,883.27466,-21.71183
1.0506836,-16.018297,22.198168,0.053054586,-0.036409583,0.5165561,30.9357,11.493534,5.4381223,-7.426619,28.047674,0.03856662,0.43592572,0.62618876,1.2931132,16.894613,407.89438,1308.6039,-2.600888,1346.7167,1073.57,-11.359469,2591.4111,793.5109,-19.99153
0.97187346,-15.374165,21.072483,0.056721956,-0.03412864,0.5154242,31.14653,9.128545,3.8454945,-12.795204,24.702799,0.05737525,0.5937456,-1.0266639,1.5867262,16.813093,424.65384,1264.5851,4.379919,1357.7358,1076.2305,-6.150358,2662.1025,698.1121,-14.294192
0.9035012,-14.917313,20.930662,0.06071769,-0.03177127,0.45700553,32.13629,5.4483414,0.8527544,-16.164429,21.804869,0.05737525,0.5937456,-8.715034,3.9354992,19.811298,440.74292,1283.6831,9.493255,1379.7836,1145.6533,-2.96523,2715.399,748.6797,-10.2483015
0.8696318,-14.892121,21.018911,0.06506818,-0.036720395,0.34443823,30.02141,5.092029,-4.1149993,-20.73957,19.517916,0.18658344,0.9459912,-14.7669115,71.33909,26.371618,425.66187,1221.2047,14.847004,1306.4587,1109.56,1.6792097,2555.4055,729.0688,-6.132164
0.8878073,-14.704888,20.440916,0.06603775,-0.03823109,0.3056027,24.307413,6.1433043,-7.881621,-23.717196,18.656656,0.31579164,1.2982367,-18.804789,104.29802,30.106106,567.9097,1209.5609,-57.3149,1554.195,994.3162,-66.39355,2671.7463,651.63226,-72.141655
1.3750229,-15.059653,22.916128,0.059149753,-0.03468481,1.8382506,20.853067,12.850331,-9.262776,-16.50812,17.442194,0.44499984,1.6504825,-14.780131,0.0,0.0,541.1292,1267.8905,-66.866135,1524.9562,981.5669,-76.50008,2591.5994,764.28955,-80.08985
1.6451257,-17.447897,27.100672,0.030906687,-0.026415864,3.3038146,17.49961,23.499441,-2.3914127,-8.714704,16.646662,0.44499984,1.6504825,-9.564331,13.843016,29.574202,523.6976,1288.0555,-80.0879,1563.5079,974.35284,-91.23312,2737.3975,598.48096,-88.416756
1.9129394,-18.04508,28.376305,-0.019524759,-0.021749487,4.2668896,13.69334,33.55176,9.1160345,0.24135394,16.830843,0.44499984,1.6504825,-4.2690697,11.647728,22.725441,720.1081,1373.0277,-27.414415,1644.2451,839.46124,-38.382782,2798.4656,773.92773,-29.893211
1.7084136,-17.768324,25.018892,-0.0755525,-0.023328342,3.6918724,6.8642044,38.88128,17.576399,-2.4577293,16.95221,0.33091158,1.1047764,-0.88364506,12.971939,21.430916,712.3732,1321.2552,-28.694723,1709.7172,861.44025,-41.596622,2772.2195,506.7408,-30.765364
1.612462,-17.281698,24.027237,-0.106133826,-0.026753077,2.907678,4.6307983,38.46518,20.754408,-2.96541,16.435438,0.18883777,0.7554657,-5.2948585,11.757573,21.418554,681.12396,1428.2401,-31.735825,1715.8716,982.2576,-42.35059,2691.8284,505.46933,-29.882635
1.561719,-16.51987,23.413363,-0.101163246,-0.032913357,2.723891,4.9730744,37.569065,22.236923,-8.36472,15.390483,0.046763953,0.40615496,-9.968938,11.016086,26.681421,345.75552,1378.2445,0.0,1448.6666,2000.7706,-42.480556,2317.6262,300.87177,-30.478075
1.4523586,-18.378075,25.899836,-0.09580649,-0.035595942,2.478693,7.285713,37.952194,25.515152,-8.720284,15.023652,0.018778415,0.60255027,-12.93196,4.752521,21.585054,506.0292,1346.1898,-13.543161,1660.5112,1653.1455,-37.442257,2570.9429,320.3732,-25.373606
1.4703943,-15.682472,21.199883,-0.08835667,-0.041526172,2.6133442,7.2519455,35.217075,28.935484,-16.49038,14.925198,0.018778415,0.60255027,-11.624112,1.844418,19.600407,579.1303,1167.6451,-76.02877,1809.3468,2337.3574,-90.169945,2445.7258,359.33902,-82.9147
1.3504286,-17.368767,22.595253,-0.09298662,-0.042693496,2.0761063,10.638631,31.672249,29.371414,-14.584451,0.0,0.0,0.0,0.0,0.0,0.0,588.77655,1143.8472,-68.80168,1811.7344,2169.968,-85.24322,2422.255,321.1255,-79.117226
1.278277,-15.285693,18.554811,-0.063090555,-0.04678747,1.9423984,14.201932,25.59036,24.203262,-11.980927,34.29989,0.0,0.0,4.3184214,22.440329,21.922325,461.3494,1138.413,-62.33591,1702.3197,2763.1907,-81.50766,2032.1597,429.3329,-76.9508
1.2581109,-15.450794,18.678274,-0.03260277,-0.044058934,1.4161506,19.143093,18.689224,18.923359,-2.6803677,34.065754,0.0,0.0,4.9383054,24.34307,20.954535,434.89062,1135.1305,8.047176,1643.6285,1829.1385,-21.39971,2111.7053,803.05664,-12.907357
1.3059063,-14.522961,16.532478,0.0001740108,-0.03904145,1.3302035,23.047874,13.284599,14.421806,3.7281525,33.671658,0.048107635,1.9540648,6.003884,27.231216,19.541853,407.6653,1161.8055,10.0255,1723.872,1196.3009,-13.930217,2071.0164,1317.1571,-9.516352
1.3621439,-14.547811,17.064531,0.017396929,-0.032070782,0.85298204,23.834406,10.214808,14.037953,4.041013,33.302837,0.039419565,1.4082283,6.264353,26.4251,17.959232,389.19638,1173.983,11.00167,1684.4642,780.7178,-14.386149,2321.7463,1874.6791,-6.957563
1.3632573,-13.523209,15.969487,0.023835376,-0.03137051,0.75157577,21.7098,9.130298,13.414886,2.2743008,33.057,0.018260824,0.9037852,5.774904,22.398329,16.676085,378.73364,1151.8043,11.2141,1661.7181,691.8791,-12.795501,2339.6423,1756.944,-5.461983
1.4122404,-11.536534,14.013443,0.045695204,-0.031095108,0.65601516,17.850485,6.430634,14.305455,-3.276517,32.788166,0.016241666,0.6952025,4.701884,16.24839,15.973285,354.1653,1067.0331,10.43997,1561.7412,479.49673,-14.726116,2459.0222,1397.4781,-5.5333133
1.4507169,-8.711318,11.825752,0.057703655,-0.032113947,0.7614375,15.146771,2.8597918,14.864411,-4.2311797,32.4942,0.0108437715,1.0529311,3.855055,10.804432,14.874486,331.04062,1025.2919,9.54455,1489.9482,382.63248,-15.132207,2333.9128,858.2473,-5.3299356
1.4645028,-8.276925,12.545448,0.07871499,-0.03313348,0.7335482,14.493114,1.2789792,14.610026,-6.899906,32.18488,0.009081616,1.1664085,3.7865298,6.841512,13.9149885,319.2897,1056.035,8.551082,1472.024,405.72427,-13.438717,2317.1492,848.3909,-5.363907
1.4474694,-7.4654655,11.66848,0.07903177,-0.037360888,0.80610394,15.131917,0.36894068,14.332992,-7.026207,31.929382,0.006976956,1.4117975,4.241347,3.9235432,12.913075,332.0086,1037.7358,7.9162865,1460.9111,444.5817,-12.961937,2319.1846,815.7947,-4.9967895
1.4522947,-7.394022,11.626634,0.08498111,-0.037726287,0.7171039,14.799687,0.40250993,15.314496,-8.757506,31.729227,0.0089516835,1.384243,4.670029,1.3174582,12.587708,309.69168,1085.6553,7.5717354,1442.6807,468.03683,-12.921921,2312.9797,775.33276,-5.394642
1.5020126,-7.204042,10.124235,0.08306279,-0.03787145,0.74569654,15.705052,-0.10877205,15.450473,-8.057978,31.521894,0.007896244,1.0961064,5.0442452,-0.9611494,13.287368,318.25577,1062.256,0.0,1425.3805,485.9204,-11.8707075,2302.4167,699.4063,-6.7454877
1.5220429,-8.202014,11.365803,0.08529344,-0.035604488,0.77081585,16.188904,0.98065,13.987018,-7.060068,31.326242,0.0077439942,1.3189074,5.3377814,-2.1666756,13.347428,318.1241,1067.8317,5.7004824,1422.1305,516.6499,-11.606257,2303.5188,677.48584,-7.4018645
1.5638576,-9.923747,13.610225,0.0870933,-0.0351934,0.7468121,17.670145,2.106941,10.086749,-7.592493,31.130287,0.006028132,1.0612671,5.127439,-1.8392235,12.864033,350.98837,996.71466,5.4693856,1418.4952,561.0678,-9.658721,2311.7078,609.92285,-7.394647
1.5595049,-10.575929,14.467364,0.09337432,-0.031405654,0.65384513,17.266869,3.0661566,9.689072,-9.459247,30.932028,0.0065253205,1.1530029,4.1457767,-0.61263245,12.71131,339.6932,1021.85693,4.826311,1397.3124,588.2407,-11.903954,2312.204,555.92035,-7.8849998
1.5195583,-10.528886,12.920639,0.100259535,-0.02733502,0.5859975,17.712242,4.777266,9.90257,-10.399277,30.627243,0.0066059027,0.6410338,2.8238106,1.7258059,15.383072,335.43323,1066.341,3.9577858,1359.3809,667.43146,-14.374122,2291.8132,492.83646,-11.425285
1.4165015,-11.173737,12.456596,0.10724163,-0.028030768,0.54558223,17.48793,8.137817,9.337897,-11.119885,30.073542,0.0068904846,0.9324114,1.2498914,4.547103,17.66699,337.21918,1098.8878,2.0290868,1328.0947,733.73236,-17.582396,2281.0127,456.39316,-15.637904
1.2787079,-11.563797,14.269141,0.09991624,-0.025982866,0.6080231,15.902762,14.305591,8.25047,-10.691073,29.551926,0.018623501,0.89810723,-0.55375266,5.9890847,18.533737,362.54727,1177.0146,-2.6659572,1346.7863,1002.7775,-19.911312,2277.069,505.43884,-19.416567
1.2352313,-10.231395,14.540879,0.080531955,-0.027029907,0.5512212,10.434195,20.646196,7.549049,-11.746087,29.187225,0.029729983,0.9926502,-2.820934,4.22406,15.866432,380.79846,1178.6779,-6.729172,1420.1527,1078.2875,-21.396177,2353.2952,377.95987,-20.953348
1.3014877,-6.540999,11.4040785,0.06444558,-0.024955703,0.58866733,4.4858303,26.485422,7.8912053,-15.74631,29.1379,0.039580707,0.5667114,-4.8837314,-0.32474613,12.916752,409.82047,1095.206,-9.444198,1527.9292,1114.8829,-21.520441,2383.299,357.18942,-22.685694
1.4271032,-2.4231772,6.264614,0.045560043,-0.026052304,0.5072772,-1.3022097,29.842148,4.782653,-20.360453,29.132315,0.028161578,1.0484201,-6.2575507,1.1666476,9.81523,433.32022,911.4733,-15.35451,1686.3809,1033.1862,-22.856222,2351.7083,280.00717,-24.003092
1.4974055,-0.9585348,3.8251517,0.038100902,-0.029515518,0.52472204,-3.7487662,32.880512,0.6520312,-23.704653,29.116158,0.018223068,1.4081465,-6.6223407,-1.3632994,7.417107,458.1373,863.88086,-15.134061,1714.1647,1250.7914,-22.93171,2316.8525,308.5202,-23.914469
1.5913639,1.3876678,0.79959434,0.026868349,-0.031118006,0.64038855,-6.800033,34.446674,-0.3617185,-26.164999,29.09487,0.008818472,2.0469835,-5.8237586,-0.3764874,8.118815,466.6228,788.47534,-15.1876955,1814.4058,1259.2886,-23.588285,2249.1836,610.6196,-23.682999
1.5938944,1.5441422,0.2558346,0.030915178,-0.033951104,0.71097296,-7.273676,35.83068,-0.7053535,-26.903885,29.084938,0.008818472,2.0469835,-4.295181,-3.890174,10.217528,470.22754,827.28125,-9.350453,1800.0006,1689.0363,-21.905203,2221.1174,728.84644,-23.458155
1.487707,0.9344363,1.323089,0.033766083,-0.029659001,0.7137782,-5.3986907,32.375603,-0.2566282,-26.506205,29.095572,0.008818472,2.0469835,-2.823743,-0.79720086,13.857437,461.19083,788.2912,-9.976228,1764.0365,1450.6075,-21.481956,2276.0889,777.7586,-24.630865
1.2626925,-3.9210484,7.3723717,0.024601834,-0.031049697,0.559963,0.45727953,28.30731,-0.0064327717,-21.256544,29.094545,0.008818472,2.0469835,-1.6700412,0.19577901,14.934814,458.09033,894.89105,-9.470868,1616.3373,1531.5684,-19.72,2351.6418,449.62122,-24.2099
1.0482175,-8.610654,13.776471,0.025572956,-0.030193388,0.42075416,6.588482,24.529053,-1.1792866,-14.3000145,29.08082,0.012508494,2.1388264,-1.1528417,0.13126223,15.999091,453.07748,927.4529,-7.1689677,1498.6578,1052.9027,-17.773336,2528.6394,486.4858,-23.036797
0.92064923,-11.720334,18.359936,0.03289883,-0.03178711,0.32187366,11.4165945,22.797369,-0.9682193,-10.129948,29.09468,0.016198516,2.2306693,-1.2388273,-0.4001526,14.895213,459.81738,1022.7789,-5.2709894,1527.5319,1183.9827,-15.277527,2474.1104,983.59894,-20.566355
0.80792695,-12.666863,20.43455,0.05104302,-0.028624611,0.27294925,14.6281,19.269747,-3.2983615,-9.334662,29.79966,0.019888539,2.3225121,-3.0750284,0.91750246,15.542943,453.42966,1099.9926,-5.984698,1547.5338,1218.4281,-14.713501,2420.63,1392.267,-20.610138
0.7997174,-10.764224,19.545366,0.0497476,-0.0253575,0.27346924,15.019343,13.027229,-3.2080557,-9.131175,30.827662,0.019888539,2.3225121,-1.3654107,5.479191,20.122847,442.13272,1072.9591,-4.5767965,1517.8988,1112.3639,-16.705568,2382.019,1310.4042,-23.478456
0.84384984,-8.744622,17.844772,0.039236445,-0.022733023,0.2860814,14.889664,8.072902,-2.7811282,-5.452296,31.817818,0.100817494,1.5880356,1.4183316,9.559792,25.566442,429.3668,1009.1962,-1.6854197,1446.4106,910.6286,-18.126509,2409.9646,994.9432,-25.92142
0.91513413,-9.626122,17.7386,0.031521767,-0.018552437,0.43544912,16.31235,9.067292,0.5065584,-2.7384853,32.111874,0.18174644,0.853559,6.1441708,10.95814,29.60055,381.4006,1205.8928,2.3268318,1333.1053,988.1159,-16.381788,2366.8665,847.56854,-26.2842
1.0510861,-13.357326,19.590048,0.045101453,-0.017484967,0.93359566,21.16207,13.457408,1.7528354,-3.257036,32.063557,0.18016733,0.7397409,7.327128,7.92231,29.635508,349.3364,1361.3138,0.0,1260.629,1100.8213,-12.374448,2250.3545,847.459,-24.888855
1.1658301,-15.915352,22.967886,0.06765326,-0.013980679,1.1140401,25.878479,15.285007,1.0794936,-4.1745787,31.972017,0.10270084,1.3380384,7.490023,3.9542198,30.038912,577.3099,1396.0599,-0.9523916,1530.3809,1067.4401,-14.6281395,2622.617,622.4364,-25.356377
1.2855573,-15.16735,26.041626,0.08069116,-0.019220928,1.1296821,29.348656,13.560121,-4.6336823,-7.102287,31.797476,0.024049925,1.6698538,6.4879107,0.7614104,27.973473,586.71515,1310.3848,0.23115318,1538.1198,912.11914,-12.801845,2747.2888,637.43024,-24.189985
1.2857865,-12.426228,28.124292,0.08755749,-0.021326311,0.83156234,31.296106,9.876193,-8.516853,-7.6497498,31.531364,0.02276594,1.3464712,5.1806674,-0.5708353,26.68062,573.98456,1373.12,-0.2026542,1535.4716,914.72174,-12.096924,2795.4783,747.16034,-23.330942
1.2994951,-10.808841,27.406656,0.08210073,-0.029021984,0.8419068,33.15166,6.385239,-12.590141,-13.197553,31.16205,0.017363306,0.80567366,4.407759,-0.2844588,23.938177,316.5179,1466.7709,3.4717972,1190.2026,1032.8374,-7.2440047,2333.6426,906.4393,-20.46638
1.2413857,-10.926057,23.553408,0.08034556,-0.030845731,0.89064354,32.66322,4.8377833,-10.57225,-14.7949095,30.749014,0.00878759,1.0195518,4.318899,0.33827147,26.233732,528.9662,1354.6522,0.09260893,1478.7313,913.715,-11.608893,2578.9414,723.712,-21.921867
1.2363352,-12.211586,20.974335,0.07632505,-0.035037015,0.80217904,31.56254,5.6432915,-9.46057,-19.798586,30.300848,0.022043958,0.7598452,4.551907,0.96134585,26.84204,748.2165,1236.2208,-4.454928,1797.5874,862.4327,-14.116436,2871.5752,627.4397,-22.066963
1.1911659,-13.644016,20.341333,0.093170196,-0.03764614,0.6924696,30.169691,8.570231,-6.0596786,-21.895166,29.811396,0.02390227,0.72185326,4.5987487,1.3829304,28.44757,939.4942,1192.0928,-6.0894413,2107.8162,775.7363,-18.2666,3200.1946,599.47943,-23.271143
1.2128687,-14.753301,20.303322,0.102384984,-0.04196249,0.612067,30.795189,9.974946,-5.979449,-22.771654,29.334414,0.025220545,0.29063654,4.515592,1.9013311,27.17914,933.405,1183.1434,-5.1840386,2121.897,720.4629,-17.994665,3204.4834,552.4624,-21.866959
1.1627523,-15.340514,20.157333,0.0910758,-0.04807231,0.65812665,30.181856,11.413564,-5.2436085,-19.599207,28.818207,0.017047426,0.5399847,4.2193613,1.3812909,26.335718,904.55347,1168.1364,-3.576208,2107.5828,600.1653,-20.052038,3203.2715,495.8879,-21.181904
1.1387917,-16.39334,20.960566,0.07305423,-0.050857406,0.7062395,30.00315,12.086263,-6.476111,-19.290554,28.303421,0.012409777,0.68314075,3.6217277,0.43657002,26.065855,893.9597,1134.7383,-4.3454833,2117.2139,582.566,-19.39594,3207.9385,516.51385,-21.367432
1.0612148,-17.910448,24.348938,0.066410445,-0.051689375,0.6368602,28.32942,16.132832,-8.7740965,-17.263567,27.797829,0.019492362,0.7351958,2.4777992,-0.01574866,28.599813,879.7513,1149.4725,-3.636262,2120.952,660.5589,-19.351011,3218.9092,577.03754,-24.342354
0.9718375,-18.889803,24.482803,0.072879896,-0.0489284,0.6048509,28.236502,17.186853,-10.237551,-16.103775,27.267595,0.015334613,0.9707077,1.9811945,0.29142866,32.496414,884.21735,1134.9453,-1.4691671,2125.7249,670.4407,-21.251654,3260.528,555.48584,-28.800455
0.8751213,-20.441492,25.382254,0.073990054,-0.049549997,0.4941435,28.141027,19.74745,-12.3001375,-10.870261,26.929495,0.02270175,1.1806959,1.8464594,0.61326426,35.893723,867.4124,1127.2427,-2.8639793,2088.706,697.009,-21.186945,3246.6816,643.1025,-32.58872
0.7913103,-20.883657,25.094618,0.069992,-0.04889859,0.46647134,30.000654,18.873407,-12.786334,-7.000728,26.697485,0.020450998,1.3319553,2.1711729,0.2712616,34.581543,620.939,1396.8666,-2.9482431,1694.2056,871.0828,-18.19283,2848.5227,689.96436,-31.304987
0.71876734,-21.197912,27.475485,0.06309461,-0.046383947,0.38364586,32.595882,18.604942,-11.048019,-3.1593063,26.616295,0.031862617,1.3872577,2.0629337,-0.44281483,31.312708,602.51227,1484.2677,0.0,1632.267,1050.8794,-14.558267,2764.9368,1081.6667,-27.476412
0.6450963,-20.647247,27.005938,0.053837866,-0.04654759,0.3912668,33.66179,16.399488,-5.4825096,-3.1192276,26.678785,0.024443926,1.2351209,0.86600584,-0.9517645,26.237215,601.1264,1535.773,-5.163698,1601.5482,1077.1473,-14.810883,2729.4958,975.4826,-22.142698
0.5806183,-18.525383,24.737242,0.049093653,-0.043869827,0.36352876,32.65732,11.510205,-2.6426556,-6.270828,27.00973,0.020971537,1.2529725,-0.35536757,-2.0338452,22.569605,823.78973,1258.0348,-4.721885,1912.0326,918.71735,-21.047415,3052.838,921.1901,-19.4397
0.5489692,-17.768682,23.332588,0.054319233,-0.0428576,0.29545075,30.5092,9.379701,-0.5217641,-11.38013,27.889801,0.007877552,1.0108835,-1.7569499,-3.67276,20.15094,817.13153,1242.6246,-4.579435,1887.9146,893.8547,-18.871977,3018.677,587.16974,-19.032434
0.53634363,-17.3896,22.356989,0.053298756,-0.04385464,0.2480898,28.909758,10.463779,-0.44530997,-14.225852,28.383562,0.009028647,1.126011,-1.9526949,-4.8782105,19.729618,793.26074,1238.3429,-66.737,1861.2523,915.23895,-79.18403,2965.046,568.549,-80.20755
0.5269858,-16.672035,21.760376,0.0552682,-0.042411964,0.2404321,27.097054,12.509312,-0.94813204,-10.387034,0.0,0.0,0.0,0.0,0.0,0.0,768.5943,1382.9103,-132.45758,1836.1146,968.3706,-136.77223,3014.9324,557.92914,-141.33049
0.5257589,-15.558873,19.820633,0.04913224,-0.047088403,0.23711304,25.637049,11.365695,-4.1562366,-8.216064,0.0,0.0,0.0,0.0,0.0,0.0,732.29425,1474.0127,-201.0,1808.8091,960.22394,-201.0,3024.0266,617.0378,-201.0
0.5068635,-13.070606,19.157679,0.05718435,-0.04189871,0.21864475,22.277817,7.1408525,-9.895541,-9.216547,0.0,0.0,0.0,0.0,0.0,0.0,594.82446,1518.2723,-201.0,1668.5352,1049.4116,-201.0,2826.8564,942.3525,-201.0
0.6008174,-8.748268,16.43249,0.062417347,-0.02835262,0.20950739,17.352335,1.4192816,-15.083594,-14.822033,0.0,0.0,0.0,0.0,0.0,0.0,747.67206,1356.4191,-201.0,1939.6224,1177.7917,-201.0,2827.5964,2016.1808,-201.0
1.60031,-2.6509373,13.256058,0.069353424,-0.008503397,1.2787238,9.921769,-5.1512055,-19.50717,-16.941717,0.0,0.0,0.0,0.0,0.0,0.0,859.5511,1193.1162,-131.13315,2057.874,1172.838,-132.88754,2889.7634,1869.7821,-135.92696
2.3716605,1.1083914,9.723959,0.056456875,-0.0020525276,1.9299282,5.1799393,-7.033175,-19.474354,-14.959073,35.534782,0.0,0.0,-5.6768513,7.9989552,12.773413,1095.3829,1168.1901,-60.166874,2269.453,1137.3805,-64.13811,3186.0417,1527.5758,-70.97006
3.0630639,2.2215521,7.692522,0.05356287,-0.0027281856,2.3475409,2.6162724,-7.370554,-17.067385,-8.828853,35.553295,0.0,0.0,-5.0888047,9.661156,10.761041,850.8869,1123.5017,9.932519,1933.2494,1070.1017,4.7650127,2902.8762,895.7739,-3.1161005
2.8275518,2.2518647,10.317813,0.054943234,-0.0019246396,1.7546619,3.3863285,-8.731622,-17.343302,-6.676186,35.589607,0.0,0.0,-4.167837,11.575925,10.242802,633.4741,1156.3352,-59.934326,1743.5424,1256.0635,-63.347443,2509.0718,1296.6139,-68.18914
2.4032643,2.4150822,10.240655,0.05395985,0.0048234095,1.8180761,4.3538756,-9.731355,-16.200869,-1.6488308,0.0,0.0,0.0,0.0,0.0,0.0,405.57837,1221.694,-130.9006,1467.1006,1338.3976,-132.09688,2169.6018,1450.1483,-133.14604
1.8468451,2.3746483,9.363582,0.035133585,0.003990823,1.5312868,3.840293,-10.712428,-13.083852,-4.508741,0.0,0.0,0.0,0.0,0.0,0.0,391.09314,1244.872,-201.0,1371.437,1279.9269,-201.0,2154.7783,1068.7659,-201.0
1.2349337,1.2973884,5.5567474,0.012433956,-0.0010625132,1.1123141,2.758444,-6.2580104,-5.983385,-2.4786484,0.0,0.0,0.0,0.0,0.0,0.0,415.5392,1139.1989,-201.0,1334.9803,1023.7056,-201.0,2268.3506,802.34033,-201.0
1.0712641,1.4123096,3.305501,0.0041405684,-0.0031078819,0.42661452,0.844157,-4.185806,-2.9660835,-5.3693027,0.0,0.0,0.0,0.0,0.0,0.0,686.4748,1025.668,-201.0,1665.941,754.74274,-201.0,2660.3264,688.9384,-201.0
0.9933416,0.8783111,4.1585917,0.012009653,-0.0023161445,0.27863565,1.0306455,-0.59620726,-1.557587,-5.2044086,0.0,0.0,0.0,0.0,0.0,0.0,904.9334,960.9865,-201.0,1970.1528,532.7717,-201.0,3016.8408,600.6756,-201.0
0.9785018,1.3116165,3.4696066,0.019544033,-0.00450379,0.24052382,-1.4121637,0.64052314,-2.1850035,-9.585395,0.0,0.0,0.0,0.0,0.0,0.0,1177.4083,904.68164,-201.0,2257.9055,384.3136,-201.0,3365.9365,487.32275,-201.0
0.9300802,2.0663042,2.6289237,0.03381343,-0.005513147,0.24108972,-3.3931382,1.0582865,-0.08138911,-11.957962,0.0,0.0,0.0,0.0,0.0,0.0,1235.3123,781.6987,-201.0,2251.8008,454.44165,-201.0,3333.7568,495.88757,-201.0
0.9077417,3.1148727,0.5714952,0.04046956,-0.009184551,0.24022661,-4.9556212,-0.360181,1.6077638,-12.354935,0.0,0.0,0.0,0.0,0.0,0.0,896.2354,950.9712,-201.0,1975.6636,595.94464,-201.0,2941.1526,654.7907,-201.0
0.91901284,3.374038,-0.92956513,0.04658075,-0.008882781,0.24428333,-3.716512,-0.9298331,4.1460032,-11.193191,0.0,0.0,0.0,0.0,0.0,0.0,583.43634,1106.0609,-201.0,1668.9135,776.7185,-201.0,2544.069,731.688,-201.0
0.92968017,3.0099432,-1.6492329,0.052549247,-0.012113009,0.25116047,-1.8223993,-2.8481662,3.210078,-9.61311,0.0,0.0,0.0,0.0,0.0,0.0,547.4272,1100.9648,-201.0,1687.8369,703.4067,-201.0,2571.7358,690.38873,-201.0
0.9714437,3.159746,1.1402215,0.04777522,-0.010073156,0.27132234,-0.6401307,-4.884551,0.6412289,-8.134987,0.0,0.0,0.0,0.0,0.0,0.0,610.82764,1037.3331,-201.0,1624.6866,710.4226,-201.0,2610.1191,522.9841,-201.0
0.8980684,2.261761,2.7719247,0.064978465,-0.0066613634,0.28290534,1.5439262,-6.867571,-3.3335826,-7.624638,0.0,0.0,0.0,0.0,0.0,0.0,543.1921,1098.4257,-201.0,1562.9316,682.0684,-136.47404,2641.4104,463.25513,-138.85027
0.7768436,0.39266515,6.404705,0.05327421,-0.0041854912,0.25728768,5.008206,-6.321705,-5.1050267,-9.969485,29.022373,0.0,0.0,-4.3019986,-6.5081573,12.061654,231.93352,1268.8744,0.0,1223.05,824.0267,-71.65368,2303.448,467.49023,-77.529205
0.6090583,-4.713496,10.39341,0.061626982,-0.012307476,0.23181815,11.84887,-1.8510995,-5.171614,-13.185837,29.026573,0.0,0.0,-3.6838853,-4.721968,12.5098295,266.87012,1330.5997,0.7564957,1229.7323,968.11084,-6.0600343,2265.4104,598.10724,-14.015775
0.48629478,-8.735805,14.988299,0.03863308,-0.021116331,0.2008608,17.770311,2.820052,-4.1516314,-11.138173,29.031769,0.0,0.0,-2.710398,-1.5084921,14.151527,378.24442,1282.4645,2.141989,1275.3702,1177.1095,-4.429808,2214.2805,761.6685,-11.855087
0.4325565,-11.294787,17.842138,0.04810126,-0.026889203,0.1877544,20.729647,2.5877612,-6.424852,-12.03065,29.040651,0.0,0.0,-2.691941,1.4196252,14.914032,398.65198,1418.9546,4.6833286,1289.7544,1480.806,-2.8150551,2120.8262,998.82245,-8.811078
0.38262424,-11.199948,17.550724,0.045314223,-0.028976753,0.15899816,20.473598,1.0506114,-7.7581086,-10.223166,29.04934,0.0,0.0,-3.624705,3.931324,17.06161,424.52014,1317.1852,4.644682,1377.4878,1440.598,-1.6825742,2140.373,1153.1377,-8.485602
0.3741854,-10.90857,17.362024,0.05109647,-0.029738838,0.12230786,20.987482,-0.7427325,-8.979847,-10.109073,29.057953,0.0,0.0,-4.327846,5.090514,18.29509,535.92773,1429.3491,-63.992977,1528.6968,1277.5,-67.83877,2413.42,1026.8492,-72.79603
0.35532126,-11.070335,17.607256,0.04985067,-0.03305891,0.09155465,21.62307,2.2940447,-6.353344,-5.766235,0.0,0.0,0.0,0.0,0.0,0.0,551.16345,1306.71,-132.6733,1588.0348,1129.1613,-134.27386,2449.827,1006.44794,-137.16109
0.34841883,-11.761063,17.1557,0.035894245,-0.02964835,0.07177848,22.25654,5.2864165,-4.492233,-4.1872563,0.0,0.0,0.0,0.0,0.0,0.0,556.87427,1423.2877,-133.40901,1643.5063,1329.5294,-143.48866,2376.9922,1147.2887,-143.48866
0.372514,-10.359447,14.887324,0.026221512,-0.027055318,0.069214426,18.517023,5.903835,-4.1250176,-3.3474987,33.63153,0.0,0.0,2.1583326,8.8796,28.501354,435.63354,1269.4073,-65.48353,1527.7266,1342.2534,-79.93146,2188.379,1207.4686,-84.48443
0.53221077,-10.531862,16.955736,0.021488579,-0.022245005,0.3325689,18.447016,8.514721,-2.120632,-2.9122345,33.61643,0.0,0.0,3.9021118,8.149585,28.542593,613.91895,1163.1544,-4.387487,1769.1587,1127.2667,-20.11695,2613.846,1199.7471,-25.881468
0.8678136,-11.637722,20.912695,0.041763786,-0.025368368,1.054564,20.848833,12.535136,-2.0785139,-7.0559177,33.578915,0.0,0.0,6.814396,6.751161,26.301336,569.9284,1125.1937,-3.5929718,1593.149,865.383,-14.35925,2723.2585,784.7046,-22.845697
1.1970421,-13.425649,26.736158,0.047884177,-0.024511268,1.3393337,26.7928,16.847332,-2.0971777,-10.756312,33.535023,0.0,0.0,7.762091,5.320109,25.158844,546.143,1139.5654,-2.7959354,1505.9355,800.7736,-13.888532,2706.8193,680.89215,-20.906168
1.4301656,-13.524112,25.58448,0.047849324,-0.02092924,1.3198458,27.12609,15.110782,-3.6803496,-10.99176,33.403873,0.03976071,0.87805176,5.644733,4.72446,23.122,333.11276,1251.3585,4.306078,1187.9252,859.914,-11.02904,2336.6978,486.72818,-18.81592
1.5227262,-12.286323,22.97957,0.05136441,-0.013817035,0.68856716,24.311928,10.0952835,-3.4952648,-7.165066,33.25171,0.03053204,0.7827613,1.5748762,5.0160637,17.850716,338.42096,1218.6149,2.0872736,1231.2762,849.80225,-7.1435485,2309.5837,529.5012,-15.763443
1.6431421,-11.327207,20.532583,0.06749236,-0.006904159,0.61667895,21.21598,4.24123,0.43738684,-4.0859027,33.101437,0.013236669,0.79952264,-1.5439607,6.0261025,11.310409,595.5738,1149.591,-4.8041844,1575.6041,883.5379,-6.3920875,2612.6775,607.2542,-14.400031
2.0009882,-5.54876,17.17865,0.08451652,-0.00091734994,1.199628,19.147655,-5.3718886,0.4445964,-1.3876247,33.037716,0.00809011,0.6653994,-2.1735506,9.374126,8.221451,673.7668,1193.1274,-13.803517,1587.1722,1171.443,-2.6902788,2581.2493,968.78986,-15.328178
2.2728064,-0.6306343,12.909573,0.06928962,0.00600146,1.527678,17.76921,-14.194659,2.0889182,5.1320157,33.01392,0.006492302,0.6416974,-1.0604218,13.507927,14.784549,818.9505,1173.4517,-16.270493,1797.2435,1299.6644,-10.452308,2829.1326,1141.0873,-23.07979
2.428705,2.233994,10.094215,0.054754943,0.011063955,1.5544872,17.216553,-18.178616,1.6570106,12.178777,33.006443,0.007281276,0.5210743,0.03925355,17.291069,16.645544,595.38824,1474.5786,-12.8016,1408.5752,1425.9443,-17.611538,2443.7422,1206.1156,-23.186457
2.388933,0.3526701,9.744016,0.042778965,0.011403876,0.94037634,16.682604,-12.936584,-0.54756355,18.286715,33.01561,0.008571634,0.73605686,0.7453106,18.329248,17.492828,749.42303,1371.9678,-14.654014,1676.0614,1133.4957,-24.34316,2817.6953,947.9638,-22.846716
2.376835,-1.0464716,11.19958,0.03075198,0.013193809,0.6559249,15.20593,-6.2198863,-3.4923618,21.433266,33.036438,0.011231917,0.60927445,1.5900434,16.256895,17.65162,821.5095,1328.6451,-20.788023,1729.0277,1032.149,-23.972605,2897.493,864.35077,-22.340866
2.3689573,-1.9216942,11.698398,0.03365471,0.008997757,0.559194,13.896545,-2.5597486,-5.433786,21.931458,33.057194,0.022318503,0.6122872,2.1941261,12.139026,20.874538,1003.67365,1058.0742,-27.258804,2061.4448,886.1989,-21.787521,3316.2659,749.3718,-24.566568
2.203375,-2.6907756,12.88074,0.037373185,0.007734479,0.48692346,14.505627,-1.948867,-3.926031,21.926401,33.0725,0.0244604,0.3494334,1.8602778,6.955171,21.811478,992.93964,1003.764,-24.36351,2046.5624,865.6714,-21.19303,3299.2363,730.75836,-24.151466
2.0720475,-3.6839497,12.9258375,0.059752,0.00013943203,0.60096043,18.272272,-3.743964,-2.4312756,17.913797,32.870388,0.04668178,0.4148241,0.94883114,3.641998,15.693709,988.41986,997.36646,-20.615498,2011.38,867.19366,-16.080778,3241.718,715.9829,-16.44935
2.0320122,-4.031419,11.857608,0.08185334,-0.006013052,0.86690444,21.323013,-7.6549683,-2.2884057,13.821681,32.609844,0.060476866,0.35041952,0.1771339,2.4637215,12.833046,1011.372,1083.9906,-15.946807,1987.692,1142.4825,-10.972008,3007.8147,882.8213,-12.182401
2.0526092,-3.7448366,10.009279,0.10287673,-0.012559646,0.95796686,22.845451,-11.960767,-0.5934877,8.175441,32.308002,0.085701354,0.5242021,0.4520836,2.663312,8.541634,1058.2045,1216.7379,-11.640107,1886.6837,1544.3784,-5.1844497,2743.2,943.24536,-6.5899334
2.104553,-2.5930302,7.9935184,0.11002154,-0.01271945,1.0113987,21.393015,-15.260155,0.5008987,4.2770295,32.1909,0.07806704,0.80654305,0.8815012,3.2218945,6.914534,872.6586,1340.6545,-4.7558217,1688.7441,1615.7714,-3.0236118,2487.9363,999.53986,-3.991993
2.090387,-1.8141567,6.812834,0.10222221,-0.011650522,0.7998995,18.701515,-15.488624,-1.8373331,1.2845672,32.11876,0.05345787,0.98780507,1.1163822,3.7892358,5.686461,644.21857,1307.7997,-0.15751918,1468.6973,1390.8502,-0.7765086,2373.7458,880.1089,-2.371213
2.0733948,-1.0037843,5.584591,0.08751836,-0.0076175258,0.7530586,16.394957,-16.347893,-4.490482,-1.1044673,31.98655,0.023605332,0.71692824,1.2177157,4.9584603,6.2470493,382.65988,1274.0713,3.3303406,1322.3583,1029.2723,1.6260303,2300.6758,785.17554,-2.9167087
1.9350106,-0.9631917,6.5803986,0.07914043,-0.0048169135,0.6373424,15.331505,-16.113298,-9.032581,-2.6097755,31.776052,0.004192903,0.66953915,1.5354633,6.1250687,7.1587825,372.20065,1165.2793,2.9856122,1297.8749,933.87646,3.7432969,2288.7449,646.378,-4.17317
1.8512069,-0.4935654,6.918564,0.07145498,0.00026722392,0.69169015,15.497188,-16.139732,-10.673003,-1.5543035,31.463331,0.007894111,0.72206783,2.03767,6.362404,8.662007,372.9286,1113.674,2.565157,1278.6664,888.9229,5.6307545,2263.9695,599.1152,-6.0968513
1.7929789,0.38446042,9.657954,0.07014962,0.0043574036,0.7577184,16.430305,-15.860451,-10.89224,-1.5403739,31.199697,0.011464042,0.7848847,2.7155564,5.615437,10.367173,385.49973,1084.2013,2.09697,1251.4657,868.9439,6.192404,2240.8154,553.47284,-8.270203
1.8052465,1.6788796,11.026901,0.07764922,0.0062488336,0.78031915,17.281929,-16.280373,-9.4695635,-1.5582786,31.006247,0.015738433,0.6424402,2.8671134,4.7952485,12.534114,378.79086,1120.3165,0.6218867,1222.4154,868.5745,4.6277127,2223.6797,537.4461,-11.912228
1.7699562,2.2500253,12.925891,0.080333866,0.006685561,0.7352827,17.652403,-14.384003,-8.726531,-1.7992897,30.903654,0.01202396,0.6245598,1.8162918,4.150829,14.304652,387.63623,1114.8892,-2.9841645,1217.0809,868.2088,0.29668888,2232.0525,536.38873,-17.288816
1.7205458,1.917696,13.950059,0.0730309,0.0068065426,0.6607813,17.63832,-11.992845,-10.434906,-2.9824047,30.29393,0.012055361,0.83747387,0.41777396,2.0863206,15.710503,370.07828,1168.2794,-9.553815,1212.5321,880.23773,-8.383264,2247.8254,576.98114,-25.264318
1.703972,0.51018345,15.047488,0.055395287,0.003924007,0.6674814,18.401228,-8.062892,-12.645656,-2.1295812,29.989523,0.011278417,0.94900036,-0.72440577,0.7598505,16.631557,310.6469,1306.5713,-75.93201,1206.5543,918.1911,-75.971985,2270.7703,693.7561,-87.019714
1.5940266,-6.6276474,21.878565,0.02404423,0.0022636037,1.9709759,24.89739,-1.508308,-4.728052,4.7101994,0.0,0.0,0.0,0.0,0.0,0.0,197.21294,1579.999,-109.50251,1202.7136,986.2828,-80.91492,2325.7588,792.4899,-89.37747
1.5137515,-13.388324,27.446112,-0.013158555,2.9713303e-05,2.4670799,27.20018,4.924084,4.5216765,11.91232,19.347364,0.0,0.0,-1.3407536,4.4027567,15.340745,460.61353,1443.3555,0.0,1565.7695,909.39453,-85.18049,2671.467,820.86444,-90.74475
1.437316,-18.04976,31.663208,-0.04070914,-0.0029279657,3.4178686,29.310926,8.195277,12.333413,13.895561,19.358522,0.0,0.0,-1.3977438,5.474642,17.306938,524.03546,1371.4886,-17.900246,1579.911,916.9423,-23.05686,2702.0837,774.47296,-35.880127
1.4080963,-18.449852,32.964188,-0.06661311,-0.009424969,2.5604823,28.393097,6.071982,11.715953,10.871605,19.385347,0.0,0.0,-1.5288702,8.626636,18.949472,626.15405,1213.5192,-14.44128,1595.0563,911.48956,-19.311953,2688.864,770.4589,-33.617878
1.4474331,-16.41979,32.616108,-0.07694903,-0.011221383,2.4911826,31.218618,2.14775,9.070755,10.544788,19.376427,0.0,0.2661205,-2.498371,16.854738,21.445404,381.72482,1363.4698,-7.4873257,1252.9957,987.5893,-11.375741,2397.4219,753.5,-28.22911
1.4324108,-14.116913,29.58699,-0.07496595,-0.008176428,2.302756,33.591373,1.186038,5.226429,13.4029875,19.341791,0.11202074,0.29395208,-2.6839828,22.460638,24.576553,383.46048,1313.434,-2.5021276,1263.4269,940.40405,-9.750459,2392.5808,750.709,-23.480864
1.4003086,-11.891711,25.648748,-0.05795476,-0.0028162806,2.0060291,33.2786,1.9276901,4.869344,12.53801,19.27316,0.08407742,1.6022196,-2.4141715,23.313192,28.240946,381.47205,1291.0004,1.886051,1265.6381,899.0944,-7.896099,2426.0674,712.5928,-20.42431
1.1844374,-12.953018,25.345512,-0.04245737,-0.003088354,1.8946813,33.731068,5.5800986,3.8123782,9.662528,19.139875,0.07010576,2.854824,-2.5697038,21.792555,29.251373,619.2209,1355.4376,3.2396805,1391.6993,1208.5502,-4.960601,2589.8992,738.8552,-15.276656
0.985518,-16.027155,29.431,-0.053048342,-0.0039966092,1.1159014,34.20799,7.912624,5.037314,11.387319,19.071346,0.0,4.1074286,-2.820276,20.470774,28.560677,844.47266,1507.6211,-64.71768,1509.7145,1591.0306,-68.70951,2656.3145,883.44946,-74.889534
0.8926835,-17.056192,30.856506,-0.06364368,-0.003794709,0.91468114,30.45873,9.680105,7.223433,11.091908,0.0,0.0,0.0,0.0,0.0,0.0,1114.8926,1453.2701,-133.59807,1886.6041,1572.2456,-134.08339,2954.22,958.6413,-136.41283
1.036399,-14.817902,26.144249,-0.07681567,-0.0012982833,0.6743508,21.430632,12.916359,9.543098,8.951541,0.0,0.0,0.0,0.0,0.0,0.0,1101.5059,1255.7662,-201.0,2115.5872,987.1253,-201.0,3095.6592,871.4445,-201.0
1.2847694,-8.92929,17.222837,-0.07810513,-0.0018809527,0.7480738,7.148745,16.88453,13.210068,-1.2304522,0.0,0.0,0.0,0.0,0.0,0.0,921.7281,910.5403,-137.43303,2167.3557,423.98764,-145.5009,3045.7375,1035.275,-142.24165
1.541078,-0.8817167,6.0365024,-0.0678911,-0.0020522715,0.82339686,-5.8917212,18.687944,8.69067,-10.661323,28.88667,0.0,0.0,-3.2384355,-2.0728264,13.022054,696.86127,677.84564,-74.77697,1925.6821,286.47504,-91.439415,2790.9421,1103.9935,-84.84022
1.885397,-2.0188696,6.93325,-0.028419524,-0.013686392,1.6770717,-5.235705,22.587545,7.891393,-14.260974,25.927238,0.0,0.0,-6.9872212,2.9524393,15.030014,627.01324,982.9378,-16.17704,1918.1436,303.0638,-36.07874,2754.587,1297.913,-25.962881
1.9250818,-9.948386,15.626736,0.011388831,-0.0234844,2.8307476,3.220954,28.836395,6.2970047,-9.473645,22.660019,0.0,0.0,-6.546636,7.6499953,14.606666,776.81177,1272.0239,-24.430557,2160.6453,372.33618,-36.553757,2993.6697,988.70905,-26.027868
1.8951359,-17.816168,25.10109,0.0052191764,-0.02692552,3.722452,9.510825,35.576393,14.916161,-1.4106828,19.443884,0.0,0.0,-5.4917054,11.25125,17.967321,652.6788,1632.8241,-30.129929,2162.355,632.28937,-38.649303,2854.589,635.5966,-29.235083
1.640608,-18.600176,26.39652,-0.060815345,-0.019980669,3.7661278,6.216152,37.693756,19.63675,0.9703061,18.828144,0.0,0.0,-0.43387094,10.332691,14.711431,782.28033,1441.4501,0.0,2141.2354,779.16284,-39.541317,2917.6008,511.03574,-28.79184
1.577804,-16.367815,24.408043,-0.110447146,-0.013014871,3.1696522,0.52373296,37.32096,27.666473,0.42254305,17.563398,0.0,0.05812726,-2.7776995,8.942704,21.319983,508.734,1413.4274,-19.702553,1971.2169,650.809,-39.730297,2534.144,557.1748,-32.6501
1.5862755,-15.078181,21.716415,-0.12966093,-0.01583515,2.730965,-0.969577,36.85615,26.070246,-2.9293964,16.809298,0.022410365,0.05812726,-4.567168,9.608227,20.653103,834.9509,1408.8623,-80.13503,2121.696,370.384,-91.696236,2871.4746,768.1536,-86.84432
1.5595905,-16.32031,22.288996,-0.10788837,-0.016597727,2.3635826,0.9512488,39.188793,27.733202,-2.7408094,0.0,0.0,0.0,0.0,0.0,0.0,743.14777,1474.4863,-135.48892,2110.137,314.1755,-146.1649,2798.0088,761.28204,-146.1649
1.5922294,-13.243836,17.91623,-0.1091707,-0.019701457,2.6814356,-0.58812004,37.603672,24.165009,-6.7215767,0.0,0.0,0.0,0.0,0.0,0.0,718.0689,1609.0693,-201.0,1889.4081,796.9357,-201.0,2839.3904,650.36523,-201.0
1.6069378,-10.7004175,16.470427,-0.09174039,-0.019716686,2.5220392,-2.1945813,35.193043,21.240465,-9.673473,0.0,0.0,0.0,0.0,0.0,0.0,553.86835,1528.8993,-201.0,1522.8177,1775.5732,-201.0,2454.271,600.6939,-201.0
1.521193,-6.601622,12.806229,-0.08970371,-0.019100437,2.1048038,-4.3183923,28.447908,15.864914,-11.003505,0.0,0.0,0.0,0.0,0.0,0.0,403.85315,1437.7499,-132.66527,1228.957,2079.6533,-140.93578,2149.279,451.30545,-141.97011
1.3865625,-5.3197484,10.718045,-0.059267167,-0.014107011,1.2669206,-2.1363108,22.93637,14.151985,-9.13821,35.289894,0.0,0.0,5.4099293,18.938717,31.308739,855.7282,1111.5232,-71.82302,1587.4932,1608.8346,-79.66513,2584.4348,720.07,-84.415085
1.2300125,-9.168815,14.26283,-0.038614403,-0.0144195035,1.2219623,6.6854095,19.963058,14.794335,-4.8104625,35.21344,0.0,0.0,6.72722,16.997704,28.663528,782.3452,1063.8228,-2.5828562,1824.1533,826.6142,-20.43724,2661.9656,1061.6454,-22.965952
1.218449,-13.762891,18.657965,-9.5698364e-05,-0.017313397,1.2027209,16.370003,17.060602,13.62321,-5.008064,35.045155,0.0,0.0,9.016595,13.094066,27.576578,741.3098,1101.3525,-1.8109688,1868.764,903.9462,-17.959005,2632.7717,1291.247,-21.107115
1.2420641,-17.957825,23.444921,0.020950198,-0.021783913,1.0326551,25.060015,13.837189,9.390327,-5.375234,34.85329,0.0253868,0.76636916,9.841483,9.282295,29.462896,594.81134,1255.943,-0.6658446,1759.3076,1073.2025,-21.7544,2631.8525,1088.0441,-23.16747
1.2647413,-17.189009,23.051985,0.050854895,-0.019311545,0.7080119,28.86672,10.083238,1.8101559,-8.503237,34.604836,0.019396633,0.6930991,9.78987,5.729795,31.29807,539.582,1401.6232,-4.3590217,1554.2574,1099.2164,-18.2769,2607.7449,763.04224,-25.345896
1.2606364,-17.12805,24.390406,0.08099871,-0.02184852,0.53451675,30.335175,9.069068,-4.1338096,-13.140027,34.296597,0.0068782666,0.5056982,9.293389,2.566705,33.588844,698.9177,1386.858,0.0,1731.4484,949.155,-20.911314,2998.029,811.6464,-28.413818
1.2283086,-18.803963,26.438982,0.111624755,-0.02735877,0.612827,31.704025,11.3033285,-10.870244,-15.885737,33.902737,0.008065078,0.4918078,8.712966,-0.14179707,28.362417,430.50797,1599.3613,-9.225293,1365.0377,1158.9694,-14.889481,2536.5217,796.6453,-24.278425
1.2110397,-20.790522,26.114973,0.10601512,-0.036452554,0.6205218,32.119614,11.716388,-11.561813,-19.230661,33.48921,0.010787151,0.4182031,8.356631,-2.4605362,26.864801,427.51328,1684.2988,0.0,1309.3553,1234.1058,-13.883374,2484.4622,783.3339,-24.175964
1.188552,-20.96612,24.50162,0.089789,-0.040226076,0.675975,32.32226,11.164074,-12.07256,-18.777395,33.07948,0.009829062,0.5487137,8.119408,-4.769416,24.659317,256.5129,1743.5748,0.0,1011.14795,1269.7026,-8.5848055,2060.7712,621.81226,-23.249784
1.1702632,-19.15734,24.211119,0.07527401,-0.03721467,0.59241825,31.492346,8.931448,-9.2647085,-20.714373,32.70882,0.015919117,0.7066291,7.694656,-7.002011,22.099405,316.3091,1547.0693,0.41181326,1077.6204,1223.6691,-6.6612325,2089.7646,623.32135,-21.323103
1.1597829,-15.924464,24.65227,0.07935266,-0.03223331,0.6053598,31.492723,7.0032864,-10.263256,-19.881844,32.335926,0.013470468,0.82578254,6.9780517,-8.610983,19.844183,360.5897,1330.1761,0.86095256,1141.7242,1097.1381,-4.801274,2122.9858,599.668,-18.983229
1.1983176,-12.565731,23.913483,0.079634644,-0.029881328,0.550374,31.435835,3.7832212,-10.712718,-18.520712,31.957598,0.016454777,0.6841755,5.954605,-9.299955,17.390661,322.29697,1325.5405,1.2161613,1153.8602,1018.0889,-4.478398,2133.0679,591.25006,-15.490578
1.2564799,-10.4903755,22.91957,0.07013238,-0.029712154,0.6365116,30.67391,1.6228718,-12.412185,-15.6516695,31.614492,0.011009563,0.73311204,4.5696177,-9.093672,16.053812,311.7598,1258.1857,0.0,1160.681,889.9777,-5.2290173,2154.503,516.68097,-13.754177
1.3128325,-11.673382,24.135187,0.07839236,-0.02619491,0.6975582,27.792368,2.0412915,-11.312748,-12.914311,31.349977,0.012570453,0.65469074,2.2289598,-8.104994,13.65582,297.13852,1259.007,-0.5982065,1179.9666,864.81415,-7.4094644,2172.332,512.3516,-12.965317
1.2729242,-12.3641205,22.183434,0.089055754,-0.022200232,0.8785207,25.81933,2.793216,-7.4115405,-5.77787,31.343222,0.014263913,0.80976677,0.7358343,-1.108633,15.118279,323.481,1202.9309,0.0074628987,1239.6786,853.5767,-10.99934,2208.0586,540.1049,-15.110817
1.0724977,-12.317383,19.522057,0.08804975,-0.01598564,1.0803031,25.01148,2.9975111,-2.9267108,-1.9136976,31.343307,0.01464031,1.2722645,0.6220915,9.3429985,15.879036,347.31595,1161.7656,1.4943374,1273.9667,858.2104,-12.4835205,2258.0273,549.40063,-14.384698
0.8629363,-10.809623,17.0875,0.073495924,-0.011754081,0.90054446,25.53807,1.2830558,2.3877122,4.1326766,31.361135,0.0137927905,1.896685,2.7451217,19.36571,17.985151,366.41794,1212.7391,5.837446,1301.1,930.9958,-13.178345,2272.1145,668.42285,-12.147706
0.7876382,-9.972112,15.8652,0.064699136,-0.013178942,0.7159621,24.449987,0.9008971,5.0402074,6.974804,31.243612,0.010376681,2.3212025,4.9410605,24.208796,17.152372,678.8429,1247.5001,0.7871602,1434.895,2337.9558,-11.336743,2257.0925,796.17267,-7.9876575
0.960346,-10.364974,15.870145,0.07777723,-0.014590754,0.73634243,22.552574,1.7002263,11.600797,11.898513,31.212896,0.02315504,2.0830014,6.560346,25.292282,19.424362,631.4073,1369.848,-1.9854488,1491.203,2300.8782,-12.270736,2265.7976,935.42645,-8.988021
1.1411978,-11.375801,15.864934,0.08883837,-0.019528763,0.83784556,20.966948,4.008005,16.13185,14.497803,31.222689,0.035709772,2.0414991,6.054028,24.062487,22.154816,581.6101,1451.8519,0.0,1569.2139,2221.0889,-12.675533,2326.5208,973.4377,-12.708623
1.1912943,-13.109422,18.097132,0.07952865,-0.016819468,0.8239556,19.54799,7.4131355,19.386948,14.425525,27.124098,0.20135944,1.9596311,1.0164696,16.829664,25.801886,542.7591,1483.0887,0.0,1663.8688,822.30853,-8.652316,2599.5325,1216.2101,-13.129219
1.1123304,-14.250278,18.500498,0.07103977,-0.019064507,0.5727237,17.985512,13.152087,14.881322,12.535796,22.330282,0.24394636,1.5450927,-4.3463216,12.230462,27.657558,863.9953,1458.1318,-101.1109,1864.1279,808.93555,-70.904175,2989.6023,1010.48846,-76.148125
1.0948502,-12.817273,16.655724,0.06191868,-0.019433577,0.5682393,12.161289,20.238966,8.791527,9.209273,17.418444,0.2867569,0.93385553,-9.570523,0.0,0.0,1205.8668,1656.0619,-134.40727,1968.9156,770.3406,-133.19556,3287.9592,788.00226,-137.16641
1.3703576,-12.723714,17.527779,0.055489864,-0.022116853,1.324748,13.493912,22.594046,0.0018876394,7.435459,16.674992,0.17647259,0.36298403,-10.904223,0.0,0.0,950.96967,1608.7001,-139.28194,1734.4362,826.73883,-143.27977,3019.7327,471.2311,-144.62901
1.5575277,-15.807072,24.567755,0.025283841,-0.02464874,2.510259,20.041971,22.564207,-1.5437797,6.845617,16.559122,0.17647259,0.36298403,-8.45867,7.8185587,28.915833,895.4707,1669.2451,-83.67424,1739.1976,1072.6793,-88.52496,2907.1797,650.3149,-88.985695
1.7303014,-18.725967,29.406492,-0.015198253,-0.02127018,3.5135298,23.656221,19.313738,4.2409496,8.4209795,16.630388,0.17647259,0.36298403,-4.2519383,6.8227324,26.647255,887.7303,1342.2211,-30.264664,1841.5875,1074.2491,-35.80621,2921.6008,682.45795,-33.032917
1.6284741,-19.614004,29.833809,-0.06306731,-0.023075322,3.6692102,19.825054,24.349335,10.782958,4.6676393,16.81852,0.16184206,0.26069883,-0.68682957,6.2395425,26.021032,903.52277,1355.2224,-35.11017,1890.5944,1277.7217,-40.218353,3031.4375,666.362,-36.456715
1.516635,-19.243963,27.816437,-0.097178675,-0.018050853,3.017104,11.746765,30.952414,17.004211,5.227228,16.98218,0.15452683,0.20955622,-0.33272198,6.064239,25.72304,635.6409,1306.339,-90.71787,1650.0394,1137.3553,-94.97317,2806.42,452.91357,-92.10003
1.3852237,-19.154984,25.97567,-0.121116005,-0.021730984,2.533675,7.8176713,39.56451,15.232278,4.1358304,0.0,0.0,0.0,0.0,0.0,0.0,660.3532,1298.0499,-144.12744,1762.4774,1107.1918,-147.69191,2799.0183,604.60675,-148.05281
1.2941486,-20.033937,27.247849,-0.1121482,-0.016358145,2.6647458,6.432396,42.508663,17.574322,8.803916,0.0,0.0,0.0,0.0,0.0,0.0,879.3182,1261.2899,-201.0,2050.345,653.21735,-201.0,2973.493,418.6771,-201.0
1.3334465,-17.48999,23.6457,-0.11392161,-0.016621357,2.6996377,2.6649683,43.957203,12.958781,9.099056,0.0,0.0,0.0,0.0,0.0,0.0,1218.5309,1233.436,-144.34993,2476.2295,476.71957,-146.38866,3158.872,771.147,-142.77383
1.3504051,-13.499641,20.198675,-0.102630645,-0.012602349,2.8352005,-1.1572491,43.308258,10.051461,6.5330467,12.733137,0.0,0.0,-5.7723145,3.3471007,15.672032,943.70966,1195.2202,-89.526054,2376.5535,428.40182,-90.4002,2792.1172,1046.3624,-86.78538
1.326455,-11.384086,16.865116,-0.1254337,-0.011347599,2.1944995,-5.596613,42.978836,7.737992,5.119178,13.088859,0.0,0.0,-4.8323817,2.8758307,13.129321,1035.5475,1231.0044,-32.057785,2380.3135,403.12845,-32.532696,2821.758,1193.8384,-28.244024
1.2815595,-10.934302,16.450457,-0.1274616,-0.011189871,1.676577,-7.6252837,39.04957,8.543031,2.4107184,13.416564,0.0,0.50683457,-3.7722206,0.6990175,9.289882,938.70026,1260.0416,-29.700403,2220.3167,303.13968,-28.59661,2849.9968,875.35016,-26.217173
1.1855656,-13.072797,18.880713,-0.13651149,-0.015014474,1.2145385,-6.2972064,34.02754,10.962716,4.6584625,13.7588625,0.0,2.0512042,-5.2723227,-4.3083644,4.3885436,924.84503,1313.7769,-20.326403,2102.9878,512.6188,-23.361982,2773.9941,542.23944,-20.98255
1.1036168,-9.904962,17.10084,-0.0943171,-0.018001914,0.9908748,-6.786505,25.012604,7.9429646,0.44665733,16.613775,0.006005341,3.5955741,-5.4673343,1.5139503,6.898651,638.1562,1069.1351,-2.8800614,1874.7301,519.6381,-13.391168,2517.643,576.8424,-7.3369765
1.0185579,-5.5936265,12.393144,-0.061066207,-0.019324968,0.8651497,-6.1626906,19.178223,8.672896,-5.138271,23.213867,0.006005341,5.1399436,-2.2402809,9.181262,10.970497,466.09598,817.076,3.5306122,1714.6976,479.7561,-15.174313,2298.8684,799.77264,-7.050299
1.0242194,-3.9869175,9.02489,-0.017249063,-0.018422918,0.7944184,-2.8237255,17.77057,11.992118,-8.4142,29.754755,0.006005341,5.1399436,3.094516,20.383104,16.433138,443.75967,746.11475,6.1100082,1637.6432,199.42688,-20.671894,2444.495,915.6773,-7.859398
1.0793953,-6.432217,10.476831,0.007766004,-0.01845455,0.7382819,2.9978943,20.522947,21.196077,-3.5516164,33.370106,0.006005341,5.1399436,6.446226,20.261505,18.62651,396.84256,839.2684,-1.266853,1627.2633,143.06651,-32.14835,2460.1838,953.107,-19.893362
1.1739753,-10.910686,14.181084,0.055108506,-0.018405385,0.8262119,8.867065,22.359083,24.490494,1.9686352,33.094402,0.3373369,3.6390612,6.340506,18.671286,19.254131,363.23706,977.11444,1.1527482,1624.4497,304.52017,-31.480324,2400.6765,952.06915,-18.101381
1.2119102,-13.649842,17.614305,0.08194981,-0.017599901,0.7009805,12.2950945,20.95938,22.767944,4.980964,32.549793,0.3365315,2.1135,5.3140182,16.540083,19.478409,361.6094,1027.0182,2.6685047,1659.2753,418.1832,-26.143301,2382.084,1135.4323,-16.809904
1.2762957,-13.603824,16.734257,0.0927788,-0.019150024,0.67057353,12.440827,19.21591,20.474182,0.7090533,31.994913,0.34198368,1.1211838,4.9787107,14.612804,16.988583,353.95242,1037.0216,3.5267591,1653.7926,404.90952,-24.382776,2391.2205,1153.7529,-13.461823
1.2972316,-12.392448,17.46641,0.09182047,-0.01719171,0.69377947,11.212022,17.402298,20.442783,0.32958248,31.563622,0.01982325,1.4285272,4.8330855,13.421405,15.470738,332.40598,1077.295,4.383305,1618.6333,324.30356,-22.407913,2455.489,1143.0273,-11.087433
1.3020862,-10.399208,15.815503,0.084109396,-0.02153895,0.6715668,10.604835,14.800008,21.657906,-0.028221607,31.317507,0.025870735,1.4406163,4.8350058,12.54113,12.60996,323.1174,1071.9312,5.047294,1566.4161,277.15854,-24.427095,2471.0505,983.21625,-7.5626664
1.2737398,-8.4152975,13.097458,0.08110901,-0.022580504,0.57426494,11.22422,12.155068,21.842978,5.0169997,31.102438,0.021494793,0.9368797,4.80419,11.924556,11.215748,324.93494,1144.3827,5.5157304,1553.9174,387.6965,-23.775091,2494.2322,1060.0977,-5.7000175
1.3136926,-6.7048573,9.067048,0.063364476,-0.028812043,0.50947165,12.159313,9.385333,23.390703,7.087276,30.908104,0.012090621,0.6795184,5.2391515,11.285439,11.018013,330.46182,1121.5319,5.5795636,1534.3281,369.83096,-24.37092,2473.0085,1020.4072,-5.4384484
1.3676935,-5.5429664,7.0056024,0.0676393,-0.03029787,0.5125603,11.925407,8.957883,24.968552,7.069266,30.761507,0.008307096,0.7216341,6.193854,10.162299,11.302246,331.19473,1081.4115,5.3041644,1520.4518,295.7146,-25.580462,2482.5935,922.44403,-5.998081
1.4185619,-5.36968,7.4907684,0.06511936,-0.031831253,0.47921228,12.14078,8.521998,26.647018,5.9612274,30.6355,0.0077801975,0.6994135,6.982458,8.348848,11.047244,332.18143,1020.44574,5.1149855,1509.0206,211.23796,-25.52508,2460.2324,789.1622,-5.932257
1.4078594,-5.9708385,8.445606,0.07190349,-0.03057853,0.42128906,12.710995,9.442811,27.40683,6.445715,30.545221,0.0075674546,0.51854306,7.742883,5.9366994,10.088039,334.22583,1047.4479,4.9920917,1524.3368,246.35344,-24.517334,2486.051,823.96515,-5.0959477
1.4240417,-6.197985,8.686315,0.08372915,-0.026872568,0.4072903,12.058853,10.57036,29.652887,8.174888,30.512468,0.0058357115,0.37614027,7.9025803,3.5505435,8.965739,330.51093,1046.1079,4.8551593,1521.3184,240.21149,-21.841017,2470.617,830.6411,-4.11058
1.4537216,-6.3894315,8.416791,0.08391807,-0.027408848,0.41506156,11.997542,10.581174,30.977865,8.02916,30.515127,0.0045912373,0.5070601,6.996622,1.6371242,8.773787,331.1033,1049.7366,4.6748543,1521.4225,265.5862,-18.190613,2460.459,829.56696,-4.0989323
1.5091044,-6.2921004,8.057594,0.08270836,-0.0254345,0.4258012,10.880631,10.306946,29.355837,6.6319566,30.51535,0.0031732174,0.4606727,3.8186762,0.4421258,8.968926,329.6655,1029.87,4.358191,1506.8304,281.80707,-13.064293,2409.4482,802.27106,-4.6107354
1.5676168,-6.5128446,8.187848,0.06702093,-0.025309086,0.3827949,10.870015,8.797535,22.623133,6.6388803,30.537376,0.0018007638,0.56627154,-0.5743749,-0.34239292,9.116408,325.84103,1079.1962,3.8234355,1499.0195,386.25497,-6.5594096,2391.2861,806.1655,-5.292973
1.7109838,-6.5931106,8.945297,0.07119324,-0.0180502,0.3998028,8.626403,9.602609,14.612142,8.022243,30.540474,0.0007411629,0.3604661,-3.3951354,-0.6252229,9.093937,696.63556,970.48553,-64.67151,1776.347,640.9101,-69.03957,2743.287,919.81903,-70.73414
2.2769744,-3.0898972,8.739399,0.06086487,-0.0077272635,1.1135386,6.6648555,3.6244204,2.2873251,4.8958125,0.0,0.0,0.0,0.0,0.0,0.0,924.7183,936.6923,-132.99007,1988.9196,739.0911,-133.985,3046.3586,733.61847,-136.02629
2.7856872,-0.76821584,7.9576416,0.061546106,-0.0004539803,1.5975901,5.7460938,-0.5657514,-3.3906538,0.95790887,0.0,0.0,0.0,0.0,0.0,0.0,1164.605,861.5368,-201.0,2199.8728,834.97394,-201.0,3328.4397,635.0791,-201.0
2.8091443,2.3183842,9.523338,0.0529906,0.001460087,2.1594431,4.4499335,-4.4237466,-9.133532,-3.7476082,0.0,0.0,0.0,0.0,0.0,0.0,853.8396,980.34937,-133.63301,1874.4283,985.59344,-135.26295,2961.7,550.51086,-135.43617
2.6696908,1.3394365,9.402274,0.047358412,-0.00050873705,1.9814457,4.1875296,-4.0703797,-6.3565774,-1.2301441,29.742365,0.0,0.0,-3.201224,3.9069848,5.869071,679.31635,892.9326,-71.4033,1679.3688,1013.5996,-70.977844,2711.4446,882.5132,-72.71136
2.5129206,2.6884358,12.708435,0.0431558,0.0026272207,1.9202795,5.3172736,-7.642572,-8.742059,-1.3714398,30.028685,0.0,0.0,-2.0655851,4.716053,7.861183,497.14795,900.8918,-5.8862786,1482.6495,1181.6334,-7.8310432,2384.1501,1172.1825,-9.031409
2.3795936,0.360147,11.622836,0.05741043,0.0045819427,1.9461304,9.586964,-7.711941,-4.792543,0.5068932,30.42051,0.0,0.0,0.63806635,6.6857696,15.001015,652.5467,928.01044,-10.942084,1720.3857,1031.2411,-12.594204,2572.5051,1123.8418,-13.864575
1.897017,-1.7479825,13.623936,0.06663513,0.0048190663,1.5431356,13.455453,-5.4614644,-1.0755281,3.7803533,30.716772,0.0,2.6283789,3.4865305,1.6778091,17.860308,877.75116,1010.2143,-10.941468,1946.149,1046.7423,-11.978966,2843.4749,971.8891,-15.167689
1.5644604,-5.7220497,11.115321,0.07321871,-0.0012761283,1.3830739,14.695445,1.595077,7.437227,8.479495,30.725737,0.028859787,2.696586,5.135006,-1.5776881,20.565437,1129.485,1006.55444,-15.210244,2193.2156,815.85205,-12.754615,3278.9753,778.74786,-17.742847
1.5824995,-7.8218665,11.579633,0.07210883,-0.006149573,0.95205873,15.296023,3.6064618,11.704635,10.073197,30.570772,0.026383178,2.3511298,5.0911098,-2.6142662,16.635305,914.8335,994.5953,-9.906344,1976.7155,682.2227,-11.685323,3080.5154,738.0075,-14.261378
1.6203604,-10.451009,12.420381,0.08755442,-0.017744774,0.8641606,15.988652,7.32604,12.389504,6.3505673,30.370157,0.034652684,1.9986326,5.1328835,-2.0195024,14.188136,651.5048,1048.4545,-4.421578,1735.4122,716.4129,-12.998946,2729.9631,716.36615,-12.09957
1.516211,-11.036354,12.64593,0.08659083,-0.023107788,0.88874644,15.912599,9.471408,9.98972,1.2180849,30.13971,0.019902105,1.403886,5.642278,-1.0270596,13.428963,349.48666,1188.7667,1.968685,1425.3818,918.0109,-10.616029,2290.639,637.9817,-11.460277
1.4138142,-10.710559,12.202697,0.088098176,-0.022781491,0.6823225,16.082235,11.629815,4.749141,-1.7141396,29.944662,0.019861246,0.7534756,6.4812646,-0.5369711,16.3072,334.1985,1292.3114,1.9743538,1356.8776,1027.6627,-7.7501526,2271.9602,610.0165,-14.332845
1.355193,-9.587298,13.125512,0.08588942,-0.01889717,0.68843955,17.192217,12.2226515,-1.1760613,-5.435159,29.749664,0.012395832,0.92507356,6.730861,-0.80782336,19.59947,324.23584,1353.4869,1.9459668,1256.3942,1057.6696,-5.472156,2282.634,544.94214,-17.653503
1.3220481,-9.484638,17.058784,0.0943451,-0.016603464,0.4027172,20.854074,11.333008,-7.8016057,-6.090229,29.529642,0.0101454025,0.8457152,6.7074165,-1.4771485,20.575848,325.09674,1348.5922,2.0048683,1206.336,984.3973,-4.110592,2312.08,552.0415,-18.57098
1.2848269,-9.625455,19.76509,0.10113261,-0.020940444,0.48368502,23.319216,12.825615,-11.387261,-10.409871,29.271818,0.005030129,0.52126896,6.940781,-2.435093,21.239763,338.10608,1321.5846,2.1479518,1177.0275,975.3059,-3.9847767,2309.456,528.0064,-19.09181
1.2369734,-9.249286,20.236952,0.11032367,-0.025369212,0.44855738,25.063208,13.985012,-10.547915,-14.884089,29.024017,0.006305709,0.4631454,7.4993415,-3.30472,23.493013,285.43924,1416.3627,2.191863,1128.4454,966.80194,-6.0351105,2310.1582,480.14624,-21.0937
1.1510272,-11.249229,19.63046,0.11739785,-0.031112155,0.52758527,25.288483,17.690693,-8.135425,-17.775064,28.805168,0.009714644,0.30698377,8.143748,-3.8612869,29.142313,499.45044,1340.0209,0.0,1490.1881,781.5093,-13.064022,2649.2542,477.68948,-26.457712
1.0318799,-14.941002,21.893,0.115682244,-0.03730541,0.445855,26.422775,20.931265,-4.2016172,-20.6765,28.651552,0.010836479,0.7637369,8.546554,-3.8702123,31.664698,418.94302,1523.7487,-10.202855,1438.2626,850.6989,-15.439059,2650.0718,459.40042,-28.641066
0.9010646,-20.293219,25.39267,0.110645294,-0.041485187,0.42247036,28.989176,24.164991,-3.3065937,-18.10946,28.584084,0.010377009,0.679859,8.571641,-3.0895684,32.458004,455.6514,1537.1232,0.0,1434.5078,893.909,-17.5539,2672.1277,480.45203,-29.001383
0.8263545,-23.506262,29.788782,0.10219652,-0.04833212,0.3123708,30.952827,26.88867,-2.463907,-18.856224,28.61088,0.008572087,0.6767969,8.361752,-1.4443898,31.304296,412.17715,1526.6904,-1.3080025,1464.0306,1005.20337,-19.594408,2599.493,974.353,-27.417765
0.7763731,-25.409418,32.191803,0.09902257,-0.047991145,0.26946762,32.37535,27.968313,-2.3263905,-17.800755,28.698496,0.007574311,0.25701895,7.984388,0.9033537,33.322857,681.26556,1293.1132,-5.176026,1939.9331,835.7593,-26.200563,2970.0403,1113.4401,-29.891426
0.74942094,-25.336496,32.727047,0.09289139,-0.045855064,0.2541441,30.587152,29.437952,0.16140914,-16.209583,28.794928,0.007639985,0.4138153,7.220064,3.288728,32.304016,890.8054,1183.0192,-13.339669,2367.1912,722.09595,-32.536594,3273.5977,1170.7246,-30.879301
0.7091734,-23.956993,31.782341,0.089640684,-0.03700158,0.31183383,27.92694,29.188074,3.6503785,-13.751681,28.924337,0.0092682615,0.42721438,5.5236125,5.122562,26.22339,933.51056,1246.9852,-18.784952,2400.4392,643.5313,-31.618645,3289.4983,786.86957,-28.201385
0.6708121,-21.770475,29.228552,0.078015536,-0.02979838,0.346706,24.115984,29.459265,7.3741155,-7.4352055,29.016619,0.0093110865,0.6849899,1.5011226,6.3516464,18.49675,705.6584,1430.3248,-21.721394,1968.83,846.74396,-27.83634,2938.1946,703.1003,-23.672546
0.65587217,-18.545061,26.047873,0.056833845,-0.021184338,0.38372305,18.367582,28.132622,12.075784,-3.5024986,29.087002,0.009913774,0.66185176,-0.79802454,6.7871065,13.567774,752.56323,1398.8018,0.0,1963.9874,680.1211,-83.19987,2887.4795,811.10986,-80.58532
0.73241735,-12.4937105,19.63766,0.032797378,-0.0113969,0.39703432,8.716048,27.59407,16.874628,-1.1178945,0.0,0.0,0.0,0.0,0.0,0.0,833.0373,1297.882,-201.0,1825.6989,548.6125,-141.16403,2926.3347,777.1846,-140.30945
0.95566815,-2.8067076,8.987559,0.008131883,-0.006432628,0.50601906,-3.423624,26.10991,19.032103,-6.426603,0.0,0.0,0.0,0.0,0.0,0.0,916.22406,1099.4467,-201.0,1989.2914,274.42697,-201.0,2892.3723,1256.427,-201.0
1.1719879,7.161984,-3.8575528,-0.00027735252,-0.0051840167,0.54361725,-14.529053,24.85584,16.660465,-14.916593,0.0,0.0,0.0,0.0,0.0,0.0,731.87775,820.27655,-201.0,1671.4482,438.07333,-201.0,2719.9065,1185.4492,-201.0
1.3298501,13.483849,-12.160342,0.010573096,-0.01041006,0.58957237,-20.759817,23.039175,11.215717,-24.988167,0.0,0.0,0.0,0.0,0.0,0.0,451.82407,777.35834,-201.0,1474.6666,564.9253,-201.0,2403.3215,1394.5767,-201.0
1.4036645,16.648035,-16.438107,0.023982415,-0.010532931,0.60982,-23.98902,22.607672,9.79349,-28.05245,0.0,0.0,0.0,0.0,0.0,0.0,387.39047,805.6968,-201.0,1328.9209,634.8997,-201.0,2524.214,1195.373,-201.0
1.4548696,18.437311,-16.947401,0.033247497,-0.006611133,0.6378593,-25.630583,23.74601,8.516907,-29.55126,0.0,0.0,0.0,0.0,0.0,0.0,380.983,827.9733,-201.0,1273.361,643.6734,-201.0,2489.1482,1340.9558,-201.0
1.453473,19.416182,-18.699833,0.035451204,-0.0069632567,0.69299054,-27.373377,24.830826,8.151994,-30.39463,0.0,0.0,0.0,0.0,0.0,0.0,642.2381,841.3443,-201.0,1634.9813,837.8851,-201.0,2900.6418,1169.9435,-201.0
1.433918,19.221766,-17.497766,0.036802117,-0.009625585,0.64963245,-28.088854,25.196503,5.3917994,-29.585154,0.0,0.0,0.0,0.0,0.0,0.0,933.5926,615.15393,-201.0,1994.3555,883.42365,-201.0,3196.7747,989.408,-201.0
1.4089594,17.943344,-16.721735,0.032587346,-0.017553627,0.63791984,-27.459478,26.160822,5.8357887,-25.879042,0.0,0.0,0.0,0.0,0.0,0.0,918.4676,710.0423,-201.0,2032.0586,859.0833,-201.0,3161.9941,840.8537,-201.0
1.3778925,16.671968,-14.645935,0.022317583,-0.018228404,0.54335713,-25.611763,27.037134,7.5521255,-20.358084,0.0,0.0,0.0,0.0,0.0,0.0,684.5782,666.4603,-201.0,1625.621,737.4041,-201.0,2803.7227,781.1465,-201.0
1.3488551,14.838647,-12.505631,0.0057884604,-0.012614004,0.53854585,-23.31854,29.298346,9.5276785,-17.607897,0.0,0.0,0.0,0.0,0.0,0.0,809.7142,664.7194,-201.0,1491.9,926.21655,-201.0,2788.2742,853.5488,-201.0
1.3568529,14.995662,-13.30646,0.013207212,-0.008833035,0.5460149,-22.632471,30.199888,8.237836,-19.900885,0.0,0.0,0.0,0.0,0.0,0.0,772.0914,788.3963,-201.0,1576.4633,886.0715,-201.0,2669.9072,941.8362,-201.0
1.2982427,14.057742,-12.769563,0.00347454,-0.012450039,0.6434643,-22.065598,32.438793,6.632063,-21.192896,0.0,0.0,0.0,0.0,0.0,0.0,774.0998,744.4831,-136.06305,1665.8715,897.79956,-141.76183,2640.998,993.2923,-141.80664
1.1314169,13.129898,-11.970321,0.016029323,-0.018649567,0.5938762,-20.51628,30.59459,3.561677,-23.938665,31.4516,0.0,0.0,1.0821553,9.454215,27.777065,418.36777,773.3768,-70.69201,1581.8588,628.5169,-82.178795,2326.1902,849.94025,-82.90725
0.8986539,5.012899,-2.8370883,0.022595672,-0.022043496,0.53668344,-12.331731,31.111206,6.3222537,-19.739801,31.266943,0.0,0.0,2.321251,7.8051567,28.192442,402.62857,830.3742,-2.3354008,1654.2308,713.0181,-24.119585,2402.9397,572.3019,-24.22503
0.7923696,-5.083826,8.992364,0.04277886,-0.019531906,0.55231506,2.0904186,28.718107,7.047133,-17.35584,30.830236,0.0,0.0,4.3323846,5.3885484,27.934366,320.52304,1172.775,-0.40852976,1488.8593,860.69354,-21.137117,2350.6362,416.18906,-23.846245
0.7927696,-14.192902,18.70463,0.05903256,-0.021769265,0.6278866,16.219679,29.46697,5.1461463,-17.912342,30.380234,0.0,0.0,4.9130406,2.9592285,27.167091,290.74536,1361.351,0.0,1351.991,974.2563,-16.872637,2300.2903,362.21243,-23.25818
0.88360876,-16.618622,22.168798,0.07470456,-0.02623751,0.65170383,25.016653,24.252455,0.92111343,-20.077139,29.841963,0.0,0.0,4.7277207,1.8231455,25.316673,315.9524,1367.3627,3.257637,1138.982,1029.13,-10.370708,2282.9675,460.15073,-21.81958
0.95467895,-15.436963,20.829971,0.088087,-0.03385878,0.5607757,27.362478,20.729551,-4.560842,-19.443354,29.28448,0.0,0.0,4.35966,1.0973986,24.774513,340.9284,1355.2941,2.9549344,1136.0787,1022.7264,-7.5373216,2284.3467,489.73032,-21.81958
1.0006868,-13.511025,21.665207,0.10296928,-0.03528182,0.5128606,28.93326,15.827138,-7.8383255,-15.231914,28.773523,0.0,0.0,4.554405,0.6763633,24.543222,338.9132,1405.2167,1.8636931,1132.0073,1061.6366,-6.4238925,2258.8972,520.92926,-22.49475
0.99224544,-12.800208,23.359955,0.10127267,-0.040606264,0.5125913,31.230787,14.383649,-11.677875,-13.475453,28.338602,0.0,0.0,5.278296,0.5005844,25.551714,340.22525,1429.391,0.9714083,1135.726,1073.5121,-6.5169907,2263.1597,571.22723,-24.205038
0.9529589,-12.4631,24.912073,0.097793885,-0.0429531,0.48334432,32.533573,15.412091,-13.377601,-15.035642,28.006712,0.0,0.6972645,6.327621,0.43413362,26.80166,363.92114,1319.0486,0.59203106,1154.9054,1002.4961,-6.8888936,2252.095,605.0542,-25.775497
0.8692477,-14.318504,24.535807,0.07916265,-0.05120631,0.4476461,31.994303,18.885695,-12.712757,-17.06291,27.747774,0.019184034,0.6138914,6.9070697,0.0392433,27.168686,365.95322,1322.7374,1.2202406,1140.9482,1010.666,-7.2063003,2230.9836,613.6303,-25.909203
0.78114396,-16.564306,25.148521,0.07306826,-0.052145805,0.35662284,30.485178,23.442007,-12.179573,-17.620901,27.58523,0.019452965,0.86187553,7.163788,-0.71699023,27.732107,558.3469,1259.7852,-2.11938,1508.7994,917.1652,-13.171509,2671.2344,525.4594,-26.484695
0.7081089,-19.33542,24.435328,0.06821525,-0.051841218,0.2896641,29.112288,25.062134,-9.275475,-15.946621,27.530952,0.017095424,0.5736363,6.985573,-1.4141679,27.250296,738.5433,1183.2452,-6.3024693,1851.349,787.87524,-20.36892,3109.759,508.00888,-26.659487
0.6523924,-20.654629,25.68051,0.0888456,-0.04872641,0.24509634,29.00283,25.225065,-7.4183345,-13.428906,27.61735,0.013212417,0.8323472,6.628721,-1.3537737,28.980536,915.626,1135.6963,-11.995391,2196.3088,676.90186,-28.40502,3556.9016,444.96695,-29.470522
0.59694177,-21.16424,25.232439,0.08321148,-0.045725312,0.20673533,28.632477,26.479395,-6.602197,-13.398537,27.824343,0.008416937,0.6860697,6.031597,0.13343255,28.004099,714.4644,1256.3539,-9.578242,1805.6134,806.1894,-27.204485,3138.3284,590.55853,-29.59497
0.5385051,-20.674158,27.36631,0.071877874,-0.04027572,0.20088767,27.705727,26.58664,-2.8962104,-11.511922,28.082405,0.007519368,0.83829564,4.4379654,3.3578217,25.780182,517.4893,1502.2533,-6.807724,1426.3073,1097.3429,-24.36441,2720.9338,628.1582,-28.185888
0.50877595,-19.858137,26.92364,0.04827146,-0.037879262,0.17065942,26.225708,26.035303,1.4280859,-11.002785,28.219969,0.0066550826,0.6458042,3.5976653,5.261301,22.762056,496.304,1521.9727,-68.87873,1416.5033,1061.688,-80.97184,2641.1772,646.8547,-84.05344
0.50690997,-18.0933,25.358742,0.038088255,-0.035537783,0.19697529,22.895353,22.639986,7.60121,-6.730286,0.0,0.0,0.0,0.0,0.0,0.0,517.37256,1582.5835,-68.28136,1425.8018,1330.8735,-85.07033,2584.064,580.1004,-83.11586
0.5494633,-15.619174,23.49798,0.023482725,-0.034807716,0.22623606,18.423576,20.313002,12.253871,-4.189761,31.48291,0.0,0.0,2.55651,13.659372,24.030788,542.9561,1385.2432,-66.657265,1613.5074,1104.8857,-87.81085,2676.4949,585.4119,-82.67779
0.7096586,-13.442267,21.625559,0.018856775,-0.034586016,0.46835554,13.407677,18.957556,18.312212,-0.23674424,31.328957,0.0,1.244175,3.8723686,13.020486,24.426208,351.7653,1399.7672,0.514102,1430.2413,1030.3804,-30.123697,2422.129,760.5886,-23.111063
0.90224475,-13.668526,21.578232,0.03384921,-0.03083629,0.9002994,12.536481,21.18223,23.769049,1.2495152,31.05947,0.0,1.8665915,6.077036,11.796412,24.839577,337.05966,1200.3372,0.0,1640.4359,717.3631,-27.5655,2414.4177,838.27814,-22.368723
1.122611,-15.744578,20.93835,0.055292394,-0.032618087,1.1379299,15.894374,23.54809,23.951904,2.6001801,30.953506,0.04059414,2.489008,6.9171753,10.052074,25.221489,323.3371,1162.4688,2.0473325,1576.9414,740.73883,-27.532442,2322.042,757.5676,-22.884188
1.2171417,-17.569807,21.352869,0.06276268,-0.029873306,1.0443795,18.52024,28.198141,19.735071,3.640194,30.809958,0.050408024,2.437911,5.86577,9.242412,25.142876,361.37918,1133.4257,0.5929534,1533.3129,1071.9882,-27.683731,2211.6653,603.7851,-24.549921
1.19253,-17.15542,20.42198,0.060465265,-0.030853407,0.8238396,18.144867,27.802826,18.63561,5.6486793,30.46348,0.043386098,1.5825047,3.4900663,9.328115,23.701065,356.93332,1103.7513,-3.6323268,1427.8871,945.31793,-29.74965,2262.707,477.1682,-27.333391
1.0462161,-15.985326,20.91229,0.06337135,-0.026783295,0.75842977,14.503055,29.26864,17.769617,8.822688,25.970736,0.19279414,1.3287817,-0.16480939,8.07114,23.835695,348.7078,1097.8107,-4.0301456,1422.6875,844.586,-23.264887,2296.7195,468.0919,-23.961784
0.94914895,-12.816242,17.955395,0.026854366,-0.024588034,0.7804083,5.858908,32.835632,20.524916,10.511014,19.787924,0.29480603,1.2291226,-4.682715,1.1655298,22.307755,773.8391,707.7757,-1.3906955,1692.6777,513.5837,-13.835114,2704.9734,553.28094,-17.499792
0.8874257,-11.8055315,16.991299,-0.010544889,-0.020800985,0.6101497,-0.5033925,38.371845,18.80943,14.398994,14.052434,0.41365382,1.3113569,-8.588042,-2.8881607,25.765905,1217.8148,382.93274,2.1852846,2017.8555,693.1159,-4.6104255,3004.0674,559.99866,-11.030933
0.9873094,-9.905579,13.825021,-0.021252928,-0.015690835,0.7328995,2.9523191,30.264204,16.038286,16.40641,12.363358,0.37607154,0.7919078,-10.788226,-6.8572383,25.962141,1551.9059,386.63745,-64.89866,2322.0452,1025.4667,-68.71252,3236.4216,898.6883,-73.56113
1.3587223,-12.26265,19.007185,-0.006367276,-0.014195994,1.9947872,17.616726,15.688159,9.953067,15.864419,0.0,0.0,0.0,0.0,0.0,0.0,1091.006,973.58594,-133.76617,1982.9518,1346.9121,-135.67816,2816.4082,1053.5538,-137.92412
1.4675064,-17.878199,27.10991,0.0010239221,-0.018977158,3.610914,33.05354,7.443917,9.380971,12.570741,14.169275,0.0,0.0,-6.280664,0.0,0.0,809.02826,1434.916,-144.4464,1793.9316,1383.9902,-146.9334,2717.5713,1219.2826,-147.3799
1.4025494,-24.836302,35.902927,-0.03435017,-0.027822213,4.441396,36.818653,12.210277,15.123944,8.891459,14.872962,0.0,0.0,-3.6194284,6.0093536,29.822783,635.0928,1580.6548,-88.04401,1670.6875,1240.6223,-92.23902,2623.5,1025.0215,-92.82108
1.0462831,-29.29783,39.466175,-0.069553465,-0.03233541,4.2187524,35.25012,18.954145,20.798347,11.119908,15.972463,0.0,0.0,-0.41552636,6.1793847,28.3518,669.8122,1553.8585,-28.33943,1721.8721,1487.8063,-36.45668,2592.8677,1014.80566,-37.072933
1.1080818,-27.413317,37.44341,-0.0837155,-0.027383007,3.3202803,25.003939,24.917374,18.066383,15.008071,15.906764,0.0,0.03497172,-1.7146353,5.825566,26.58023,795.7453,1518.6792,-27.492256,1823.3031,1339.1,-33.34665,2754.718,751.64844,-34.202
1.3023466,-23.165487,32.479836,-0.083221376,-0.022264257,2.8478727,16.628584,29.505264,12.943352,14.325665,15.520233,0.0,0.03497172,-5.699358,4.3326783,26.669645,809.0887,1545.7264,-22.156006,1863.6846,1067.1792,-28.994347,2898.7996,520.6796,-31.239832
1.3613828,-21.856775,32.155586,-0.07902717,-0.019554377,2.4427328,14.337987,31.339394,9.958003,14.648662,15.093608,0.0,0.03497172,-8.287511,1.9945011,26.214651,784.437,1493.8208,-14.859839,1836.3193,765.9775,-23.968786,2977.6853,490.38705,-27.904333
1.3587769,-20.736776,30.042337,-0.06853165,-0.019582639,2.8777912,18.860403,26.14805,10.945297,14.235333,15.482803,0.0,0.03497172,-7.533808,-0.42526403,23.751688,512.3327,1426.0288,-5.242434,1628.3356,731.72174,-20.317247,2730.3845,726.8515,-24.881615
1.284039,-21.500237,31.236422,-0.05651172,-0.019243555,2.8595724,24.507492,21.180296,10.182866,15.507783,15.737557,0.0,0.03497172,-5.1444554,-2.0930028,20.568068,367.02872,1284.4032,-0.21624883,1436.4066,984.8206,-18.80556,2476.029,1005.90314,-22.365618
1.3241903,-20.014791,27.347282,-0.018293729,-0.020593697,2.8156211,25.800306,19.707014,7.5747857,13.637062,15.910881,0.0,0.03497172,-3.919679,-3.540346,18.201223,398.9413,1387.5049,-0.9587781,1402.3329,1331.5272,-19.147697,2377.4749,1022.00616,-21.827719
1.2817453,-19.767794,25.07839,-0.022296637,-0.02199318,2.0821946,27.149897,17.810503,8.2457285,12.512441,15.915305,0.0,0.03497172,-3.8887196,-4.870385,17.818605,420.6471,1528.3898,-1.3912073,1480.5889,1556.9371,-20.313293,2296.9348,1194.6224,-22.111563
1.2517465,-19.240078,23.423918,-0.025531366,-0.02362583,1.6345891,29.0274,15.889587,8.515071,15.154248,15.83965,0.0,0.03497172,-3.9317017,-6.0604362,20.607,530.14667,1704.4233,-6.30554,1599.9453,1620.442,-20.915905,2360.4775,1245.373,-24.44097
1.2073194,-19.509167,24.17833,-0.045205418,-0.025543883,1.2111281,30.436106,14.3734045,10.599011,19.234533,15.26017,0.0,0.03497172,-3.9196796,-6.995996,22.320839,644.0959,1581.0464,-10.654569,1775.7975,1207.9489,-20.970743,2595.3616,1105.4921,-24.698381
1.1650733,-19.456537,25.582306,-0.023787582,-0.032532584,1.2534063,29.560946,15.82581,7.49374,19.754992,14.775197,0.0,0.03497172,-3.0893497,-7.2414184,22.825853,628.9505,1459.901,-10.710147,1699.6727,1079.0533,-20.082952,2625.5776,991.5605,-24.056679
1.1519136,-21.127455,28.99882,-0.013470667,-0.034669064,1.5214647,28.64949,20.51074,6.3824496,19.86758,14.331908,0.0,0.13250196,-2.1149995,-6.7135653,20.67092,510.09814,1323.6605,-6.4538713,1563.1754,1031.1938,-19.554005,2550.3618,972.27295,-21.437994
1.1125137,-21.112099,27.793772,-0.008422687,-0.036111135,1.5716053,27.75319,21.808138,5.475038,15.650799,14.312054,0.10456936,0.28682312,-0.4951806,-5.161041,20.430994,397.21304,1274.9663,-2.223428,1430.8141,1115.1091,-19.140566,2475.4204,1036.3746,-20.622522
1.1098831,-21.806192,28.046335,-0.015487048,-0.03231123,1.2760879,27.622915,22.396845,8.268983,16.945782,14.181592,0.10456936,0.44114432,0.663161,-3.0293782,21.928772,389.38583,1363.0039,-2.5550628,1424.5472,1236.3209,-18.559328,2455.4202,1185.7146,-21.065191
1.0559669,-20.296564,24.745428,-0.014102425,-0.031785075,1.1533304,27.954872,19.403837,7.611917,17.494068,14.047924,0.0,0.6359129,1.0853027,-1.3082203,24.36738,400.85245,1434.1742,-2.0754402,1457.1322,1316.8202,-18.010754,2496.9724,1155.8832,-22.428793
1.0465633,-20.423225,25.992563,-0.014325661,-0.028328268,1.0453544,27.678284,18.708277,10.233315,20.565374,13.928944,0.0282567,0.7738905,0.8753752,-0.8438325,26.514488,388.87793,1452.9033,-2.2455137,1492.6683,1287.6079,-17.58557,2495.5764,1220.9727,-23.922945
1.0179344,-20.179861,26.647379,-0.023600824,-0.028369913,1.1064306,27.978338,18.685171,9.238178,19.38913,13.828079,0.0,0.7431884,0.068522096,-1.5949726,25.972357,390.04715,1362.5328,-2.768296,1450.0494,1160.1128,-17.275505,2470.2375,1031.0045,-23.01866
1.0177312,-20.380655,27.489937,-0.031289816,-0.023771202,0.93304867,26.01503,21.02167,10.160561,19.576927,13.785459,0.009141641,0.5985406,-0.47209677,-2.694254,26.074892,375.09805,1295.559,-4.192246,1405.7335,1025.1671,-16.987257,2489.1455,872.09766,-22.843107
1.039216,-20.86798,27.81328,-0.014845729,-0.02641133,1.1139902,25.020521,23.235428,7.8031025,19.053423,13.814675,0.009141641,0.45389283,-0.6314232,-3.1906812,26.517075,384.03564,1315.2194,-6.935194,1463.9844,1072.1409,-16.794207,2463.3152,1218.1553,-23.13091
1.059863,-20.643557,27.974394,-0.016697284,-0.025477752,1.0975375,24.44847,23.980995,5.115785,19.30946,13.867401,0.0,0.641697,-0.2491063,-2.931013,25.338995,380.048,1373.4751,-6.7773633,1466.0137,1119.6202,-17.237387,2472.5344,1262.9459,-21.903831
1.0610939,-21.21412,28.805733,-0.022174388,-0.029545732,1.1651767,24.629112,24.60041,5.064794,21.180052,13.906624,0.005604334,0.69018835,-0.92795974,-2.3302674,24.579391,390.7009,1366.455,-3.616971,1530.4828,1138.584,-17.270376,2454.762,1788.122,-21.223364
1.0587442,-19.60423,26.89469,-0.035811808,-0.02498807,1.0655699,23.295279,23.832445,2.5235178,21.482103,13.930034,0.005604334,0.7386797,-2.5377233,-2.0677066,20.893145,369.03238,1427.1172,-4.7501626,1500.8795,1270.2733,-14.83594,2261.521,1533.57,-17.742174
1.133289,-19.405678,26.228945,-0.024519183,-0.01983738,1.2629849,26.107277,21.941103,1.8880273,21.721079,13.924873,0.0,0.93918794,-4.193554,-2.0077038,18.998207,264.6429,1662.9679,-5.3756266,1395.8163,1359.3959,-12.1771555,2159.6294,1492.6866,-16.216745
1.2916752,-16.900053,24.8361,-6.837522e-05,-0.013752204,1.5745689,29.109587,15.045913,-0.9486664,17.787767,13.918988,0.00079253694,1.2549769,-4.596331,-1.3719114,15.623504,213.45073,1794.3325,0.0,1270.1655,1427.8241,-9.6318865,2043.0211,1127.2057,-13.119884
1.3991871,-16.013823,24.427696,0.006149908,-0.011542271,1.6830626,33.126472,11.057499,-2.1800656,19.042997,14.310241,0.0,1.2436496,-5.2768655,0.80004853,14.76112,217.13704,1814.2363,-5.710666,1201.3037,1323.9937,-10.931793,2195.9922,1042.838,-12.185623
1.518695,-13.139073,19.352524,0.0025182061,-0.013432841,1.5484629,31.537766,7.233492,-2.4681625,21.90536,18.301363,0.12115187,0.91653347,-3.6983576,4.197401,15.8858,328.19644,1623.4722,-5.440473,1318.7983,1270.7675,-12.512231,2271.5293,1141.4542,-12.9948
1.6220922,-12.286174,17.086313,0.007710909,-0.019944249,1.3263588,30.306406,5.3270593,-2.4390607,22.533669,22.368555,0.12115187,0.5894173,-2.750974,6.6828117,15.790965,381.88248,1481.6768,-8.3038435,1402.6808,1245.6852,-15.170617,2268.4636,1299.8086,-12.809288
1.708722,-10.874138,14.656699,-0.00037014918,-0.027524253,1.2098465,28.227417,1.8184505,1.2647239,20.319807,26.009766,0.34349605,0.60403174,-1.5024868,7.573477,15.547124,410.75357,1258.1576,-3.3241558,1448.5929,1079.8135,-16.730993,2272.4382,1282.7124,-12.637502
1.7092832,-9.598422,14.124595,-0.00493766,-0.029680066,1.2316357,25.464365,0.06748543,8.351849,18.446503,26.050394,0.3124545,0.901954,-2.9702976,7.32429,12.388335,399.1901,1136.9229,-3.0211346,1429.9727,884.5872,-17.429134,2263.1865,1114.0348,-9.424878
1.8248113,-7.9505496,11.691464,-0.018155199,-0.029291587,1.1235921,18.917997,3.9869392,11.8418455,17.413286,22.031343,0.4309896,1.3371226,-2.982831,7.597197,10.243196,377.12598,1083.769,-2.8114717,1406.297,696.0891,-13.730845,2298.4514,869.0317,-7.0298576
2.0075436,-6.4966493,9.797645,-0.012072231,-0.026483336,1.0247275,13.651703,7.4764924,11.161766,17.751104,17.987036,0.17341979,1.2617282,-2.2763884,8.155572,7.6790595,364.2904,1091.5493,-2.8849733,1385.5889,622.5291,-10.259747,2290.3992,763.739,-4.202369
2.1661005,-5.563856,10.149185,-0.0017190186,-0.025902195,1.0244571,9.762026,9.368686,7.3921876,16.020334,13.929753,0.24611606,0.9030256,-1.5265598,8.746235,7.680006,364.7296,1072.4391,-3.512841,1397.5433,581.8444,-7.854502,2315.8503,780.0594,-4.154011
2.143411,-4.970758,9.700814,-0.006135456,-0.025412409,1.0175377,11.00291,7.143412,8.155402,17.398802,13.865849,0.0,0.34757364,-2.322515,8.990989,7.2321854,376.34,1041.9146,-5.3408604,1410.4629,563.09283,-9.21363,2351.799,810.23016,-3.8009455
2.1070993,-4.1385217,9.426347,-0.008918911,-0.024441129,1.0301102,12.388492,3.841655,11.779397,18.620275,13.846816,0.0075835194,0.3618529,-3.0028162,8.719749,6.52609,374.22098,1015.9204,-6.149096,1414.8014,517.2851,-10.030406,2363.758,796.6639,-3.3250988
2.0912056,-4.130266,8.818716,-0.024548998,-0.025166713,1.0227733,14.028633,1.7056769,14.108575,17.241468,13.829887,0.0075835194,0.37613222,-3.4706018,7.059401,5.3773003,378.06766,995.5002,-4.325102,1415.394,511.04785,-10.552566,2342.8152,776.9178,-2.4653895
2.0896626,-4.316859,8.785255,-0.0034592673,-0.024731329,1.0884124,14.934841,0.2130967,13.7431555,15.901059,13.823468,0.0,0.5322728,-3.88565,4.5563903,4.886782,388.2433,987.38885,-1.1260494,1421.3062,552.31586,-11.6855955,2321.325,775.5445,-2.010852
2.0548494,-4.856094,9.37099,-0.00025790976,-0.024086801,1.0908135,15.209819,0.35894215,14.094272,12.133443,13.676292,0.015171191,0.61463094,-4.034921,2.1578228,5.5500655,397.35458,960.99164,1.5449047,1431.6074,558.1546,-13.132423,2316.295,778.94794,-2.3860836
1.9671308,-6.229494,10.153212,0.017670518,-0.03016906,1.1480643,16.522623,1.745072,14.505673,9.462433,13.522484,0.0,0.69698906,-3.9208858,0.8190274,6.277346,395.75986,945.9644,1.6735816,1448.5026,545.0368,-13.221303,2333.3118,793.5425,-2.8737118
1.8720474,-7.4818816,11.229178,-0.0053808657,-0.0349056,1.2622433,18.677406,3.1544323,15.788957,7.1183,13.6290655,0.0,0.8629057,-3.1983178,0.40311018,6.942742,394.8151,946.1976,0.009051164,1462.5322,558.8084,-13.387027,2323.6152,829.2922,-3.5508368
1.7259468,-8.095376,10.445453,0.0019980923,-0.0398564,1.367081,20.486977,2.9526527,17.625296,5.701569,13.856692,0.0010695489,1.0288222,-2.4943209,1.0237321,8.535916,381.9971,1021.82715,-3.1477013,1478.354,618.0479,-14.235913,2283.5674,899.0002,-5.3599687
1.5934988,-8.720643,9.97603,-0.021086551,-0.035496905,1.2270192,23.128298,2.2427442,18.277094,11.338078,18.112728,0.0,1.1947387,-1.4933124,3.997902,12.989467,386.11084,1084.0063,-5.5363593,1465.6656,742.1006,-19.518652,2232.395,934.924,-10.311562
1.3992643,-10.0365305,11.216411,-0.02161627,-0.03084652,1.120996,25.691414,0.54521704,19.147758,11.028141,22.061111,0.0,1.1947387,-0.7654307,6.3381076,17.88437,381.21927,1198.817,-6.547354,1433.8164,924.15106,-24.097578,2173.9375,956.9219,-15.625728
1.2215581,-12.525986,15.302625,-0.03716436,-0.027043328,0.9530968,30.192778,0.144333,17.6726,7.954468,26.026947,0.0,1.8861679,-0.6894868,7.869344,21.924387,407.70532,1381.8802,-5.6753182,1454.4961,1181.9072,-27.457916,2130.8545,1954.4004,-20.43305
1.1039602,-14.714627,19.614038,-0.012149918,-0.029955328,0.9501312,33.5289,0.13164087,16.168985,-1.2689884,26.012405,0.52095914,1.8750762,-1.0965673,6.9995785,23.21383,449.07288,1534.0312,-5.305608,1424.2518,2241.6467,-23.428919,2024.057,2069.037,-21.907969
1.0747815,-16.699648,23.12699,-0.0056971572,-0.0307549,0.95954305,33.88859,5.208156,13.238591,-2.678251,26.02379,0.3725843,1.6227776,-1.5040134,6.5042953,25.125772,558.0334,1572.078,-5.720225,1547.895,2181.193,-21.039001,2250.6494,1941.8356,-23.687286
1.1052839,-17.559586,25.025042,-0.0050742705,-0.028929805,0.92285633,30.127037,12.361459,7.2266393,0.8860502,22.021421,0.21427362,0.9969225,-1.8936387,7.056959,23.975723,528.92487,1517.6693,-4.738154,1450.5529,2096.181,-15.693278,2374.2542,917.4553,-21.54275
1.1644362,-16.94709,24.4702,-0.013567167,-0.028018812,0.94578534,23.456266,20.01422,0.43663168,5.082729,18.015963,0.20393576,0.9206085,-2.37341,7.5944,23.016508,502.35873,1417.5543,-3.421306,1495.8197,1185.2089,-15.13374,2615.35,907.15155,-19.52991
1.2526264,-15.335433,22.40175,-0.003333063,-0.029080207,0.8420322,17.346132,24.349516,-4.04925,6.14291,14.037923,0.17916466,1.395803,-2.6996632,7.5799956,20.869364,385.3069,1351.5432,-2.0529835,1358.5741,1191.6396,-12.081413,2454.9512,931.4837,-16.748476
1.382378,-14.416247,20.383118,0.0008507517,-0.034001313,0.94456893,12.8731985,28.258959,-5.6976852,7.644612,14.055527,0.0062130643,1.553125,-2.6788304,5.346597,21.118904,402.1259,1233.6251,-2.4768233,1425.7853,1141.114,-13.240947,2443.2263,913.41895,-17.121826
1.4919616,-13.331485,18.494814,-0.00569733,-0.03299674,0.838233,9.831336,30.831892,-5.200203,7.542439,14.02475,0.0,1.4022818,-2.4691727,1.9375023,21.571348,394.6184,1202.1272,-1.6122298,1417.2174,1092.092,-13.685623,2370.9922,735.3676,-18.068008
1.533667,-11.789723,15.472657,-0.018444711,-0.03187418,0.8002109,7.060632,33.233437,-5.715552,7.141292,13.906155,0.011662774,0.8673067,-2.3730576,-1.4956125,22.269836,394.51376,1192.4015,0.82006615,1433.8737,1075.8976,-14.519376,2394.5361,716.40314,-19.14649
1.49095,-12.189583,15.958885,-0.020542989,-0.03140609,0.9406995,7.7961593,33.40311,-3.658164,5.4495583,13.791944,0.011662774,0.3323317,-2.5525415,-3.6186783,21.687456,394.33163,1227.8131,4.1183457,1412.7013,1202.1014,-14.173192,2322.5833,703.1694,-18.639746
1.4137678,-13.781451,18.704008,-0.0018639527,-0.031821176,1.188222,11.70711,30.837603,-1.8172795,1.2968935,13.682628,0.0,0.259088,-3.0303614,-3.588596,20.17195,380.96924,1227.9098,6.196073,1359.9471,1164.0372,-13.90804,2283.6677,668.919,-17.008635
1.3643092,-16.926363,23.091486,-0.009821749,-0.028647354,1.4677719,18.736824,25.111206,5.589706,4.265578,13.781841,0.014156837,0.25967434,-4.526214,-0.204645,19.07469,372.5344,1208.659,5.4343853,1339.0659,1098.5875,-14.754467,2225.927,659.6735,-15.823003
1.3646955,-17.04399,22.637316,-0.011902742,-0.02737561,1.5146989,23.760422,17.62629,7.4064317,4.1066136,13.892013,0.0,0.29805496,-5.469032,3.2142956,20.213568,363.52072,1190.091,2.9593422,1319.0685,972.83856,-15.733937,2226.823,649.381,-17.071768
1.3009562,-17.624094,23.006907,-0.020372232,-0.024999075,1.5349755,27.953989,13.545569,10.097476,9.986142,13.988898,0.030587737,0.33584926,-5.5985856,3.4983284,23.100952,364.98508,1205.98,-0.061922867,1323.2789,972.1902,-16.736343,2197.5413,743.99774,-19.974785
1.1373167,-18.046148,23.152,0.00094510865,-0.028544301,1.3537487,29.85726,13.295741,7.6178994,7.291382,13.985074,0.030587738,0.3736435,-4.6285167,4.062276,25.673784,511.78903,1290.8783,-3.2178185,1469.0021,1002.02216,-16.488132,2482.6045,654.0755,-21.80404
0.9435552,-19.198866,25.35254,0.0018237345,-0.026241118,1.0919467,32.873173,13.956399,8.189938,3.9635694,14.015468,0.030587738,0.3736435,-4.5740666,4.433576,24.274155,513.34076,1403.247,-4.612536,1472.8619,1088.9535,-12.314345,2477.4297,1074.1954,-19.485949
0.84553057,-20.375984,26.255943,-0.011148888,-0.02662181,0.8143382,35.30817,14.269485,10.574823,-1.2888029,14.080009,0.030587737,0.3736435,-4.755582,7.234492,23.15092,528.01556,1420.2164,-70.82595,1506.9082,1116.7173,-73.6111,2602.7327,1510.6992,-78.76381
0.8412432,-21.394943,27.454832,-0.031033397,-0.027028037,0.6439483,36.86649,13.553848,15.423005,-4.0428042,0.0,0.0,0.0,0.0,0.0,0.0,415.20084,1415.4131,-135.40712,1441.4501,1282.3868,-135.25829,2507.7725,2585.2732,-138.35622
1.4255472,-14.155647,22.079687,-0.025008015,-0.015130696,1.1785842,26.741259,8.205555,8.575267,-3.199218,0.0,0.0,0.0,0.0,0.0,0.0,590.98004,1220.8418,-201.0,1670.0485,1156.2277,-201.0,2828.787,2033.3623,-201.0
2.266685,-6.5674977,15.407205,-0.020390248,-0.007131763,1.5264689,15.234132,3.7931206,0.63096523,-2.8578026,0.0,0.0,0.0,0.0,0.0,0.0,739.2448,1246.479,-201.0,1873.6632,1142.5487,-201.0,3009.299,1460.0421,-201.0
3.0890572,0.76926184,8.718541,-0.0038424886,0.002608958,2.0313609,5.5458317,-1.2340995,-8.777318,-0.97756785,0.0,0.0,0.0,0.0,0.0,0.0,767.32587,1134.8901,-133.39146,1886.4941,1182.0565,-135.79817,2749.9124,760.30304,-136.89447
3.1033375,0.13382043,9.751896,0.005728844,-0.0022191943,1.8145008,6.2237954,-0.83891153,-6.918182,-0.40685448,14.390684,0.0,0.0,-5.4246845,-5.5726132,16.423656,685.2786,1209.2852,-64.41205,1851.3462,1179.211,-70.602844,2740.2498,839.9092,-74.84045
2.635596,-3.6320636,14.487653,0.015449592,-0.0011147829,1.9558758,10.809842,2.9266827,-2.8286524,4.228873,14.340492,0.0,0.0,-4.265434,-5.1991067,19.059557,796.2453,1105.2076,0.8791299,1970.3717,1157.3986,-8.057097,2794.6023,965.0682,-13.829731
2.1049902,-7.066756,19.81473,0.01701759,-0.0029583676,1.8031718,16.32254,6.174423,-3.2316272,5.541683,14.26143,0.0,0.0,-2.02192,-4.5687466,20.586533,717.8455,1265.8434,2.1438951,1857.271,995.1751,-8.40347,2922.961,843.533,-14.777598
1.7799536,-11.162057,22.25183,0.00873571,-0.008087353,1.6444932,21.754578,9.677043,-1.1962035,7.579448,16.632965,0.0,0.0,-1.3150097,-1.571139,19.359985,630.32245,1224.2227,0.57312125,1672.5914,969.83887,-10.226758,2644.618,951.21875,-14.103592
1.650591,-11.915924,21.602234,-0.010045198,-0.017569087,1.2633113,23.78865,7.891941,-0.49672475,6.0675845,23.043554,0.0,0.8845533,-0.6284844,-0.02054135,14.962192,371.9913,1210.7965,1.6997441,1363.0941,920.6745,-9.894279,2318.7676,966.9553,-12.40916
1.578091,-12.264042,20.363876,-0.010089251,-0.025756663,1.2329187,24.202082,6.437996,2.2028682,4.835277,29.453415,0.51516217,1.0504913,-0.34700868,1.8886137,12.084786,409.41434,1102.3019,-0.4602901,1417.0245,923.57544,-11.065158,2271.7861,996.81134,-11.5735855
1.6132263,-11.356923,17.844736,-0.009425034,-0.030237608,1.2084342,23.9234,4.712109,4.82556,6.9138203,33.49681,0.3531858,0.91968036,0.19612949,1.7754492,8.670116,414.0466,1078.5676,-1.009976,1440.3085,884.0744,-10.040898,2288.0955,935.9414,-9.680092
1.715696,-10.536959,15.272816,0.006107578,-0.029974833,1.1090392,24.167572,3.1254046,4.6393585,6.4868035,33.508118,0.023549909,1.2466803,0.08409488,2.8001537,6.8331985,410.91504,1070.036,-0.53216296,1424.9562,851.71295,-9.976541,2296.2043,862.47437,-7.3653617
1.8098326,-8.650298,10.750026,-0.0034193692,-0.027962258,0.92945176,24.153267,-0.034439564,6.391188,9.244655,33.502113,0.017749995,1.2599975,-0.12230108,2.549665,4.6549506,415.65805,1049.5914,-0.5388816,1420.4918,821.3903,-8.310254,2317.9177,738.6326,-5.193832
1.8569474,-7.569504,9.20517,-0.007326742,-0.027767638,0.90750617,23.910345,-2.5451396,5.50296,9.818723,33.482796,0.009794527,1.2968701,-0.32545885,0.6526478,4.4255595,426.00882,1081.9688,-1.1979159,1428.3407,874.90625,-7.8870187,2361.442,813.5135,-5.6234756
1.8439332,-6.4186683,9.101499,0.0045473445,-0.026470607,1.0335137,23.106485,-4.7201257,5.2894993,11.027756,31.058868,0.007885986,1.0619115,-2.9097977,1.3243122,5.937565,435.46216,1107.5194,-2.763015,1450.2118,903.66095,-8.748328,2391.1262,908.22455,-6.9376435
1.8276476,-5.6705995,10.044121,-0.002963572,-0.029938987,1.1315833,21.186396,-4.789518,6.6009636,8.385642,24.556267,0.2264017,0.7868902,-3.3305032,1.5244106,8.981385,437.09506,1028.6174,-3.9910076,1469.0664,783.89044,-11.1649065,2439.717,892.7666,-8.869942
1.8163153,-5.1890593,10.494814,-0.0147444755,-0.027646944,1.1029216,20.003582,-4.839805,10.46595,6.76158,18.046366,0.22676128,0.6380529,-3.7239635,2.9971912,10.189654,432.96518,991.3823,-4.3437138,1476.1719,690.9167,-13.478733,2451.3564,831.0923,-8.568149
1.7752911,-4.314137,9.286374,-0.03521894,-0.030169897,1.0657908,18.546812,-5.081516,13.258713,4.3569355,13.966432,0.33745858,0.48921558,-1.4012651,2.1064568,10.878616,431.23526,936.5931,-3.5591364,1487.1959,602.76154,-12.930526,2488.5725,794.7056,-8.806301
1.688077,-6.093609,9.003606,-0.029394189,-0.035243206,0.97266024,19.677156,-2.27719,14.760459,2.6669579,13.962832,0.0,0.5619926,-0.7877397,2.679037,13.292695,434.03116,956.0078,-3.1080608,1519.6696,649.0886,-16.39308,2508.9116,929.591,-11.525388
1.4522356,-8.429526,10.55376,-0.024880609,-0.041602015,1.0058829,20.362007,2.4126325,13.813049,-0.18745625,13.978183,0.02677133,1.3719196,0.028972289,3.542442,16.884888,437.38303,1036.1547,-3.2917697,1583.8955,822.33905,-19.89192,2447.0144,1085.4581,-15.264998
1.1776726,-12.217819,13.587635,-0.023255626,-0.0437676,0.8871239,22.966341,8.80597,11.638196,1.7848577,13.989734,0.02677133,2.1818469,0.82622194,4.7927003,20.586473,419.6173,1367.7046,-4.0259347,1435.7054,1257.0658,-18.73118,2294.4968,1068.9047,-18.797657
0.9733191,-14.59843,17.397305,-0.033249263,-0.035188135,0.70784014,24.911852,12.51315,7.8879714,7.618481,14.024831,0.0,2.1234515,1.099185,6.2001443,22.253006,402.4092,1508.7396,-4.391159,1303.0399,1421.0646,-16.096346,2171.8865,885.5368,-20.04262
0.84777397,-16.05602,20.847101,-0.022101076,-0.02858942,0.61244434,27.017029,12.310611,4.9161534,9.453612,14.030693,0.007159652,1.3547602,1.0147243,7.393492,24.796204,579.1744,1506.1461,-6.580462,1439.8363,1328.3966,-14.349469,2442.4146,737.5757,-22.067322
0.7990263,-17.136278,24.281576,-0.026492154,-0.026749015,0.64286953,29.144415,12.263264,4.819656,10.29902,14.013555,0.007159652,0.5860687,0.8077838,7.7449975,26.483963,681.996,1463.7563,-6.328529,1715.6176,1124.9996,-17.530434,2748.2898,939.6075,-23.396948
0.7771418,-18.356699,27.451689,-0.020627161,-0.028812967,0.6443751,31.17019,11.378452,6.9993596,6.625426,14.016599,0.0,0.92155147,0.7113535,7.2528114,28.20604,811.94867,1496.4039,-6.862467,1948.7294,1048.5009,-19.761536,3031.0374,957.6661,-25.193727
0.76915675,-19.591448,28.173805,-0.026030548,-0.0338965,0.53301984,32.77386,12.934945,8.05751,5.206226,14.048363,0.004088483,1.2842002,0.7887872,6.2368026,28.272787,694.35614,1597.151,-4.863011,1831.5269,1084.6428,-20.332891,2959.7275,895.8118,-25.78315
0.76291084,-20.432098,29.029068,-0.023222052,-0.03166626,0.52763325,33.17143,13.785527,8.424241,2.7489936,14.048622,0.0,1.8585382,0.7318618,5.3080406,26.435144,602.13684,1467.5269,-4.684624,1634.6621,1089.2589,-19.56594,2748.039,818.03827,-24.52801
0.7432125,-20.21004,28.945856,-0.015411961,-0.03041651,0.6626025,33.858906,14.66032,4.5027823,0.419782,14.03852,0.0023483583,1.552331,0.700963,4.9183125,24.37464,470.7145,1446.0498,-4.4046865,1403.7324,1149.356,-17.874807,2503.4583,895.5786,-22.757387
0.7494548,-20.49512,29.481646,-0.016626889,-0.029142639,0.6733964,34.22029,14.78603,3.6669207,-0.8296475,14.038821,0.0023483583,1.2461239,0.6943062,5.0064654,22.47438,405.3899,1418.5836,-4.5635867,1243.3597,1326.5735,-16.180153,2268.2864,1064.6932,-20.801943
0.7600276,-20.036547,28.607164,-0.015352706,-0.03098015,0.55516994,32.72365,15.085052,4.5943885,-0.995012,14.04263,0.0,0.67857623,0.5847786,5.2178206,23.953901,420.5819,1457.7484,-5.093591,1290.3141,1666.4034,-15.482773,2130.0356,1116.3519,-22.268274
0.8170926,-18.197695,25.190842,-0.01567293,-0.032151353,0.496567,27.236725,16.60682,5.105661,-4.2895083,14.024863,0.0009850346,0.6289249,0.44366932,5.22774,25.643257,436.0184,1450.4154,-5.194061,1354.1654,1742.4434,-15.142254,2247.0032,1392.9362,-24.138987
0.83563995,-17.27469,24.564575,-0.013530473,-0.029842148,0.5957809,23.696032,18.527533,4.720347,-3.4408443,14.00369,0.0,0.49801144,0.0728172,5.050438,25.531067,427.44995,1443.3522,-5.17279,1341.4922,1679.7306,-15.325913,2265.8333,1281.8131,-24.186861
0.8453531,-16.729557,24.151781,-0.009898922,-0.027771676,0.66811943,22.285814,20.274603,1.1603249,-2.9671829,13.997521,0.003767804,0.67894286,-0.5122145,5.249868,24.92086,405.6379,1369.0264,-5.1436696,1307.786,1279.5117,-15.636211,2418.5461,1128.2317,-23.34099
0.89397126,-16.023966,22.712624,-0.016371258,-0.02834928,0.57383096,18.944231,24.875265,-1.6748897,1.3221873,13.9780655,0.003767804,0.85987425,-1.0599684,5.88171,23.572435,401.9598,1278.3763,-4.396539,1339.4457,1152.7001,-15.093864,2390.1086,962.36743,-21.298918
0.9867339,-14.675799,18.82488,-0.0244789,-0.028916968,0.5047169,14.0228815,30.148596,-2.8819072,0.9669226,13.979711,0.0,1.0666671,-1.3070936,6.6576133,22.856195,408.04016,1167.6222,-3.7740145,1406.5576,1086.7697,-13.30698,2465.5032,798.2609,-19.738188
1.1429447,-13.68385,16.474625,-0.0075400583,-0.03092041,0.696863,10.264106,31.360895,-4.4479733,-2.5794542,14.020813,0.007976933,0.81290966,-1.0582895,7.2265267,20.346174,415.00772,1051.9043,-3.7407396,1447.7574,977.7388,-11.246814,2529.527,714.31055,-16.918077
1.1787895,-14.9917755,18.85156,-0.007819696,-0.030393815,0.844579,13.472173,28.22573,-4.155466,-2.7312138,14.074332,0.007976933,0.55915225,-0.67809457,7.098827,18.38644,414.2831,1024.8214,-4.5705924,1394.6664,955.41376,-9.978412,2479.5828,495.27866,-15.572518
1.1679066,-15.415637,20.461998,-0.008819837,-0.030347215,0.8652155,17.74386,22.305346,-5.7843933,-3.380929,14.091568,0.0,0.54125935,-0.44805667,6.478599,17.728052,413.07492,1017.4919,-5.224469,1347.6941,908.1789,-9.780011,2429.6426,563.13715,-16.012503
1.1076633,-15.447388,20.994936,-0.020890864,-0.030759146,0.753808,20.517931,18.52408,-5.323649,-3.2495434,14.110494,0.008475407,0.7217231,-0.8351486,6.92405,17.676,412.33768,1040.6244,-4.8483877,1311.3729,941.6704,-9.3733015,2367.804,554.10016,-16.802233
1.1161902,-15.026627,21.237457,-0.020257019,-0.03189079,0.7234711,20.669321,15.877247,-3.9320517,-4.477713,14.623825,0.0,0.8129981,-2.0273893,2.787774,17.60346,414.97897,1035.9744,-1.4209433,1322.8276,958.4139,-8.183476,2345.4285,577.2646,-16.757328
1.197107,-13.43777,20.0007,-0.019246347,-0.035794284,0.77786773,18.25178,14.714615,-2.340911,-6.9544144,21.420044,0.0005376693,0.72380954,-0.8465211,7.1038833,18.411776,416.02283,1097.6013,0.5269294,1332.5985,1096.0394,-13.263267,2303.131,617.81903,-17.51272
1.2514398,-12.926788,19.46045,-0.02043474,-0.035483476,0.73462063,18.914566,13.500687,0.008500099,-7.210106,28.130304,0.0005376693,0.6346209,1.509615,7.0078444,20.074944,419.73788,1145.6451,3.1228263,1352.14,1196.5446,-19.466446,2257.3284,737.3564,-18.066252
1.3608165,-13.305751,20.593018,-0.0043163584,-0.031985283,1.1183743,21.793863,11.0157385,3.5017948,-6.058162,34.284508,0.0005376693,0.6346209,4.6680884,12.184425,21.909502,407.63916,1248.826,3.5783222,1354.445,1296.789,-25.541708,2204.9304,826.79736,-18.331179
1.4755912,-14.646594,21.927483,0.029834652,-0.028050447,1.2094661,25.93524,8.063173,6.9718475,-1.435891,34.120956,0.3336918,0.90793544,5.556452,9.374435,22.08777,392.94284,1207.606,5.565023,1401.3812,1104.7185,-25.655388,2232.1033,913.7124,-16.522749
1.5666885,-16.09976,23.705225,0.040108174,-0.026450634,1.303697,26.914148,9.599472,8.759785,4.7288146,33.938328,0.343285,1.0752411,5.61527,10.135566,21.96972,382.9669,1194.0815,6.438839,1430.8383,1009.824,-24.019762,2248.699,929.85406,-15.530879
1.5796467,-16.550154,23.21433,0.035355322,-0.028424477,0.95497316,26.055565,10.447944,10.615043,5.8605638,33.688934,0.34514967,1.3309923,4.9337792,10.017796,24.097921,384.66367,1126.6504,6.330487,1475.5518,927.13995,-24.301447,2253.108,946.5678,-17.767435
1.5881382,-16.495855,23.364143,0.024082026,-0.03311247,0.81967384,24.789268,11.903885,12.657295,4.7378035,31.102861,0.12736306,1.0892969,1.429294,3.593084,18.834269,384.92468,1081.1052,6.6092973,1495.5248,833.90845,-20.565868,2295.6514,927.5765,-15.358909
1.6007123,-15.331832,20.550203,0.023416081,-0.03260111,0.8406307,25.18403,8.857898,16.200857,0.7845538,24.508684,0.2872938,1.0643789,-1.1378554,-1.2719764,15.675061,384.44482,1072.8038,4.157441,1487.3335,818.61066,-18.662195,2304.6038,866.33405,-13.641452
1.546642,-14.24075,16.443003,0.044258934,-0.03536995,1.0217866,26.570063,5.730442,16.219849,-1.0642503,18.10074,0.45495304,0.9510153,-3.236192,-4.2208414,14.507581,392.8724,1058.0049,1.437672,1480.5658,813.5322,-13.929162,2339.3186,840.4126,-12.312772
1.3293525,-15.123723,17.108591,0.021156227,-0.033468504,1.187956,29.811836,3.2565374,14.940389,-3.9049013,14.112096,0.5091095,1.0617837,-4.3939633,0.37548622,21.385254,410.5236,1077.0968,-0.41315517,1430.2583,989.4841,-11.793059,2287.4011,808.19415,-14.215209
1.1466547,-15.5604105,19.474897,0.0013718555,-0.03581715,1.0275961,28.778189,5.580645,10.3223295,-6.8522205,14.761128,0.5091095,1.0617837,-7.105456,5.3892045,25.064697,427.1608,1065.1102,-0.9129985,1416.5914,1047.928,-8.803386,2342.163,926.36395,-13.564537
1.0941292,-15.859048,22.885508,-0.021752812,-0.030899122,0.87620753,26.264109,9.334834,8.808892,-6.948774,16.073076,0.5091095,1.0617837,-7.883577,8.612683,22.595047,429.746,1053.601,1.065404,1397.3257,1052.7251,-10.383691,2363.4836,893.8515,-10.921795
1.3194033,-15.908803,24.007957,-0.019700723,-0.025935024,1.5150023,22.061228,13.647906,9.708944,-3.606412,16.021315,0.5091095,1.0617837,-6.719085,5.184006,16.217646,393.1686,1220.1593,2.1830893,1340.8077,1110.3478,-13.7287445,2354.1653,810.2171,-9.892495
1.6334015,-15.211465,22.490808,0.0036788036,-0.023442931,2.1339245,20.9684,12.83229,14.841756,1.0446099,15.398276,0.5091095,1.0617837,-3.87373,-0.9665265,8.761964,370.85062,1251.3773,3.4175847,1365.7257,1052.8293,-19.610422,2293.2737,666.14606,-11.372738
1.8183495,-14.499059,19.475512,-0.00010183469,-0.02585411,2.38049,21.090784,11.71742,20.2619,1.7456689,14.051876,0.34837702,1.0157773,-3.080703,-6.0183163,3.5278769,361.99365,1242.3324,1.3164902,1426.1478,936.18555,-22.688772,2311.4312,702.6543,-13.436002
1.8074293,-13.049731,15.400281,0.0035624083,-0.02936016,1.7437639,22.499985,7.6063633,21.376251,-3.1879127,14.0213,0.2680108,0.9697711,-2.428672,-4.8584647,2.9943256,393.42007,1073.7198,-2.1596138,1538.0078,825.3333,-27.582626,2349.2922,797.8481,-16.724321
1.6868559,-13.901158,16.002317,-0.029228797,-0.03314151,1.706952,23.336878,6.5707974,22.396675,-5.636948,14.003139,0.0,0.95817804,-3.1998222,-2.2494528,4.947038,409.9414,1035.6732,-5.281652,1585.129,790.9764,-28.39621,2387.9822,914.88135,-19.188318
1.6163186,-15.005085,18.198792,-0.04858659,-0.034313902,1.3889917,23.239868,7.056597,24.00221,-4.549083,13.986912,0.0028699397,1.0024104,-4.775438,0.6204427,8.30824,412.28955,1012.2869,-7.45075,1590.0625,731.6226,-28.800684,2409.0532,896.90436,-21.008049
1.5878011,-14.81956,18.842823,-0.057409253,-0.032248035,1.6101283,23.304712,5.565616,23.8575,-1.4993926,13.956257,0.0028699397,1.0466428,-5.975717,1.69734,12.642697,420.9232,1005.4484,-10.700587,1613.5096,684.4921,-26.731094,2454.2532,947.6584,-23.52655
1.4570293,-14.90691,19.531227,-0.06399336,-0.031178214,1.227764,25.435446,4.446713,20.539972,-0.30659643,13.942601,0.0,1.0564619,-6.0146422,0.6202404,16.735868,462.55557,1095.5033,-9.335132,1658.3848,745.81744,-27.19599,2545.43,894.66473,-25.376291
1.2559812,-14.899318,21.95651,-0.06066793,-0.028209552,1.3400074,29.05068,0.43846378,14.747142,-4.9235373,13.9377985,0.0,1.0564619,-4.584678,-2.5710294,17.656565,483.08865,1160.4015,-6.610111,1598.8676,968.041,-25.840624,2555.2375,840.6452,-24.309443
1.0542899,-16.733793,25.441671,-0.0687167,-0.030477554,0.9823192,33.670044,1.5264517,13.320824,-7.8178077,13.972625,0.0,1.3883963,-6.2101493,-5.4332643,14.875558,497.0205,1252.5283,-0.51944095,1532.0399,1210.3242,-22.461166,2567.3772,835.12573,-19.609892
1.0055386,-16.047844,25.154467,-0.062287774,-0.031658266,0.8056814,32.544704,1.9082836,13.8405075,-13.360336,14.936325,0.002452037,1.7203304,-6.5317063,-3.6177385,15.872449,468.4807,1195.1732,2.9810429,1409.6421,1360.3257,-15.230919,2445.7932,786.69214,-12.734149
1.1847402,-13.848498,20.723415,-0.054255303,-0.03460714,0.8044891,26.486341,7.2232842,15.550399,-14.915044,15.865552,0.002452037,2.0522647,-7.6294246,0.30601597,19.956831,452.6569,1243.88,6.7710547,1380.5361,1458.8629,-8.832147,2374.5088,686.92773,-7.736259
1.4673681,-11.880424,17.588919,-0.032739338,-0.03451699,0.9136755,17.180252,14.023464,12.14442,-10.424504,16.676298,0.002452037,2.0522647,-7.135756,4.3466864,25.02353,429.4462,1153.796,-61.3786,1422.5021,1277.5082,-70.399155,2291.3015,597.28204,-70.38567
1.819531,-13.703214,20.143785,-0.0063772122,-0.030275067,2.0286553,17.918787,18.63699,7.524318,-2.1413596,16.936487,0.002452037,2.0522647,-7.443194,0.0,0.0,395.87448,1258.7441,-69.46777,1364.7369,1201.2281,-77.21009,2284.922,598.4575,-78.604744
1.7858225,-18.761873,27.171328,-0.0035399243,-0.02752565,3.1640224,20.449282,22.288033,8.182957,6.552962,17.365263,0.002452037,2.0522647,-5.073036,2.2614822,21.499153,573.93054,1301.8785,-83.241264,1645.7914,884.6507,-86.104034,2650.985,694.02716,-89.54122
1.7043422,-20.865175,30.16371,-0.025310904,-0.025182342,3.8021877,23.303673,19.815912,11.646725,8.00393,17.92296,0.002452037,2.0522647,-1.5882505,1.1163139,20.508623,758.2033,1548.7467,-26.39981,1838.6022,792.10986,-27.684097,3043.2644,919.3091,-34.55864
1.5169693,-20.204458,28.674688,-0.030251706,-0.028308304,2.9880688,21.251183,16.96834,16.654985,8.888149,17.834778,0.07955409,1.4115715,-0.60121363,0.20903587,17.996439,777.0087,1421.3448,-26.940603,1954.0254,662.0025,-30.028122,3036.6975,1040.0405,-33.58765
1.5225824,-19.287683,27.318151,-0.051554978,-0.0322587,1.9280643,22.349829,12.8815565,18.21836,7.4552155,19.07535,0.15665613,0.77087814,-1.8929385,7.7628055,18.702106,608.64435,1407.1251,-21.409597,1832.8447,786.41455,-28.68663,2566.7532,2079.6965,-29.684595
1.5462785,-18.903223,26.56684,-0.048382994,-0.03173883,1.4020952,22.759567,12.512207,22.63645,10.2420225,20.318316,0.23375817,0.1301849,-3.1339948,15.386571,19.492601,418.26047,1172.451,-14.761495,1662.274,750.6799,-27.512062,2235.8457,2028.1831,-25.924627
1.5524939,-18.610624,26.90921,-0.06395946,-0.031274784,1.6754977,22.36947,12.926773,23.316147,8.534051,21.74514,0.25948104,0.13602324,-3.1604474,20.300484,15.917854,420.66782,1311.28,-11.375989,1756.8478,1181.4131,-19.71446,2109.8118,2018.9054,-20.566422
1.6303916,-15.263747,22.434397,-0.043158174,-0.028329277,2.1118305,21.47397,10.154586,18.8273,6.814077,21.620825,0.28520384,0.14186156,-3.0848064,22.65772,13.046516,414.82532,1226.5121,-8.579007,1638.0272,1220.2881,-15.86721,2225.1233,1044.3577,-14.127823
1.5924501,-13.081937,21.459051,-0.04291919,-0.03197558,1.8908633,22.957575,6.8384213,11.887477,5.61993,19.019442,0.3109267,0.14769989,-4.4132724,13.619473,8.041336,431.75366,1227.7316,-5.673123,1624.2716,1314.1605,-11.293544,2212.4739,1132.2894,-8.024714
1.5997485,-9.976409,17.411802,-0.044299692,-0.02731437,1.377006,23.646088,2.3508296,8.264495,9.55766,16.478277,0.3109267,0.14769989,-5.328734,4.8062525,6.2357106,438.55063,1093.0765,-2.199804,1497.2157,902.17535,-10.7382,2363.7078,1122.5176,-4.9863315
1.592854,-8.750161,15.68134,-0.01782515,-0.026954414,1.0221581,23.801826,0.02937623,7.8082714,13.925637,14.004687,0.3109267,0.14769989,-6.441073,-2.6312337,5.05487,434.69604,1101.722,-0.46955308,1509.983,836.335,-7.792642,2388.9348,1120.4386,-3.841673
1.654704,-7.0825553,11.416615,0.008788446,-0.025576396,1.1106489,23.704386,-2.846841,7.6250954,14.261668,13.617729,0.34984744,0.23762864,-5.5450554,1.4561061,5.0447907,430.97412,1081.8358,-0.6639719,1488.6377,804.0954,-7.656338,2392.3884,954.6193,-3.4600227
1.7145954,-6.1802826,10.664773,0.020584797,-0.028408712,1.1053773,23.702719,-4.7493806,6.370642,13.088585,13.26541,0.36930782,0.32755738,-4.6564097,5.9183707,6.4887924,430.61472,1106.0098,-1.8398682,1500.5995,812.4617,-7.665956,2437.6565,905.4924,-5.4890246
1.7574269,-5.2958026,8.789948,-0.0016336245,-0.025936693,0.87177914,23.340355,-5.3766055,8.551323,12.509307,12.99245,0.0,0.7122132,-3.6244373,8.836623,8.358757,431.4266,1022.3859,-2.4140892,1487.2368,724.9834,-11.373858,2420.5356,865.6717,-7.5024524
1.7417198,-5.258606,9.51082,-0.0035230804,-0.023991058,0.8053641,21.891546,-5.0225296,8.567598,11.112313,13.0731325,0.0063374913,1.0069402,-2.9595013,9.195046,10.064952,428.91855,1001.7232,-2.754124,1481.6478,687.77686,-14.560533,2404.987,829.1877,-8.910949
1.679794,-6.0832944,10.000873,-0.01012314,-0.024426786,0.89527303,21.371088,-1.8027071,12.957376,12.215901,13.076812,0.0,0.9637878,-2.171384,7.8913503,11.932831,418.96326,935.28705,-2.987232,1466.997,592.7839,-17.46938,2371.7214,780.22186,-10.6980505
1.5737728,-7.0287757,12.371144,-0.015424636,-0.02748333,0.9116679,21.458311,-0.61254555,14.497738,11.50491,12.981682,0.045374926,1.4872626,-1.0662464,6.065304,14.5856905,408.82864,973.9287,-3.1461563,1467.6471,599.6675,-20.291344,2381.1863,789.4963,-13.746619
1.3895456,-8.489369,14.181488,-0.02972374,-0.028416738,0.87632626,22.86724,1.8074841,19.695108,13.66434,12.966034,0.045374926,2.0107374,-0.02644529,4.753756,17.824015,396.03287,1017.5744,-7.002256,1474.4637,571.95636,-22.063269,2431.6033,768.3359,-17.462198
1.1749741,-11.329997,17.248257,-0.02730398,-0.026337802,0.7585158,24.805883,3.3864708,20.501352,11.22404,13.000255,0.0,1.9531301,0.5864932,4.348989,19.754702,386.7728,1091.5309,-11.234989,1468.4022,676.94244,-22.4927,2406.7783,822.01166,-19.362082
0.95604676,-13.537319,19.211908,-0.01940271,-0.024105318,0.7190647,25.173323,5.9928246,20.048416,9.755001,13.046496,0.0013253741,1.0341688,0.9918454,4.5298166,21.323267,376.00742,1171.2631,-15.159879,1466.3766,786.7099,-20.07757,2389.6511,850.8786,-20.160635
0.8454325,-16.887184,22.5926,-0.025769405,-0.023310103,0.77384615,25.9217,9.560578,19.758987,10.0994625,13.012729,0.0,0.29616717,0.91592485,4.861815,22.235994,353.99802,1314.1924,-14.840919,1429.8799,1009.654,-17.73479,2290.8662,900.741,-20.045729
0.77381057,-17.216856,24.225672,-0.024953023,-0.02386724,0.841798,24.438944,12.418445,16.044798,10.226672,13.000817,0.0034994981,0.65148276,0.18840563,4.768433,22.812569,350.21817,1334.8636,-14.189404,1417.251,1029.1234,-16.20152,2316.0576,861.8872,-20.113314
0.7697379,-18.288774,26.156614,-0.04176849,-0.022421578,0.7992427,23.571177,15.716136,15.1539,14.519512,13.014595,0.0034994981,1.0067984,-1.4505259,4.1297307,21.654718,339.66284,1356.7192,-13.387073,1383.2233,1033.2369,-15.105064,2316.4333,825.4344,-19.2676
0.8249933,-17.158403,25.804659,-0.040842373,-0.023233065,0.6029275,19.17666,19.529877,10.338625,15.104892,13.036519,0.0,2.0204427,-3.035169,2.9923832,19.426598,342.45956,1284.9176,-12.657371,1394.8848,932.60254,-14.206524,2340.608,762.42114,-18.037527
0.98630244,-15.087861,22.605402,-0.044700433,-0.02029805,0.45768514,11.92805,25.376364,8.211757,16.430681,13.040043,0.00028107647,2.859731,-4.0084968,1.7653047,17.356823,311.41742,1318.559,-6.3265324,1396.3291,865.0955,-13.328216,2351.798,612.1032,-17.095528
1.1484774,-12.840873,19.894623,-0.035958987,-0.022499798,0.43998006,5.1607966,31.650217,5.107637,14.412061,13.030797,0.0,3.6990197,-4.413834,1.1024264,15.970553,671.98627,1320.6718,-6.0060735,1686.5094,692.77826,-14.370336,2648.4397,505.7229,-16.459024
1.2848612,-8.936889,14.77975,-0.022379762,-0.017488431,0.5770877,-0.79957,34.011604,1.5170221,10.941344,13.034324,0.0,3.6990197,-4.545836,0.8806105,16.104855,969.8903,1179.9009,-5.83897,2022.099,445.13693,-17.20693,2952.5671,474.54648,-16.626778
1.3093275,-8.90182,14.150792,-0.031480268,-0.019496148,0.6817217,-1.4692265,35.257416,2.708972,11.572719,13.032327,0.0,3.6990197,-4.46293,0.99491316,16.287725,1243.8739,1035.2246,-11.42434,2321.888,257.44803,-20.4711,3214.2766,474.47787,-16.328821
1.324122,-7.7231927,11.445264,-0.034115538,-0.016122013,0.6551773,-2.4803636,35.72183,0.5943863,11.509206,13.023801,0.0,3.6990197,-4.0750136,1.2395684,16.772985,1148.1229,942.8872,-11.636944,2337.9812,181.50476,-22.93719,3211.6758,397.53662,-16.300291
1.3121606,-8.923022,12.58482,-0.05444455,-0.0121900765,0.5141991,-1.6849736,37.985188,1.0651158,13.689624,13.025315,0.0,3.6990197,-4.19962,0.877254,17.83328,1072.06,916.3372,-11.863052,2278.0388,188.8874,-21.824821,3190.2551,195.19427,-16.717768
1.2937751,-8.602017,12.045464,-0.052103177,-0.011390301,0.3957682,-1.6491013,39.645428,0.5545669,11.259015,13.512929,0.0,2.5013711,-5.4450912,-0.653189,20.931974,1073.1102,931.5659,-11.481267,2294.047,177.14912,-20.235588,3217.5352,211.72514,-17.66691
1.2443987,-8.348202,11.97446,-0.04584602,-0.010496259,0.47614682,-1.4523786,37.64047,-0.31119004,11.877811,15.62357,0.0046104384,1.3037227,-7.279432,0.8936942,27.60182,1118.4205,948.343,-8.226972,2291.6367,295.6346,-15.783582,3253.0383,192.07898,-17.756105
1.1711742,-9.912932,13.624534,-0.038355246,-0.01572299,0.63009113,1.0338439,35.945805,1.0147849,13.247256,16.90715,0.0046104384,0.106074356,-8.474815,1.4321752,31.240509,1159.3262,1006.3306,-71.22152,2311.507,327.7349,-76.64656,3345.7776,234.3043,-78.61909
1.4327043,-12.001962,18.648869,-0.008601729,-0.015669104,1.7348356,10.996604,27.817217,-4.6477222,14.917367,0.0,0.0,0.0,0.0,0.0,0.0,899.616,1276.3798,-134.80354,1953.6473,718.6569,-137.85934,3048.4287,488.32846,-139.43341
1.5691775,-17.34847,28.031624,-0.0067790537,-0.01965233,2.9718645,21.842585,24.236761,-0.8271198,11.543506,0.0,0.0,0.0,0.0,0.0,0.0,576.029,1470.9496,-201.0,1580.1835,963.85986,-143.2292,2700.7078,759.3649,-145.0471
1.6457633,-19.914473,32.052288,-0.00780121,-0.021248825,3.8007972,29.254251,19.836676,0.49309206,8.705575,19.891056,0.0,0.0,-2.1265726,101.183266,28.163218,288.30435,1726.5316,0.0,1196.6857,1278.8046,-86.54838,2288.058,1019.44684,-89.78247
1.3622799,-22.646856,32.746914,-0.04542902,-0.02192008,3.173507,29.968649,20.471474,10.382929,6.7290215,18.665941,0.0,0.0,-1.9051661,67.71485,27.870169,293.38678,1583.891,-15.39212,1182.1118,1174.9327,-30.543732,2270.8413,838.1004,-34.579483
1.2056007,-23.909037,32.780224,-0.062099263,-0.020371303,2.9059308,30.851786,18.63738,15.179326,8.231647,17.15187,0.0,0.0,-2.7146492,2.7877572,27.317009,322.3989,1505.8844,-14.571151,1265.1617,1177.3568,-31.504044,2360.3662,834.4383,-34.232574
1.1414849,-25.317335,34.720882,-0.07445992,-0.01824214,2.7537575,31.698671,16.23937,20.053602,7.3227906,15.968674,0.0,0.0,-5.475792,0.67697,26.241417,351.7649,1449.7592,-14.930439,1299.3446,1190.5522,-29.63024,2416.182,776.8533,-32.55192
1.1365577,-25.987967,37.32806,-0.07200726,-0.019335741,3.0455024,33.500748,15.739301,19.913681,7.826963,15.80766,0.0,0.0,-7.161757,-0.76310796,23.247015,360.4911,1485.4066,-11.9032545,1310.689,1269.2296,-26.839243,2396.6616,885.4512,-30.07772
1.1613158,-23.770971,33.914074,-0.07430587,-0.017818822,2.4845197,33.34607,14.940395,16.434416,9.756351,15.690853,0.0,0.027692236,-7.1981735,-4.2933655,17.862215,352.11197,1495.9862,-8.47818,1260.3881,1229.6244,-23.743956,2320.3948,845.38385,-27.422213
1.1278346,-22.849976,31.873003,-0.063665345,-0.019190414,2.1563597,33.042057,14.249542,14.83344,10.199955,15.635577,0.0,0.027692236,-5.453911,-6.809874,13.852852,377.0055,1393.5,-1.3140068,1315.3322,1221.0004,-19.422056,2276.2244,930.6857,-22.618103
1.1578406,-20.81961,27.233866,-0.044666633,-0.020593548,1.9085006,32.192204,12.904274,11.89595,7.0645185,14.740898,0.0,0.027692236,-5.9322715,-2.399482,11.534335,389.42847,1318.8103,4.37832,1312.002,1185.5096,-14.025037,2253.389,852.6726,-17.018427
1.1650392,-19.693695,25.2267,-0.022115072,-0.022947548,1.692563,31.634445,10.361591,11.204257,-1.070844,13.889981,0.0,0.027692236,-6.3236833,-1.7446389,11.371308,404.1992,1215.7455,6.8912807,1325.143,1139.5732,-10.950515,2261.5925,786.60516,-13.6603365
1.2503065,-18.791975,22.804747,-0.009337272,-0.027769083,1.5273204,32.756954,8.33969,7.871521,-10.187646,13.524095,0.0,0.027692236,-6.1071754,-2.100651,10.781459,409.48135,1211.0673,6.899259,1289.4286,1170.8799,-10.388916,2273.5996,722.7698,-12.577438
1.2554349,-18.497393,21.596771,-0.006867844,-0.029742641,1.2242993,32.21345,6.403284,6.9864182,-15.92334,13.486913,0.0,0.027692236,-9.235334,-8.315776,10.305911,421.7181,1339.8231,3.018514,1234.8417,1371.2496,-10.619649,2251.4993,739.032,-12.427867
1.286884,-19.170366,21.771362,-0.014370983,-0.033677746,1.0753762,33.06461,7.491361,4.563935,-16.916296,13.30457,0.0,0.027692236,-9.6983595,-8.566029,9.935,428.8042,1341.7313,3.2069428,1229.1959,1409.6737,-8.89045,2223.9714,769.8777,-11.021069
1.2666363,-19.589502,22.16023,-0.013813868,-0.034377366,0.89532596,32.839474,10.43794,2.740576,-12.611606,12.858163,0.0,0.08551389,-9.922273,-7.9679375,9.551797,446.43668,1410.2623,2.5801156,1201.2168,1671.5186,-7.420429,2159.9495,817.928,-10.082591
1.2455865,-18.51742,21.499008,0.0012460202,-0.031911153,0.91172856,31.076523,11.98878,-0.49067792,-6.083408,12.89645,0.12412828,0.14333555,-4.8532395,-6.358942,9.478499,434.959,1292.053,4.090912,1269.6423,1471.3156,-6.479618,2192.518,829.3962,-9.77399
1.1056579,-16.996319,19.697393,-6.643869e-05,-0.028484067,0.99516845,28.44872,12.745761,-0.16726239,1.4844879,13.071475,0.12412828,0.20115721,-3.3273404,-3.738758,9.883499,429.2261,1319.5682,3.4192283,1278.3763,1456.2715,-6.2389855,2171.4436,854.50653,-9.701464
0.9563853,-14.340111,16.677963,0.014551449,-0.023428358,0.9592745,26.92331,9.073527,3.16479,4.177587,13.067988,0.107575275,0.78688335,-2.6452692,-0.7717958,10.832948,383.4991,1290.0057,3.258568,1313.5272,1093.6227,-6.343779,2235.617,822.3301,-9.851014
0.97824603,-12.3816,14.930798,-0.005030637,-0.021041363,0.80986404,21.607035,11.501651,9.9766,0.86865026,13.127731,0.09929877,1.3726095,-2.7280788,1.9588271,11.97494,371.80124,1273.3607,3.7946708,1347.943,1013.52997,-6.6052003,2293.7744,793.13306,-10.1521635
1.0238581,-11.041168,13.44339,-0.0016467683,-0.017425952,0.6542595,18.148176,11.649196,11.803441,-3.6034229,13.188572,0.0,1.4404373,-2.5285952,3.4918492,12.824721,367.6962,1228.5161,4.1881137,1380.8287,955.7337,-10.917714,2317.9587,783.50104,-10.735944
1.0627465,-11.480638,14.469096,-0.010550381,-0.01747943,0.6106967,18.286291,13.123462,10.262886,-4.4387994,13.194878,0.017009405,0.9314503,-2.3022053,3.6207113,13.140775,378.81558,1193.277,4.493618,1373.5948,966.7925,-11.597397,2306.488,749.1916,-11.360321
0.9475824,-13.636025,15.600616,-0.0057678507,-0.02080204,0.52611953,24.634422,9.809821,8.406224,-2.2794998,13.157841,0.017009405,0.42246342,-2.3061073,2.398073,13.060913,391.60684,1243.3423,4.8943105,1351.7047,1121.9535,-12.006742,2227.174,845.05084,-11.820331
0.92379785,-14.327205,16.331429,0.006310321,-0.024607673,0.5277768,26.301826,9.207821,7.0341325,-3.4506025,13.075325,0.0,0.8646156,-3.0929935,-0.16961615,13.129579,396.75278,1244.3491,5.264276,1348.702,1158.0428,-8.523948,2232.7385,843.61304,-12.191131
1.0085577,-14.734276,16.889765,0.012145991,-0.027453871,0.62090755,23.973341,12.894336,5.3599606,-5.9987006,13.558621,0.032787427,1.2978563,-5.0899873,-3.8706932,13.785061,402.99356,1352.9674,5.984901,1288.4408,1328.4904,-8.910909,2227.0984,817.9158,-12.354206
1.0486326,-13.175289,17.209448,0.021966817,-0.026368497,0.703126,21.060776,13.382976,-2.4878702,-9.893653,14.342151,0.0,1.7310971,-5.6427608,-7.655275,14.713164,293.49896,1542.8773,6.2461705,1197.0653,1314.3368,-10.465159,2224.381,758.22,-12.63079
1.1024476,-14.218343,18.567377,0.007541226,-0.027011527,0.83005553,21.34855,17.377264,-4.0686007,-7.6030993,15.289275,0.0,1.7310971,-4.874235,-10.49536,15.469157,298.20413,1668.1007,0.0,1123.0121,1504.4364,-12.079979,2173.5579,744.9445,-12.967903
1.1256922,-15.5900345,19.761127,-0.00089046295,-0.02730114,0.88990897,21.521128,20.435144,-3.3966122,-3.6915152,17.523611,0.0,1.7310971,-2.1135545,-3.2527378,18.092035,453.68558,1595.7604,-4.0494328,1441.8721,1203.4252,-14.665303,2603.6067,566.81934,-12.388676
1.215514,-17.804237,20.530823,-0.014370908,-0.029154606,0.8475192,21.71441,24.402838,3.8435833,-0.23211873,17.021997,0.0,1.7478393,-1.3871192,-3.365341,17.345652,551.1574,1414.3903,-2.6687133,1497.7338,1196.8483,-13.45202,2604.5813,507.7689,-12.118912
1.2479663,-17.525629,20.140757,-0.010972932,-0.027635619,0.8144183,20.812218,24.347212,6.769712,-1.7678744,16.215706,0.11550974,1.907321,-2.539022,-2.5212142,15.822964,540.33887,1377.8866,-4.86585,1518.7572,1103.249,-9.967935,2653.8884,460.72998,-10.855301
1.2418281,-15.784832,19.044714,-0.019315979,-0.030386446,0.68301105,17.761463,23.384851,8.302333,-6.745626,13.677341,0.11550974,1.9954329,-3.9530776,-10.434473,12.32194,498.87744,1341.293,-66.881584,1509.7799,1047.4567,-71.119316,2527.0752,494.20743,-74.26829
1.376845,-12.331393,17.33627,-0.02422447,-0.026521755,0.809314,10.841643,27.042898,7.9069104,-7.83577,0.0,0.0,0.0,0.0,0.0,0.0,506.62878,1234.1102,-133.91249,1644.876,886.503,-135.01033,2625.6377,346.76367,-137.23535
1.7346196,-7.236927,13.553012,-0.024106128,-0.017356643,0.96563214,5.0132937,23.755384,0.55330086,-7.474169,0.0,0.0,0.0,0.0,0.0,0.0,705.6268,1076.131,-201.0,2031.8418,678.56604,-201.0,2930.2546,195.18066,-201.0
2.506671,-1.6390514,10.304458,-0.014522021,-0.0025035406,1.5582485,2.8590558,13.655827,-5.580118,-3.9456184,0.0,0.0,0.0,0.0,0.0,0.0,764.64166,1097.3466,-201.0,2037.36,855.00195,-201.0,2956.6755,266.46762,-201.0
2.856199,1.3845778,7.931658,-0.006261734,0.0045078667,1.8965718,4.1076374,2.9860127,-10.855639,-3.1944306,0.0,0.0,0.0,0.0,0.0,0.0,942.771,1044.6202,-201.0,2162.8289,845.563,-201.0,3192.2585,286.3159,-201.0
3.011015,2.3275738,9.005338,-0.0030261194,0.0040914044,1.9244152,4.256409,-2.2091427,-10.1517,-3.3542583,0.0,0.0,0.0,0.0,0.0,0.0,776.8653,1087.8746,-201.0,1820.2704,1076.6207,-201.0,2920.0215,503.9358,-201.0
2.9317646,1.9124719,9.28996,0.005709794,4.2061787e-05,1.9914013,4.4285808,-4.347651,-12.284284,-6.102156,0.0,0.0,0.0,0.0,0.0,0.0,609.67566,1119.1244,-135.7329,1528.3881,1865.4956,-139.0297,2467.1472,683.5979,-138.62125
2.7816105,1.4338608,11.168057,0.011942749,-0.004253785,2.118963,6.088136,-5.2432675,-13.395821,-7.6011634,33.207314,0.0,0.0,0.35634565,4.0921946,14.778117,468.87943,1230.9907,-71.67649,1280.0096,2098.528,-78.86733,2172.1248,934.9161,-79.355705
2.3976166,-2.2741582,14.801582,0.008191289,-0.01323434,2.0939052,10.7211275,-0.5493889,-9.5829935,-5.4372783,33.25645,0.0,0.0,1.4645602,5.5843654,17.368254,333.525,1583.2584,-7.014745,1177.2936,2082.8875,-18.025389,2094.5479,950.4304,-20.437288
1.8290726,-7.986362,17.871506,0.006455219,-0.021199038,1.7488499,15.781116,8.670051,0.42805862,-4.532962,33.293106,0.0,0.0,3.3288393,8.882147,21.553411,300.59503,1745.7324,0.0,1143.0853,1667.1445,-19.022427,2152.3137,900.57574,-23.216864
1.5706676,-12.143804,20.198317,0.016986208,-0.019936549,1.2854108,20.11085,11.763049,6.292471,-3.4501467,33.188183,0.05358577,1.6712036,3.9145324,11.9123955,23.319778,230.15483,1823.8346,-0.98195076,1146.7892,1516.3746,-17.652086,2172.2273,921.88055,-23.893454
1.4807882,-14.437314,21.450563,0.02290129,-0.016795097,1.221677,22.52281,12.743781,10.274294,-2.6532385,33.0141,0.03905089,1.6585256,3.812888,13.811284,24.39411,319.90613,1541.6002,0.0,1234.034,1364.1318,-16.357111,2260.369,859.18085,-23.8626
1.4062289,-14.46119,23.87481,0.02753038,-0.010421704,1.0753953,24.475203,11.52963,7.700769,-1.5603342,32.89236,0.037331633,1.4357928,3.2105987,12.703479,24.850206,314.6388,1402.3535,0.5035162,1280.9135,990.49335,-15.24141,2398.6807,814.9221,-24.19548
1.2936683,-15.161396,25.562132,0.022368887,-0.0147789745,1.092363,25.132895,13.344857,7.2255077,-1.519566,32.649677,0.020898646,1.2606645,1.920114,8.5862,22.152405,563.4068,1340.3477,-7.2243767,1625.4098,934.7858,-16.660812,2713.911,2773.084,-22.827158
1.2434379,-15.045929,24.187555,0.019378876,-0.017009258,0.9480538,26.252058,11.434209,6.1918006,-3.1084244,26.08547,0.24266227,1.5267183,-0.45216545,1.9076905,18.266571,564.32446,1379.8921,-5.89708,1614.8016,1026.5978,-13.768598,2639.1633,2830.741,-18.78568
1.1732118,-14.118745,21.998627,0.0048917118,-0.02256233,0.8531459,26.688469,8.417642,9.435369,-4.1900163,19.487562,0.23930794,1.6477007,-2.8394606,-1.5643215,15.89167,575.398,1460.3428,-4.2013087,1592.4198,1174.4683,-10.853393,2529.0571,2900.584,-15.333575
1.1009388,-13.332463,19.989103,-0.0056927237,-0.023948327,0.741467,27.30182,5.62089,12.803902,-8.082219,13.09985,0.35235295,1.5760986,-4.2002325,-2.7414486,15.371262,528.5168,1447.6115,-0.1575559,1526.2174,1136.422,-9.1406145,2469.4478,818.07007,-13.165371
1.0469712,-13.4444475,19.429548,0.0039577573,-0.02643348,0.7027436,27.75673,6.8536644,14.533295,-13.811158,13.092323,0.0,1.1484822,-3.7886465,-0.42828402,15.593732,487.667,1613.496,-3.4939067,1445.2598,1232.059,-8.895135,2468.1309,746.8965,-13.830743
0.9643111,-13.910914,18.977438,0.0062487363,-0.028012738,0.59574735,28.037514,8.277097,12.943891,-15.397611,13.132821,0.0,1.2372712,-2.924012,0.6324494,14.891971,510.87466,1462.8646,-3.228443,1484.3287,1135.1425,-8.271373,2547.7415,686.4212,-13.9995575
0.93795824,-13.363048,18.68421,0.017667834,-0.029656628,0.58471566,27.866129,7.1228194,9.296607,-15.560832,13.143956,0.001783698,1.3260599,-2.4552476,1.202217,13.712223,274.2486,1701.9921,-0.28310308,1158.0286,1403.556,-4.2868533,2219.0166,825.9234,-13.549657
0.91355294,-12.842216,19.199999,0.0096574025,-0.030993655,0.5817715,28.950502,4.3158927,6.9481444,-12.095309,13.161488,0.0,0.947681,-2.3160307,1.5682272,12.795654,285.78055,1705.1793,-1.085705,1201.1984,1460.9691,-3.735933,2190.8113,987.1779,-12.986253
0.9299142,-11.77106,19.04979,0.014677807,-0.030677324,0.5199843,29.841013,1.582408,5.5131226,-10.630499,13.1707535,0.001944632,0.48051322,-2.0378609,2.392298,12.426404,463.11758,1790.4369,-4.128411,1385.5594,1520.9863,-9.186645,2324.2617,1000.49023,-12.550271
0.92183083,-11.233148,17.891436,0.0053269784,-0.030862974,0.4792775,29.874826,1.2898483,4.23441,-8.591817,13.189987,0.0,0.7304552,-1.6959734,3.3092792,12.702394,501.4938,1703.272,-2.4020307,1395.9932,1444.0465,-9.410348,2348.2102,940.15234,-12.352219
0.91635823,-11.054454,17.17511,0.012165499,-0.03002645,0.42856252,28.506048,3.6036031,1.9493227,-8.302504,13.105819,0.0016490183,1.4475651,-2.0917375,3.683696,15.266599,752.5174,1508.857,-1.4898218,1727.1617,1185.4369,-12.998173,2754.1145,897.3347,-14.154877
0.9115433,-10.677371,16.548372,0.025581317,-0.027572626,0.48710358,24.751936,4.6183925,0.19753496,-9.836043,13.547474,0.0,1.8148843,-7.3798842,2.5838006,16.99537,767.3504,1370.6254,-1.8091532,1805.9283,966.99634,-10.471722,2935.4072,827.91376,-15.03526
0.95382327,-11.287743,17.625746,0.020659879,-0.024471896,0.581322,21.43393,8.823752,2.7294352,-8.551595,21.192217,0.0010284418,1.4650936,-6.70155,5.5709586,23.40016,994.6159,1331.9196,-6.52482,2149.5833,794.8379,-16.29192,3253.3464,715.3726,-19.741972
1.0234762,-9.981406,18.308607,0.01797926,-0.021595282,0.67203146,17.402878,9.984136,1.0137457,-11.410043,28.746855,0.0010284418,1.1153029,-4.156495,7.75123,28.049162,725.5959,1422.8107,-7.747728,1806.5375,848.4385,-13.765212,2955.948,553.946,-22.496134
1.2076279,-10.9305725,22.586615,0.015113108,-0.020272523,1.2084533,22.385874,10.896693,-3.043604,-8.567798,35.75185,0.0010284418,1.1153029,3.7376397,10.193622,29.066978,514.24896,1527.1846,0.0,1517.8756,976.7139,-11.383857,2570.7976,687.13226,-21.871431
1.4045423,-10.831234,27.326096,0.037309255,-0.018778564,1.4544334,26.879782,6.7612777,-10.654927,-5.4836864,35.52756,0.33401895,1.4690456,5.7022457,7.512811,29.679678,513.2486,1384.5072,0.0,1415.1781,1009.7776,-8.357943,2582.3694,728.9641,-22.274664
1.5552632,-11.923031,31.318186,0.059006285,-0.019092266,1.4621323,32.45174,3.33284,-14.542773,-0.879472,35.46962,0.34829953,1.5620934,6.3365617,5.182447,29.42357,787.6646,1277.1075,-13.932959,1690.8075,1028.3324,-9.616556,2882.2646,891.81915,-22.407333
1.5485463,-12.341273,31.475473,0.059972163,-0.019711241,1.0175254,31.023642,5.323543,-13.935608,1.2089063,35.40586,0.36169374,1.6960554,6.1974206,3.0988407,27.376404,793.69806,1267.903,-7.1542935,1709.3588,1040.5815,-7.2950807,2891.9597,930.56055,-20.785988
1.5326151,-11.688554,30.627447,0.05954531,-0.020216206,0.82999784,31.49769,4.2275643,-15.454788,0.9034638,35.336628,0.0340239,1.7337618,5.9546757,1.5072719,26.170496,784.08844,1305.5319,-5.5053506,1696.4624,1087.7587,-5.737274,2847.2122,1170.923,-19.948381
1.5076152,-9.711966,30.020224,0.038550243,-0.018553901,0.8081333,31.955595,3.416564,-15.912776,5.498318,35.2498,0.026460165,1.7824038,5.705255,0.4314939,20.12293,535.383,1423.4669,-1.6164322,1433.374,1130.774,-1.3696822,2416.7617,1138.7599,-14.486069
1.4966084,-6.8832183,29.95992,0.030779427,-0.016937584,0.72614485,32.132168,-0.0013776621,-19.20688,5.687247,35.131542,0.015514437,1.7014003,5.416838,0.018339952,20.126461,479.51352,1541.3872,0.0,1407.0135,1151.0939,-1.1960164,2395.7827,1139.2335,-15.130456
1.5062252,-5.6714787,29.039907,0.025478927,-0.014499235,0.59802276,31.262863,1.1220206,-18.061928,6.9153876,35.000027,0.01363908,1.4949936,5.123628,0.43356815,20.482418,527.76855,1511.9039,0.0,1458.6373,1129.7347,-1.4233812,2455.133,894.81915,-15.365819
1.5922436,-5.0161743,25.520006,0.028868655,-0.013205458,0.6175501,26.052794,5.724461,-18.887339,5.7692757,34.876858,0.008941017,1.539411,4.562242,1.7524529,25.372412,783.4245,1361.7355,0.83875537,1716.5117,1069.2257,-5.2705345,2908.3086,740.5803,-19.354193
1.660024,-5.0675373,21.991571,0.041894153,-0.012730449,0.73084927,20.83662,9.410424,-19.712626,4.897574,34.777695,0.008911248,1.3481879,3.7562506,3.6982965,30.136597,1051.5262,1126.728,-3.0064945,1951.9745,991.9382,-9.418532,3331.912,532.0995,-22.981207
1.7017971,-6.0671515,20.716232,0.041171852,-0.015145414,0.7937601,17.578537,11.470932,-19.24031,1.1184043,34.690777,0.0066127325,1.4031978,2.9856808,5.6845136,30.285368,742.5092,1285.0331,-5.1586156,1686.2388,1022.06854,-6.9112434,3037.633,657.8519,-22.279312
1.6987386,-7.9718356,20.755562,0.04156855,-0.016303996,0.77944565,19.587229,8.388552,-17.563562,-3.1100414,34.629696,0.005238253,1.2735595,2.7895362,7.39403,29.943558,759.1552,1343.4097,0.0,1703.9674,1015.7089,-7.7348366,2990.578,651.42865,-21.161568
1.728723,-9.502061,21.157274,0.03353965,-0.019329645,0.6709063,23.220354,6.0078673,-15.086606,-4.171395,34.600754,0.011731603,1.2768708,3.0696363,8.709603,27.84963,492.38077,1553.4806,-0.8145356,1454.7882,1075.4371,-4.6291556,2576.0059,778.2198,-18.353645
1.6965103,-10.090636,21.792648,0.03504275,-0.018366646,0.6104606,25.557749,4.6781125,-15.347533,-4.2658134,34.59187,0.014081075,1.060183,3.3548973,9.662396,26.850298,807.8836,1406.9633,0.0,1774.419,1122.7256,-8.753987,2834.3027,674.2724,-16.940544
1.6276331,-10.690145,24.502304,0.04358085,-0.020702867,0.5368387,27.489672,4.561404,-16.159456,-5.7333546,34.590218,0.015501003,1.013697,3.4611225,10.199845,25.35166,493.1418,1530.6982,-2.2033334,1489.5908,1168.2207,-5.8370323,2462.9338,857.5932,-15.380792
1.562195,-10.9709635,25.881554,0.049352106,-0.015996158,0.5339998,28.76101,4.0374618,-14.205288,-4.1546187,34.593628,0.0151516525,1.0063957,3.4683752,10.216712,27.772715,816.9365,1384.5668,0.0,1854.7451,1163.8779,-10.053299,2823.8894,887.00604,-17.945211
1.5231357,-11.647285,25.287592,0.05419487,-0.015113768,0.4996263,29.076828,3.8737805,-13.407155,-3.52645,34.600956,0.019839222,0.8941791,3.303979,9.815346,25.409376,539.04974,1461.5402,-3.05552,1522.7314,1093.1261,-6.7149606,2499.1912,868.4798,-15.923069
1.5172907,-11.849721,23.736849,0.046772975,-0.012878854,0.47379553,29.065065,3.637469,-11.789102,-0.6236275,34.60661,0.023657478,1.1154662,2.9570587,9.207362,24.659342,552.4127,1463.6776,0.0,1537.411,1107.4486,-7.0653996,2534.1875,886.1711,-15.677024
1.49367,-11.949352,23.311522,0.03721547,-0.015796699,0.49128732,28.189497,4.072478,-12.28582,-2.9325628,34.615322,0.019026918,1.1546875,2.7388875,8.682368,21.859674,252.01672,1575.0244,0.0,1180.7367,1100.9283,-3.7118847,2184.6946,866.76117,-13.358518
1.4936442,-12.341061,23.528105,0.036666017,-0.020738253,0.51973605,28.462652,4.834551,-11.9426775,-4.716753,34.62202,0.016502438,1.3516613,2.9590523,8.423221,21.379053,227.33818,1672.5391,0.0,1172.3615,1189.6449,-4.1522655,2160.762,945.3674,-13.156455
1.4983388,-12.192027,23.506712,0.05401956,-0.022782138,0.5586115,27.929285,5.364823,-11.427262,-6.2840843,34.624866,0.023073578,1.3728265,3.6561012,8.522378,24.338873,538.29474,1572.021,0.0,1492.6539,1225.623,-7.232535,2452.4182,926.32544,-16.144928
1.5180773,-12.231197,23.156542,0.06970098,-0.023561737,0.5416441,28.177553,4.31985,-11.989365,-7.2603126,34.61046,0.029101305,1.3324685,4.4238667,8.924084,24.285782,513.6964,1630.7972,-6.0544205,1490.8939,1260.566,-8.3400545,2449.742,949.3112,-15.832385
1.524642,-12.095573,22.392656,0.06697052,-0.01841344,0.5922607,28.715048,4.170457,-11.444438,-3.2527726,34.587788,0.028596422,1.4412612,4.8570824,9.38572,24.04911,526.9083,1605.918,0.0,1499.9487,1238.0825,-9.8064165,2467.8735,925.38055,-15.24733
1.5245357,-12.493779,22.305136,0.056008648,-0.01712806,0.6092706,28.975248,3.0848706,-11.555526,-1.5270544,34.536274,0.01949983,1.3242661,5.0123053,9.693074,20.761187,249.84845,1654.9069,0.0,1202.0624,1222.5819,-9.113143,2143.3938,955.09064,-11.771706
1.4969622,-13.146114,23.502054,0.04287612,-0.016237335,0.6304952,28.895355,3.7744572,-9.847258,1.5884051,34.462753,0.019889351,1.4821752,5.225807,9.954407,24.329636,567.94324,1551.931,0.0,1503.9307,1242.3778,-11.211952,2489.1267,925.2713,-15.677119
1.4766277,-13.667016,23.916113,0.03956381,-0.019095736,0.59171677,27.592382,4.4477744,-8.142209,0.90138006,34.369225,0.02223874,1.3031968,5.6072392,10.509618,25.467003,594.37494,1568.4227,-2.5194254,1608.8192,1315.1896,-10.742518,2508.6025,1364.7308,-17.030119
1.4218887,-13.859973,24.025572,0.04395478,-0.017554035,0.5708837,26.072563,5.639005,-6.448967,2.3719568,34.281174,0.02665983,1.1169366,5.9772277,11.811722,27.258902,580.43256,1570.0834,-2.5194254,1633.2706,1288.74,-9.329302,2512.1882,1423.0082,-18.778143
1.4092044,-13.560162,22.907974,0.05016346,-0.017061157,0.53325325,25.231092,6.3194003,-5.2587085,4.463678,34.185867,0.019063696,1.1410407,6.11406,13.955719,25.15743,307.35577,1537.3383,0.0,1380.4022,1178.7413,-7.7886453,2229.0244,1446.2682,-16.550682
1.3556553,-13.101844,23.215591,0.059209824,-0.013200012,0.55565715,25.277136,5.4683967,-5.1734576,5.462484,34.028492,0.013793766,1.131523,5.7743087,14.994957,25.093225,272.0205,1452.099,8.305817,1286.5765,998.57324,-10.7717285,2247.0435,931.22144,-17.427862
1.3356968,-13.020833,23.080116,0.046916664,-0.010773887,0.524015,26.080252,5.6859765,-2.7940156,6.139978,33.836224,0.010337617,1.2396616,4.8158317,14.409986,22.86055,285.21445,1368.6105,0.0,1255.683,897.8143,-16.778519,2285.906,724.7928,-17.353807
1.2771813,-14.214131,23.866203,0.03729003,-0.010117861,0.53888494,25.54508,7.9106393,1.6734263,2.505518,33.6521,0.009441712,1.247589,2.5927231,11.747525,18.881395,288.76297,1365.3685,0.0,1246.3386,948.1877,-22.580559,2269.4285,614.0894,-16.677208
1.2636336,-14.256507,21.530828,0.024173213,-0.014383475,0.54363257,23.375753,9.660942,8.668191,-1.7067724,33.57499,0.010297415,1.2711043,1.3646003,10.33122,16.445631,328.27722,1367.5323,-101.30092,1411.8148,1071.7405,-84.00401,2205.453,955.37305,-77.63701
1.2552755,-11.75641,17.615517,0.018337613,-0.017498327,0.6901718,17.228067,14.06759,10.93859,-7.743614,0.0,0.0,0.0,0.0,0.0,0.0,353.59067,1433.9259,-134.53395,1511.5709,1319.5728,-142.7926,2192.009,1103.1622,-139.04695
1.3011507,-6.514269,11.193886,0.007638699,-0.022035656,0.734245,8.307453,16.774042,10.426895,-10.795719,0.0,0.0,0.0,0.0,0.0,0.0,383.75497,1236.7386,-201.0,1610.9174,1000.68756,-201.0,2274.0676,966.78,-201.0
1.3488584,-2.610503,6.936287,-0.0077025522,-0.025147542,0.70765203,1.4408165,21.734064,4.7823043,-12.195441,0.0,0.0,0.0,0.0,0.0,0.0,418.60522,1029.3636,-201.0,1548.673,795.5312,-201.0,2458.76,479.8184,-201.0
1.4580141,0.011400104,3.8323133,-0.009771602,-0.026972437,0.6419578,-3.2106476,23.194738,2.3753073,-11.160156,0.0,0.0,0.0,0.0,0.0,0.0,430.86877,830.65936,-201.0,1557.4844,396.5726,-201.0,2558.068,250.6324,-201.0
1.4950271,0.76807255,1.9257337,-0.0074864696,-0.022762368,0.61453253,-4.0540195,24.030092,-2.3868,-11.979856,0.0,0.0,0.0,0.0,0.0,0.0,425.7341,910.6689,-201.0,1547.8315,625.2532,-201.0,2516.3525,194.8372,-201.0
1.5558342,3.519803,-1.8667644,-0.0022711477,-0.015578148,0.6541894,-7.4003625,24.873558,-3.1910036,-10.221628,0.0,0.0,0.0,0.0,0.0,0.0,430.58276,1063.6307,-201.0,1528.8253,752.22076,-201.0,2398.7366,187.56458,-201.0
1.5291599,5.0245776,-3.5891721,0.0016469049,-0.014478017,0.6631687,-9.564828,24.628883,-2.6568506,-9.145508,0.0,0.0,0.0,0.0,0.0,0.0,751.20197,870.5984,-135.24483,1782.0209,643.89417,-137.92836,2655.2483,315.22714,-135.98697
1.5384914,5.8069167,-4.23614,0.0013531757,-0.014830865,0.6635141,-9.966016,25.810877,0.28605318,-6.498571,16.483051,0.0,0.0,-11.140554,6.07222,31.922152,755.2956,918.54913,-67.402855,1760.3032,501.1548,-75.335464,2736.3542,329.98807,-75.97881
1.8021044,-1.8010298,6.502789,0.027739318,-0.018238,2.0669482,0.8586833,24.514322,-0.7387128,-3.6925373,16.490522,0.0,0.0,-10.373732,7.3865943,32.696194,717.3423,949.61694,-5.60165,1693.3512,517.3997,-18.821005,2745.9883,599.27686,-20.470596
1.7676691,-12.871933,20.908901,0.010043866,-0.022157483,3.4948862,13.164441,27.334167,3.582513,0.013506889,16.521643,0.0,0.0,-6.9166565,9.136418,32.819626,383.63855,1303.4279,-11.846397,1360.2283,964.20264,-25.397985,2441.6885,649.9069,-29.595964
1.7123508,-21.534508,32.243305,-0.017902676,-0.02011917,4.354256,20.669556,27.042124,8.274785,8.007623,16.46662,0.0,0.0,-2.7269533,9.660245,29.37184,336.6721,1401.6777,-18.828436,1350.127,1105.0204,-32.82871,2429.6533,1060.1522,-34.591885
1.3398577,-23.09767,33.916386,-0.06937158,-0.01638942,3.4309387,18.459665,25.71341,15.443715,13.564713,16.405296,0.0,0.0,-0.22018206,9.745434,27.874128,548.00195,1279.9132,-21.877813,1586.0928,997.9748,-33.76618,2686.3691,874.6289,-35.40858
1.2388247,-22.997902,33.950954,-0.08809691,-0.010867756,2.464743,20.092552,21.652643,16.749514,13.817323,16.328756,0.0,0.0,-2.3191721,9.795172,28.302622,827.0612,1295.1631,-20.950808,2043.5756,888.42334,-33.57169,3045.6995,1309.6309,-35.229908
1.250235,-22.406046,34.909267,-0.08923968,-0.0138134165,2.0942168,24.748274,14.95468,14.225642,9.624524,16.315786,0.0,0.09785145,-6.247246,8.257352,27.120798,1027.9875,1369.1738,-16.979473,2169.6812,1146.8995,-26.292948,3145.9316,1258.7866,-29.19271
1.3078841,-21.469902,35.43878,-0.079805024,-0.014410645,2.4895976,29.815588,11.357619,13.078513,6.660145,17.456644,0.0,0.09736097,-7.327503,11.156877,24.166504,1040.5815,1403.2008,-12.296814,2223.965,1202.7114,-20.869976,3205.658,1312.4283,-25.210546
1.4542203,-14.546645,27.544657,-0.057787787,-0.008797113,2.87041,28.530142,4.0169663,6.8976464,8.507583,16.105417,0.046296734,0.09687048,-7.5912933,7.0267773,18.816616,738.95087,1492.65,-9.042304,1693.525,1213.5146,-15.438526,2768.7605,841.8748,-20.374567
1.5262731,-9.609817,21.511757,-0.03984477,-0.002204998,2.4982681,26.696238,-0.10822264,1.6373696,11.278613,15.166158,0.046296734,0.09638002,-6.444692,6.380777,14.04071,592.11346,1334.3759,-10.227698,1517.5986,1031.433,-15.013313,2549.0928,793.0468,-19.557596
1.5339924,-6.678988,16.867842,-0.04168132,0.00014096002,1.7707138,25.010775,-3.7530878,-2.0906477,15.839862,18.740313,0.36419782,0.57873935,-6.7837873,0.34227243,9.205413,387.4454,1412.1979,-7.6159844,1216.1183,1082.1499,-13.371541,2172.864,876.4338,-14.027881
1.5457739,-6.931871,15.820285,-0.034457993,-0.0030336324,1.0832877,24.432297,-5.029465,-0.44684744,16.319672,24.728273,0.68209887,1.0610987,-5.5201793,1.4881073,7.5475545,425.91428,1276.5494,-4.601358,1278.829,1071.3531,-13.277969,2169.8186,927.6276,-10.423755
1.4650761,-6.87067,12.835498,-0.02023478,-0.0071250736,1.2012335,23.236845,-4.641674,2.2737124,16.390759,30.268305,0.6771082,1.0499688,-4.997684,0.7273837,6.7351213,414.32553,1271.5026,-1.5164515,1298.8115,1037.6952,-14.396675,2141.5154,916.031,-7.524189
1.4294914,-6.248556,10.062682,0.0010061746,-0.016481273,1.0420369,21.824778,-4.46129,5.133799,11.284046,30.169193,0.5156623,0.8032243,-4.7076106,0.6640893,6.911498,411.4944,1208.7938,-67.56265,1369.3462,967.1323,-77.03841,2205.4934,990.0488,-71.72759
1.3129741,-5.247332,6.752272,0.014394681,-0.025272397,0.83698964,19.253145,-2.7070258,8.896272,8.88973,0.0,0.0,0.0,0.0,0.0,0.0,391.06223,1151.3867,-67.289154,1423.6742,789.3967,-77.35834,2277.469,1024.8802,-73.71499
1.2561277,-7.4434457,8.575471,0.0129362205,-0.026652642,0.68517065,19.038734,1.2373102,14.489669,7.4230056,15.9152565,0.0,0.0,-5.0100513,7.6283283,16.042774,376.95874,1178.7301,-67.437004,1461.4222,793.1785,-77.194496,2276.3096,1050.1001,-76.81996
1.1353716,-8.2938795,10.008858,0.008017647,-0.023075989,0.70149165,18.958265,2.563904,17.530508,8.148007,15.985217,0.0,0.0,-5.8358483,8.034975,16.472263,364.629,1295.3094,-1.597044,1486.8815,931.20734,-15.386628,2178.7234,1129.1318,-15.012096
0.98235583,-10.945472,14.438679,-0.013499707,-0.018828774,0.6537682,21.536089,2.5649543,18.140333,7.5182357,16.119123,0.0,3.7532477,-7.124527,8.301635,18.021143,372.1049,1368.8788,-1.1493744,1464.958,1122.3755,-13.834746,2116.2617,1112.0966,-14.487752
0.8624256,-11.507027,16.912249,-0.03252269,-0.01925429,0.53957015,23.138483,0.17299975,20.570663,7.484754,16.158648,0.0,3.7532475,-8.383607,7.489203,18.31943,363.08923,1423.2334,-2.440957,1412.8859,1140.8925,-15.09222,2124.8987,1043.7992,-15.43666
0.78565747,-11.840729,18.920786,-0.045408566,-0.012933214,0.4841381,23.948874,-1.8726139,22.788483,5.2932253,16.121538,0.0,3.7532475,-8.074412,5.870276,18.27563,369.18198,1395.9869,-2.7103736,1329.0226,1064.4534,-15.081229,2208.2388,866.77106,-16.301363
0.7697253,-11.9948225,19.498915,-0.05132461,-0.008895063,0.44366345,23.572592,-1.9346842,24.765406,4.005798,16.047915,0.0,3.7532475,-7.3270516,4.095312,17.986614,619.54486,1365.4598,-8.078996,1579.7656,977.2798,-17.894487,2518.2954,769.5005,-18.758825
0.7337625,-11.325848,18.53311,-0.043238714,-0.0027342613,0.40271974,22.110556,-1.2947682,23.959898,2.6734827,16.01552,0.0,3.7532477,-6.325363,3.142792,17.645315,623.6066,1334.8026,-73.370346,1577.1144,947.04926,-78.54828,2548.004,714.50214,-79.47092
0.73056865,-12.324557,18.34478,-0.04241303,-0.0061756573,0.35197267,22.030128,1.3276383,23.536057,5.970963,0.0,0.0,0.0,0.0,0.0,0.0,614.9839,1291.1427,-138.9409,1594.2328,911.39386,-140.36714,2539.4514,690.1302,-140.41408
0.7846689,-9.592917,15.328111,-0.0309264,-0.007038182,0.47226593,17.131025,1.5551925,21.01615,8.732349,0.0,0.0,0.0,0.0,0.0,0.0,368.72543,1355.067,-133.6075,1364.1476,860.4554,-141.03038,2276.2405,909.0423,-141.85179
0.88453823,-9.157279,15.217995,-0.03434464,-0.0103363525,0.6193741,15.234342,3.572488,18.666052,13.092174,31.66943,0.0,0.0,2.2131517,13.073311,24.827047,349.17468,1409.2666,-65.98377,1363.4512,826.01416,-82.53498,2258.1619,955.9082,-82.53513
1.0397273,-9.296152,14.658234,-0.011024107,-0.016907256,0.8851884,14.1864805,6.98447,15.412745,10.904643,31.466118,0.0,0.0,2.9380028,12.255803,25.363516,344.2588,1436.7178,0.99309206,1456.8921,1028.2096,-24.370264,2147.7605,1023.5859,-24.370424
1.144914,-14.335498,20.489027,-0.008276806,-0.024761016,1.0054876,19.899189,13.085274,12.876255,10.69605,30.97278,0.0,0.0,3.6794348,10.954883,25.317274,334.39505,1364.6442,-0.36101818,1442.1318,1149.327,-27.480322,2126.2893,861.2525,-25.678291
1.1901587,-17.146751,22.52558,0.0007704121,-0.027469851,1.0359472,22.18746,16.510698,12.038116,7.7940717,30.452868,0.0,2.318891,3.000365,10.82516,24.730982,349.25204,1319.571,-2.7507179,1480.6881,1226.211,-29.957458,2151.4983,910.68634,-27.481699
1.1903107,-18.323833,25.200325,-0.014334298,-0.02234189,0.9952261,20.443918,21.50669,12.733426,8.537982,30.149555,0.0,2.318891,2.3066945,10.927344,23.878244,354.53763,1250.2987,-69.72758,1461.151,1011.04663,-88.12217,2295.8982,899.85016,-85.6464
1.1796793,-15.782093,22.698334,-0.02330032,-0.019592596,0.92460734,13.758161,26.263788,13.61913,6.997139,0.0,0.0,0.0,0.0,0.0,0.0,338.21548,1245.8429,-135.76598,1508.9346,870.32495,-144.98174,2395.7043,766.342,-143.48676
1.1930126,-11.970845,18.835989,-0.040744234,-0.020676672,0.90480644,6.409326,31.291191,14.069463,6.6796875,0.0,0.0,0.0,0.0,0.0,0.0,264.38965,1311.8322,-201.0,1545.6713,689.695,-201.0,2467.8972,587.18304,-201.0
1.221903,-6.3657527,10.754828,-0.04119632,-0.020245919,0.8851962,0.27222076,30.80306,13.061305,2.458121,0.0,0.0,0.0,0.0,0.0,0.0,274.593,1234.2281,-201.0,1573.8491,405.55612,-201.0,2507.2876,353.589,-201.0
1.3103765,-1.7175097,4.3228703,-0.044069916,-0.017003749,0.86918014,-4.294039,29.634333,13.525699,1.3143888,0.0,0.0,0.0,0.0,0.0,0.0,293.7362,1189.3024,-201.0,1566.0758,193.48302,-201.0,2482.594,223.94415,-201.0
1.3889871,0.9350951,1.1348578,-0.031853344,-0.014603329,0.82645756,-7.2772336,29.745317,14.537369,0.32900175,0.0,0.0,0.0,0.0,0.0,0.0,339.17688,1113.3304,-201.0,1579.2114,37.220947,-201.0,2477.4268,231.62416,-201.0
1.4538461,0.43254733,2.4919271,-0.029301152,-0.017485743,0.70082855,-7.393061,30.724257,15.601199,1.8782986,0.0,0.0,0.0,0.0,0.0,0.0,327.69113,1132.2433,-201.0,1579.1113,49.532024,-201.0,2480.2197,285.01846,-201.0
1.4400563,-0.8536299,3.9078977,-0.020118587,-0.018951606,0.63376945,-5.9467998,31.79022,15.341862,2.7990913,0.0,0.0,0.0,0.0,0.0,0.0,318.95694,1099.8514,-132.47508,1602.8109,80.16012,-137.94206,2485.3708,350.2806,-137.90468
1.4393449,-3.9617827,7.0915055,-0.011248316,-0.021395246,0.6939098,-1.9969044,30.13262,11.533619,1.4895607,22.369871,0.0,0.0,-3.0864642,2.9575253,15.1730585,352.1628,1008.49414,-63.249023,1598.3564,225.13335,-73.526245,2482.7744,398.3357,-74.172264
1.4284544,-6.32754,9.539018,0.00048414184,-0.022312684,0.71857625,2.3048508,25.849197,7.485201,0.6908667,22.450094,0.0,0.0,-2.0130317,3.0153027,14.2981825,356.02222,1038.7645,6.2966695,1559.2001,441.3375,-7.845898,2462.195,510.20947,-9.669231
1.5055498,-9.80743,13.922481,0.011500177,-0.02486643,0.9337705,10.56415,17.552896,7.863672,1.356959,22.547829,0.0,0.0,-0.50819916,3.1859953,12.679371,364.31494,1080.5956,7.049831,1496.375,667.68335,-5.2365,2394.3044,694.8621,-8.066062
1.598375,-9.684035,14.505451,0.019316697,-0.023265332,0.9166282,16.155802,8.5957,9.905173,4.0157943,26.56617,0.0,1.8079039,0.32297397,1.1425701,12.900992,366.4366,1085.2167,6.2168536,1422.3026,729.1895,-4.829918,2324.337,701.6411,-8.653552
1.7441373,-9.73553,15.230716,0.01965121,-0.02563121,1.0869712,21.052578,2.2375104,9.22876,5.9884124,30.485556,0.56481147,2.4981186,0.2695317,-0.16210477,13.558151,379.49512,1019.92114,5.0337663,1373.9525,711.13275,-4.238384,2277.86,673.2276,-9.633949
1.7733005,-9.920063,15.263492,0.028945917,-0.023831954,0.96468025,22.410498,-1.3675199,5.8703523,0.6672433,34.401543,0.3979447,2.668226,0.41186532,-1.6034746,14.741501,390.4839,969.8941,3.6149342,1353.9808,727.13257,-2.7448168,2260.506,603.324,-11.126567
1.8015229,-9.746166,15.135887,0.03114464,-0.024331609,1.1772994,24.620651,-3.9711354,1.9940761,-3.757848,34.35268,0.067919455,2.315567,0.6122448,-1.7710868,12.897222,396.25735,987.31177,1.9844118,1334.7169,774.843,0.29008546,2265.0579,589.6363,-10.912808
1.7899066,-8.873669,14.444608,0.04031163,-0.018951299,0.9567104,25.81784,-5.4391875,1.2247423,-7.0793347,34.330273,0.037669066,1.4768664,0.91936255,-4.2565913,9.274509,386.83798,1063.6421,-1.4076165,1296.93,830.4004,2.478153,2260.7502,576.7641,-10.682126
1.8445249,-6.750479,14.043163,0.03010667,-0.017071277,0.9360719,26.266775,-6.1632824,-2.415222,-6.0125523,34.296585,0.018799847,1.4306575,0.74303466,-5.5274625,5.297852,378.54355,1110.9437,-3.6743736,1267.152,830.92206,4.1671047,2276.6345,577.4974,-8.972225
1.899367,-5.446379,14.777165,0.016863087,-0.0151975835,0.69057435,26.273333,-6.299511,-4.8867927,-4.74729,34.251972,0.015912315,1.4852341,0.34092247,-4.42882,3.9931927,387.17404,1114.462,-2.5614316,1262.0682,854.969,5.1514716,2275.4963,618.6989,-6.5546246
1.8919377,-2.9971886,15.094109,-6.8006725e-06,-0.01056248,0.8409963,24.589157,-7.8856316,-7.6014915,-3.2732537,34.21396,0.004583564,1.1661857,0.41840556,-1.3447725,6.2593236,388.7109,1119.555,1.8198972,1257.9135,860.01465,4.770603,2284.0762,620.4853,-4.4394264
1.8716377,-2.52304,12.691989,-0.0070005017,-0.008378734,0.884541,24.141722,-7.234284,-7.6265564,-1.0858606,34.16776,0.0030028087,1.3506786,0.5781305,0.36746883,9.791946,398.36096,1098.4545,5.4563737,1253.8739,856.56836,3.316618,2280.8635,585.71906,-4.3355727
1.8287773,-4.1361437,11.921174,0.00829612,-0.0109697515,1.0261666,22.877996,-6.3734818,-9.979213,-6.3256087,34.100414,0.0037720946,1.3381785,0.2087388,0.6992132,12.925743,381.5907,1125.872,6.0508537,1239.8424,864.674,0.5690701,2276.741,527.21234,-6.87489
1.7766205,-7.7131133,11.760441,0.011610813,-0.017729051,0.97805125,25.016218,-1.7331718,-11.653737,-6.56187,30.096472,0.16813046,1.2421857,-0.47824016,3.4000804,14.692085,385.3375,1143.9807,5.717324,1233.0077,910.7788,-2.128873,2259.5442,550.47003,-9.858337
1.6209716,-9.255906,15.484573,0.020979889,-0.022532387,1.0605553,25.173239,-0.45113882,-12.601776,-9.075673,26.136415,0.3331636,0.5792455,-0.08793461,7.0721455,16.93601,357.02646,1230.7174,1.9037858,1212.4149,952.9151,-4.0155263,2247.067,575.31055,-12.085781
1.4709684,-10.710555,16.468004,0.0062256767,-0.025660977,1.025923,26.166079,3.6952813,-6.642463,-4.2703557,22.233423,0.34560764,0.8103988,1.295063,10.982155,18.490328,371.79477,1209.2161,3.653228,1228.8297,980.0915,-4.0813165,2238.8914,601.80505,-12.31993
1.3374869,-12.671047,19.458626,0.016139524,-0.027889924,1.2035211,26.662615,5.445332,-0.31232643,-4.245885,22.31086,0.19813474,1.771872,2.6346028,12.132022,19.950136,362.4703,1213.0947,4.30872,1238.452,965.396,-2.7999227,2248.321,586.7871,-12.11098
1.3238345,-14.8453455,21.65,0.013008944,-0.028924942,1.0349008,27.723822,9.822349,4.3960614,-0.8248589,22.368334,0.036060635,2.3180096,2.8828182,12.550332,19.95939,373.9025,1187.8624,7.429033,1251.9728,965.13165,-1.3447376,2249.4111,595.5994,-11.850776
1.3299475,-15.009364,23.848085,0.02630991,-0.028954549,0.945468,28.670649,10.209209,3.324023,-0.7841924,22.36155,0.025568312,1.7817583,2.5909238,12.50156,18.24387,343.90527,1317.0453,2.445879,1223.005,1001.6857,-0.59551716,2248.5808,640.9445,-10.624127
1.4193821,-12.033455,22.944403,0.014432471,-0.022161497,0.8838539,29.186098,8.065576,1.0616598,3.1415977,22.319162,0.007339861,0.82207185,2.5156298,11.946326,15.876717,345.1224,1353.0254,1.313262,1213.2155,1005.36554,-0.7247774,2270.2432,648.5376,-9.001193
1.509353,-9.508315,18.76963,0.0119158635,-0.018421259,1.0124768,28.912033,3.564573,-2.42379,3.252147,22.30152,0.00534164,0.5194562,2.4886556,10.652356,13.869952,357.36316,1316.8062,1.8477877,1220.7115,973.6066,-1.5295815,2304.3074,619.1116,-7.7088037
1.5901467,-7.660216,14.96848,0.0027053414,-0.010541459,1.1368778,27.775568,2.1437337,-2.544871,7.060657,22.345139,0.0073513254,0.5283535,1.8627533,9.129556,14.734546,375.2407,1186.0858,5.4691157,1242.19,857.15796,-3.6480188,2335.1572,532.04596,-9.1639185
1.6460832,-8.602822,12.610459,0.014003617,-0.012404159,1.0509366,25.878286,1.7059387,0.9421728,2.3252947,22.506422,0.0077827494,0.5375342,0.77281547,8.323433,17.438143,375.17908,1086.2772,5.143975,1262.2974,767.7657,-7.5192223,2342.7683,456.01498,-11.89561
1.5886097,-10.1367445,14.274175,0.016769106,-0.010054375,0.966476,27.463402,2.4779856,7.374308,4.5589275,22.650904,0.0074122953,0.7641652,-0.57313037,8.867687,20.988325,368.4161,1118.1147,3.8919952,1279.333,787.92365,-12.769498,2344.5042,500.2686,-14.789219
1.3706541,-13.433434,18.627968,0.018230895,-0.0140873045,0.9531372,30.24761,3.706755,12.1860075,3.614692,21.889565,0.0038051438,1.0685968,-1.5005364,15.920985,25.575636,377.66406,1207.7129,2.6521962,1337.9413,944.8073,-16.557825,2364.3145,708.67535,-18.765497
1.1251408,-17.454893,24.164118,0.0049841856,-0.019903459,0.96730185,34.182255,7.047756,17.488647,7.0052986,20.725784,0.0046322816,1.5277826,-2.386498,21.261826,25.561342,405.06384,1348.2695,2.0013587,1365.4542,1415.04,-15.585529,2257.678,906.3636,-18.84082
0.9556501,-20.699562,27.970171,0.0037693984,-0.029244365,0.8445335,36.26161,10.104965,20.11164,4.9769435,19.70118,0.0046322816,1.5277826,-2.7286408,26.644817,26.333107,444.49292,1476.6011,-65.81693,1279.0309,1893.6549,-76.49485,2132.1587,981.5337,-80.29199
0.902523,-21.218727,27.904188,0.002490054,-0.038354393,0.86266524,35.736835,10.799899,21.086372,2.5071232,0.0,0.0,0.0,0.0,0.0,0.0,453.9182,1396.1074,-133.43474,1310.7648,1872.0591,-137.36565,2069.5703,1034.0006,-139.09006
0.9607212,-17.97264,26.360529,0.0068422086,-0.028274873,0.8055107,31.407816,10.698808,15.053833,2.700288,0.0,0.0,0.0,0.0,0.0,0.0,433.95203,1366.713,-201.0,1365.667,1536.41,-201.0,2221.5828,1162.0869,-201.0
1.8281606,-9.348868,19.6113,0.013190095,-0.013980914,1.7411861,20.852488,5.0218863,3.4090202,0.409506,0.0,0.0,0.0,0.0,0.0,0.0,576.8217,1254.8379,-132.74663,1712.423,1090.5193,-136.46136,2625.1653,994.90155,-138.90138
2.4155767,-3.1455243,15.880501,0.012134516,-0.0011000654,2.115141,13.357444,3.807502,-4.1506057,0.2580312,23.609133,0.0,0.0,-4.4059606,4.943157,15.895412,735.2819,1178.0702,-66.233765,1912.6234,922.74927,-71.875305,2992.4558,672.77637,-76.35876
2.9975088,-0.27609363,11.2522135,0.022440344,-0.0056978404,2.4928973,8.145077,1.4197208,-7.1381397,-0.89067346,23.60071,0.0,0.0,-4.689376,3.2431602,16.970901,924.4616,1265.8867,1.8180212,2054.272,882.9871,-7.737181,3221.1838,472.90015,-14.915769
2.7505274,-1.3036798,13.753662,0.028016264,-0.0068734256,2.151643,10.506234,2.6874697,-6.9569545,-0.71661997,23.53054,0.0,0.0,-5.285084,0.60272294,18.09384,924.8391,1133.7191,0.4557848,2029.7137,769.4633,-9.173965,3238.5637,488.417,-16.6772
2.6298354,-3.576114,15.404693,0.037841763,-0.0114572495,2.2543156,14.58064,2.5355895,-5.9216194,-0.8769264,26.295053,0.0,0.0,-3.9394252,-1.9026145,20.788912,934.46124,1203.2189,-1.93333,1971.5728,861.8547,-13.714238,3141.2324,603.486,-20.241001
2.2232268,-6.74275,19.336166,0.034480248,-0.01429532,2.1292856,20.801382,4.853011,-7.8123474,-3.3948815,28.971735,0.0,0.0,-1.9066969,-2.7064774,20.555548,741.19434,1096.6638,-2.7226696,1721.1676,891.6196,-11.791448,2838.1301,563.2056,-20.562136
1.8023653,-9.506375,19.625372,0.026392654,-0.025100706,1.9032308,23.91834,8.298915,-7.0925145,-6.1135197,31.64054,0.0,0.0,0.71082145,-2.8650913,22.067215,540.9111,1292.9138,-1.8267745,1423.3746,1022.48096,-7.026276,2520.0989,597.55707,-21.12714
1.5855507,-10.672755,19.857386,0.019139806,-0.026978621,1.3596569,24.686234,11.660382,-8.786054,-10.677177,31.462166,0.052566882,1.3721066,1.1216239,-4.037286,19.776924,360.28818,1297.932,1.8202667,1171.9196,1005.1961,1.3301767,2306.027,538.78705,-17.956657
1.5671415,-8.488109,18.406685,0.017003356,-0.027961588,1.1349739,24.124908,11.123977,-11.048546,-15.164931,31.284601,0.038664375,1.7147999,0.53021604,-5.3023453,20.56069,354.38345,1269.7914,1.969505,1169.5321,936.7974,2.7091217,2355.5862,473.65308,-18.591185
1.6137633,-7.380371,19.772629,0.012482401,-0.022311427,0.9132375,25.90365,10.113929,-13.63506,-15.643353,31.02765,0.026475856,1.9252639,-1.1308495,-5.4805436,19.262077,378.7776,1123.286,0.9258191,1200.757,836.88776,0.93960065,2376.9702,447.1516,-18.33626
1.5948309,-5.9690423,21.472143,0.012737437,-0.019028798,0.9780958,26.670792,7.2509885,-17.338594,-15.191737,28.196968,0.011218454,1.8302819,-2.9357975,-3.4193847,21.262669,380.0046,1094.7552,0.68024755,1215.1547,800.68555,-4.7550607,2382.083,481.4374,-21.245333
1.5008173,-6.52919,23.12332,0.008012787,-0.013401919,0.9980834,25.989761,8.952695,-15.160741,-12.026519,25.48198,0.011398,1.5453295,-4.1041903,-0.45327973,21.983948,383.56955,1046.8365,0.4679354,1227.334,756.3553,-11.059041,2389.219,476.5841,-22.913458
1.3839773,-8.966092,21.068634,0.0071617044,-0.014064667,1.0546693,20.59437,15.579633,-9.601337,-10.153155,22.89768,0.011398,1.5453295,-4.239846,2.9358842,23.182577,369.5367,1134.0288,0.8599305,1254.4896,819.94946,-17.891188,2444.3162,526.02527,-24.368872
1.3596798,-8.68747,16.176046,-0.002337835,-0.013748403,1.0061496,12.423393,24.448355,-5.2404456,-6.8232994,22.945715,0.13925388,1.0785989,-4.2080536,5.005267,23.446419,375.1128,1124.9716,0.9352732,1310.4448,829.65045,-20.724556,2590.611,360.88943,-24.453093
1.3712486,-8.07752,11.298534,-0.0037967674,-0.020985462,0.9113059,5.488807,32.294525,-2.7645385,-7.067328,22.960627,0.26710975,0.6118682,-4.469738,6.328457,23.631063,385.57877,1069.9373,1.8394216,1446.5143,810.8161,-21.469458,2687.8562,242.59792,-23.69684
1.4038763,-6.197468,8.647821,-0.0065374784,-0.026778487,0.7260003,1.8120972,37.44469,-2.7056239,-6.6671615,22.970123,0.39496565,0.14513756,-4.8082213,6.646223,23.285894,403.7888,923.85284,2.8322277,1584.8109,652.20514,-20.642405,2835.9414,71.41936,-22.611084
1.3902599,-5.6266365,6.974453,0.005183689,-0.030278573,0.5691054,1.9461378,38.53751,-2.0384047,-11.0735655,22.973137,0.39496565,0.14513756,-4.8217053,6.745636,22.69531,395.43054,925.34125,2.9457061,1636.0726,702.05597,-20.380869,2778.0576,205.95697,-22.228355
1.4017954,-3.5818949,3.6808872,0.0051077357,-0.027211815,0.6150753,1.7477179,38.378765,-2.2655814,-14.58129,22.96659,0.39496565,0.14513756,-4.60297,7.3642635,21.856375,396.8174,969.0915,2.2157383,1591.9135,858.1177,-21.863861,2749.0576,232.59253,-22.158066
1.3605031,-3.3204896,2.1062818,0.007827266,-0.028256888,0.6911195,2.589071,38.372425,-1.2622421,-17.140692,22.964579,0.39496565,0.14513756,-3.9153755,8.289063,21.304045,397.9744,1009.22046,1.3478955,1548.9227,1060.7003,-23.280197,2620.6873,217.75708,-22.181559
1.3465219,-3.443854,2.9625084,-0.00196024,-0.03376973,0.7147481,2.058863,38.466305,1.7406427,-16.060095,22.967255,0.39496565,0.14513756,-3.2433827,8.724231,21.11405,405.29895,937.04004,1.0197926,1599.9108,884.2129,-23.511086,2596.0823,95.355995,-22.163925
1.3700699,-4.3303266,5.140142,0.0045213574,-0.03584844,0.66910964,1.2594419,39.17802,3.0593777,-12.887073,22.97052,0.39496565,0.14513756,-2.5128088,7.86111,21.699196,393.42676,924.99756,1.2491282,1652.3595,756.26465,-23.415833,2563.4114,207.16333,-22.75563
1.3743205,-5.297779,7.0783706,-0.000110483415,-0.035217836,0.6386935,1.4043756,38.159374,3.2925327,-11.276803,22.966614,0.39496565,0.14513756,-2.9312203,5.2063394,22.88466,391.84354,906.94775,1.7957473,1656.3195,640.00073,-21.303919,2617.7148,206.49303,-23.921888
1.3404211,-6.649343,8.380027,0.008138086,-0.033871993,0.59296006,2.506634,38.91827,1.0605766,-11.215192,22.958694,0.39496565,0.14513756,-3.6621258,2.0827801,24.362223,394.79602,1002.7349,2.1783583,1632.6416,979.2419,-20.622965,2625.335,210.722,-24.980072
1.2760476,-7.531578,9.571001,0.0024561433,-0.03611283,0.5666196,3.4132042,37.43904,-0.89333457,-12.0364275,22.955576,0.264474,0.12797232,-4.333612,-0.57887596,24.515352,404.1737,944.5571,2.3518665,1586.0658,897.57184,-17.068422,2652.4429,250.8241,-24.721292
1.2652892,-9.142474,12.987705,0.009865741,-0.030836413,0.6832735,4.792701,36.641754,-0.8047349,-8.672685,22.95281,0.13398236,0.11080709,-5.0357165,-1.7254909,22.886719,394.07874,1019.7067,2.4426425,1554.9506,949.44196,-15.060168,2600.0022,547.6444,-22.80622
1.2879938,-9.499181,13.911321,0.012386438,-0.02942104,0.74783784,5.3057313,35.988438,-0.9200557,-7.258802,22.966234,0.0034907283,0.093641855,-6.2468705,-1.5035836,20.06707,384.42587,1029.4408,2.652064,1526.9274,823.9975,-16.088715,2695.6316,889.36035,-20.132551
1.3403935,-10.354183,14.464297,0.017106602,-0.031019175,0.77723575,6.239428,38.004482,1.7368549,-5.9009857,22.980246,0.0034907283,0.093641855,-7.4458046,0.09334008,17.647402,377.65115,1108.5942,2.5936823,1537.3867,953.2941,-16.270315,2720.7244,846.3471,-18.134203
1.3752089,-7.5214353,10.079055,0.017603802,-0.033908088,0.750645,2.8815668,38.460342,0.6099832,-9.313329,22.991503,0.0034907283,0.093641855,-7.791779,2.3150773,16.406092,373.02368,1163.0338,2.8338861,1547.7931,1077.1974,-17.100334,2684.1492,542.68866,-16.844883
1.4374504,-6.280624,9.397504,0.014112614,-0.03324229,0.78196096,1.1240274,39.07761,3.4202182,-9.990432,22.987093,0.0034907283,0.093641855,-7.597195,4.253258,17.060509,368.80542,1260.3701,3.47645,1518.5682,1372.4039,-14.846234,2485.9973,263.71356,-16.93425
1.4955873,-3.8822958,7.3544173,0.017994998,-0.028993161,0.82582235,-1.9375421,37.37767,3.20629,-11.241798,22.979612,0.0034907283,0.093641855,-6.83513,5.7748055,18.61378,366.16492,1254.1152,4.166982,1664.2041,1203.1287,-15.451997,2371.9592,192.10474,-17.77897
1.533723,-2.737855,5.6268907,0.029305868,-0.031475898,0.7364051,-2.6172469,37.687782,5.105799,-11.680583,22.972252,0.0034907283,0.093641855,-6.6337795,7.2745633,20.619205,370.10583,1138.6293,4.012139,1744.5978,919.8776,-15.944341,2357.1428,210.16707,-19.7763
1.5531468,-0.93736863,3.505757,0.033384737,-0.030655326,0.646362,-4.675091,37.269115,1.9033455,-12.69524,22.963692,0.0034907283,0.093641855,-6.4091086,8.310822,20.899912,368.1473,991.88696,3.2580483,1816.918,487.10474,-17.191637,2376.6453,273.4945,-20.703712
1.5258995,-1.7924633,3.9590094,0.020009732,-0.033440497,0.58657426,-4.3707156,37.58978,0.9419214,-10.38371,22.978477,0.0034907283,0.093641855,-6.834106,8.069579,20.813871,374.05533,972.31866,2.446109,1657.5978,554.04266,-18.873665,2448.3625,237.55376,-21.65268
1.5358061,-2.7247179,5.161964,0.004170126,-0.03484063,0.59338427,-3.9144018,37.64646,-0.9662501,-10.769071,23.008097,0.0034907283,0.093641855,-6.2756004,6.50354,19.565416,383.7865,955.55206,1.9619417,1662.0961,599.02167,-20.548456,2499.6023,272.63196,-21.44415
1.4585246,-4.3687596,6.159493,-0.0039767097,-0.040598348,0.60845405,-2.295136,37.876743,0.9840114,-9.818992,23.006716,0.0034907283,0.093641855,-4.8266883,4.8815045,18.223394,396.58923,927.56476,1.7053951,1758.1488,449.6902,-20.797281,2527.284,387.10104,-20.798426
1.3236359,-5.6860404,6.5696015,-0.0006561742,-0.041203428,0.5412564,-1.0203797,38.557556,-0.103656374,-10.121007,22.972702,0.0034907283,0.093641855,-2.6933162,4.1718125,15.722924,400.43655,912.7766,1.9989907,1794.0846,505.5901,-20.063871,2524.143,378.99442,-17.853945
1.1667465,-8.306812,9.623132,-0.008963951,-0.04232623,0.46716645,2.411855,36.0183,-1.1203896,-6.312778,22.956535,0.0034907283,0.093641855,-1.0996515,4.189961,14.038829,406.88577,923.67755,2.4716609,1702.485,596.81464,-16.402712,2461.6423,560.3266,-15.151207
1.1127306,-10.073524,12.524182,-0.005938047,-0.0389213,0.45722422,5.993033,30.329012,-4.145374,-6.6404133,22.965673,0.0034907283,0.093641855,-0.106822036,4.6680417,14.9924965,404.4109,1024.7566,3.181795,1496.518,936.7168,-13.520038,2447.6067,425.42905,-14.79171
1.0998586,-11.899228,15.248218,-0.006851995,-0.03591222,0.46475878,10.792876,23.818262,-3.6438458,-5.211222,22.981232,0.0034907283,0.093641855,0.0073238364,6.187527,17.186218,411.59558,1044.5353,4.792519,1432.4503,1011.58514,-11.065941,2366.34,582.44507,-15.097302
1.0893863,-13.2809725,17.518173,0.0024035715,-0.036434904,0.46295962,15.129733,18.709894,-2.1399612,-7.6839085,27.019232,0.17611603,0.6382432,1.1115128,6.0548368,21.444801,414.1426,1071.2032,4.9349666,1419.0,1078.6769,-13.9066925,2343.9626,653.60236,-18.233671
1.0784093,-13.89225,18.258234,-0.0013680997,-0.03674467,0.42606756,16.011318,17.64113,-1.8585161,-5.902247,31.051535,0.17726575,0.7730939,2.8675997,6.8168945,24.059097,424.05655,970.66895,5.037794,1477.5078,919.4366,-16.9458,2378.3057,808.99365,-19.895432
1.1887976,-14.321361,19.77751,0.007329537,-0.036419317,0.653703,17.01378,18.144217,-3.131808,-8.359527,35.03849,0.17841543,0.9079446,4.7558837,6.7789893,27.513174,413.53323,1055.9335,4.1328335,1433.8322,978.5721,-19.792517,2374.1353,871.7214,-23.380339
1.3881979,-14.70148,20.78669,0.022767419,-0.030672772,1.0610257,17.922205,18.083239,-0.37427363,-8.294126,34.925716,0.0075295023,1.1812214,4.910131,7.765702,26.149172,395.94406,1063.9025,4.5564275,1405.877,897.3924,-19.326738,2377.4558,800.2712,-21.592745
1.5798349,-14.653431,20.101442,0.042917524,-0.028954567,1.1994976,20.58774,14.739993,6.2083716,-9.015454,34.68508,0.010129766,1.3756008,4.4667516,6.809798,22.551798,373.02286,1118.0468,4.5318174,1373.6323,894.2403,-20.434458,2291.2932,747.8836,-18.019983
1.700996,-12.750018,17.588083,0.045257483,-0.026014866,1.1256185,21.079712,8.59866,12.499935,-9.282764,34.454655,0.012760994,1.3907365,3.846484,5.664495,17.034662,352.42197,1081.4624,4.4037733,1406.4127,740.61206,-21.207499,2291.371,752.49634,-12.38871
1.7671399,-9.463425,12.472053,0.037544098,-0.026396072,0.8733561,19.864134,3.8701246,16.04129,-10.101975,34.2568,0.025929004,0.8233816,3.965069,6.4432755,14.267011,355.71176,1043.2695,0.0,1420.7657,670.90155,-22.22613,2279.882,754.0288,-8.802843
1.7338052,-7.023638,9.64124,0.025451034,-0.024839064,0.8639874,18.703926,0.9424844,16.107998,-9.573227,34.2031,0.03808156,0.6911245,4.212733,7.491051,14.23338,361.13144,1005.6252,8.1866045,1408.3978,607.25543,-20.940767,2290.2483,732.8649,-7.06554
1.664864,-5.9903316,8.775518,0.028452015,-0.026119279,0.80152136,16.8355,1.0801702,16.283178,-6.574037,34.15683,0.043705564,0.86923,4.0391765,8.047266,15.645741,352.687,1011.5906,8.1866045,1397.7109,580.0609,-18.20263,2262.468,683.19165,-7.6975594
1.600567,-7.6256905,11.281825,0.032553807,-0.027670255,0.89601517,16.09363,4.5270658,11.5730505,-5.2140713,31.682798,0.0382031,0.9467985,1.138614,2.6176398,15.263253,341.2454,1091.519,0.0,1378.1138,715.2449,-18.307379,2213.5544,665.53436,-12.03627
1.6299915,-9.897691,13.850768,0.0424376,-0.026736582,0.8359833,16.233932,6.2512264,7.026381,-6.5102005,25.173231,0.24191213,0.95431966,-2.9612753,1.3560511,18.512072,331.20874,1177.5929,6.089594,1357.2456,870.7181,-12.309812,2172.514,659.57086,-12.306038
1.6680489,-10.880661,15.043523,0.051290527,-0.02132268,0.97149706,16.510752,7.1164794,7.4559627,-5.267653,18.697912,0.45211872,0.8307219,-6.9451103,0.9995756,23.021744,625.614,1093.6976,-2.0429447,1600.5433,887.4678,-16.595428,2545.2092,513.70044,-18.564402
1.6984237,-13.259088,19.45098,0.039713293,-0.016517682,1.9856278,20.52374,7.956608,11.1819105,-0.8997472,14.655389,0.6623253,0.7071242,-6.477674,5.58486,28.307358,885.50665,1080.7355,-9.559722,1896.7396,782.93555,-20.073515,3001.4763,536.4886,-22.65245
1.7363194,-15.129947,23.951942,0.019999547,-0.013613664,2.7134988,23.127144,10.913453,15.032311,2.7125628,14.581669,0.6623253,0.7071242,-5.8608375,6.4150834,28.249933,891.15546,1181.6117,-17.05939,1869.0317,869.27386,-29.616537,3044.72,611.1707,-31.582407
1.6963147,-17.1701,28.099081,-0.0071294303,-0.017130725,3.4337204,25.955248,13.291165,13.649227,2.0669675,14.496292,0.6623253,0.7071242,-6.500223,6.190735,23.785738,831.483,1418.2623,-19.139437,1867.2416,982.054,-31.278137,3036.4563,716.0833,-31.388285
1.555831,-18.65787,30.53203,-0.03860568,-0.021072524,3.1879952,25.969666,15.818875,10.547097,1.0766205,14.3657,0.6623253,0.7071242,-10.696519,4.6346803,21.351618,577.91315,1506.4418,-12.502084,1500.6442,1135.1676,-27.593048,2618.0945,671.1555,-30.031206
1.3963486,-20.571905,30.062082,-0.0539102,-0.027058586,2.8951733,27.022314,16.748726,8.932235,0.18868001,14.228778,0.6623253,0.7071242,-11.921944,2.463332,19.41922,595.5693,1396.9062,-9.936769,1501.7491,1097.7196,-26.925009,2595.8997,589.25397,-27.297052
1.2755479,-21.623327,27.333147,-0.06167343,-0.03373888,2.768135,28.071861,18.03856,8.902371,0.5725216,14.077489,0.6623253,0.7071242,-10.829974,0.45660114,19.213459,404.1185,1361.9716,-3.7171738,1276.0939,1409.1182,-25.718592,2194.2751,750.8992,-26.324854
1.2513747,-21.198668,24.500076,-0.04942295,-0.039195467,2.1346302,28.301147,16.579369,12.072334,-2.116361,13.992684,0.6623253,0.7071242,-8.39143,-0.3505156,18.317638,433.50992,1307.2714,-69.81133,1399.9893,1592.14,-85.887474,2186.5046,863.2402,-84.0783
1.1787368,-20.614693,23.523544,-0.042425662,-0.041698698,1.9661341,29.100649,15.640597,15.209999,-4.12517,0.0,0.0,0.0,0.0,0.0,0.0,445.47046,1334.3422,-135.96313,1437.3146,1775.6646,-143.34651,2191.8804,874.8738,-142.42134
1.0692452,-21.952562,26.76819,-0.05420437,-0.041842993,1.3794929,30.21097,13.69724,17.544704,-3.701646,0.0,0.0,0.0,0.0,0.0,0.0,469.73828,1250.6562,-137.40697,1607.3041,1426.889,-142.18434,2224.6475,2310.4768,-141.24257
0.950731,-21.363953,26.156374,-0.061059564,-0.03922523,1.026532,30.148077,10.824737,19.087097,-2.4080272,13.875638,0.0,0.0,-6.116285,-98.293846,-82.24417,470.65347,1219.1315,-73.42309,1659.5747,1416.5815,-84.35888,2152.4517,2355.7402,-81.457436
0.875377,-20.439827,25.154037,-0.065022625,-0.036952626,0.7163314,29.328491,9.038566,20.559011,-1.028451,13.440056,0.0,0.0,-7.8939805,-66.90186,-48.784016,471.1322,1166.5714,-5.6952705,1721.7139,1358.0142,-21.200686,2113.4182,2413.4026,-18.668724
0.84966666,-18.142292,20.873793,-0.047640428,-0.03778801,0.63079697,28.169306,7.5480084,20.046766,-5.8113847,14.930839,0.0,4.362805,-10.80358,64.91362,21.851034,459.62503,1112.5482,0.2975235,1644.728,1717.1908,-17.276466,2056.2498,917.3122,-16.587166
0.81684566,-15.963824,17.87574,-0.026631275,-0.03654167,0.5783945,25.852869,7.6428432,15.155927,-7.120493,14.955479,0.0,4.362805,-11.88927,132.62737,30.427444,456.13184,1089.8428,4.0334296,1576.2362,1588.7705,-12.797572,2136.2246,836.22955,-17.147003
1.1278778,-16.040068,20.805996,-0.003348831,-0.033673596,1.6072779,24.275812,13.759483,4.9954433,-5.925696,15.445732,0.0,4.362805,-10.470908,136.32849,36.8651,431.0569,1216.2303,-1.5148541,1476.8672,1489.3003,-18.841059,2257.2148,859.53595,-24.397867
1.3008223,-20.766779,30.06156,-0.0027457988,-0.03310499,2.792303,26.338648,23.226938,-0.051973063,0.48592362,14.426604,0.0,4.362805,-6.7724433,71.53543,36.040253,561.4136,1258.982,-15.053065,1614.9742,1211.9291,-26.074661,2730.4348,959.47614,-30.173386
1.4169683,-24.66661,36.987507,-0.02694186,-0.026311347,3.7959898,25.327642,29.886496,3.3624716,7.612923,14.556415,0.0,4.362805,-3.8302777,5.9740543,32.636417,739.1487,1235.9875,-27.235327,1846.5748,1010.75775,-33.72675,3062.9255,860.6496,-34.173904
1.2870091,-24.734627,35.23578,-0.06375202,-0.024544373,3.7231433,22.899237,28.330954,14.530357,13.061023,14.591423,0.0,4.362805,-1.8173591,4.4853787,28.920242,725.1745,1236.8817,-27.282814,1999.7373,926.0809,-35.785034,2937.5007,1231.5834,-33.891026
1.234562,-23.722052,33.45711,-0.08009712,-0.019029116,3.2489178,20.180115,23.804705,21.37538,12.937276,16.556581,0.0,4.362805,-1.9757103,7.023954,27.128904,771.8387,1389.5472,-25.972563,2001.728,799.23413,-33.064747,2868.445,1007.3549,-33.22338
1.2252613,-23.464737,31.242498,-0.08846488,-0.018822799,3.151179,20.781588,20.756994,24.618479,11.30111,18.82506,0.0,2.9185498,-2.018626,12.078606,27.651361,716.70575,1642.7281,-20.757751,1901.515,803.70996,-27.069326,2835.5693,992.7851,-30.97775
1.2382232,-23.728327,32.13355,-0.07815262,-0.02018705,3.1598685,23.373346,18.689865,25.841879,10.289925,21.27749,0.7705777,1.4742948,-1.1943117,17.6819,27.29232,711.2005,1611.2965,-16.629969,1842.5908,797.08014,-20.502153,2854.071,755.5633,-25.174873
1.3639212,-20.19913,27.294678,-0.07141813,-0.0189574,3.1026506,21.493383,16.535156,26.306633,13.274518,21.347544,0.5406808,0.028401641,0.28720164,21.490822,26.300898,396.07175,1564.1935,-10.48177,1588.3363,784.69257,-17.886736,2491.0564,880.1162,-18.926483
1.4941058,-16.084646,23.353851,-0.048910964,-0.022642964,2.586239,19.896034,12.506076,23.075737,11.435252,21.313404,0.29697633,0.4544696,0.52778876,24.069193,23.709711,237.67387,1439.1635,0.0,1456.9725,861.73315,-15.700446,2200.9148,1111.8285,-13.755336
1.558431,-14.014035,21.202047,-0.042939495,-0.02093879,1.8027186,18.208786,11.450439,19.399385,8.443707,21.113945,0.04300425,0.5603675,-0.43355808,26.668772,22.955284,256.85965,1350.6627,4.0402627,1419.068,806.5628,-14.506218,2234.7468,955.2111,-12.602318
1.5887256,-13.366275,20.624863,-0.041601244,-0.021376612,1.1199598,20.550568,8.878525,16.407455,5.556271,21.249905,0.020026296,0.61530036,-2.3148506,25.8924,22.392687,370.85022,1209.1936,4.3255887,1441.622,869.68024,-11.953808,2262.6628,935.4541,-12.629453
1.674347,-12.61277,20.966734,-0.029737838,-0.01943087,1.1292847,23.321152,6.26736,9.561258,3.4297915,21.293585,0.012333852,0.1938278,-3.4625108,22.785078,19.102762,402.21158,1082.9437,5.1993594,1412.709,878.3337,-11.450554,2240.3455,812.76495,-10.077469
1.6251692,-12.327705,20.616152,-0.025424978,-0.022651687,1.1536665,25.659067,3.2156563,6.197329,3.7164326,21.37227,0.022805294,0.11431863,-3.4586878,16.094374,17.4748,420.93967,1041.0219,5.887014,1406.8497,902.47345,-10.260022,2247.1545,830.11456,-9.422799
1.5668505,-10.560565,18.914902,-0.0052845976,-0.021706784,1.4214138,24.980898,-0.08871206,1.9196295,4.0601254,21.165073,0.032179527,0.0874129,-2.1911664,10.866631,15.214653,404.4204,1089.918,6.272663,1384.4801,886.45514,-10.265807,2254.18,861.6473,-7.7052274
1.4958391,-9.7920885,17.840439,-0.012804042,-0.020666664,1.2562941,23.947977,-0.0041315355,7.341564,7.792764,21.068958,0.040075846,0.10920622,-1.6594642,10.947502,16.173544,394.2413,1141.2607,5.935661,1392.1647,844.20215,-10.243454,2299.7432,913.84454,-8.943496
1.5324973,-7.9158216,14.767861,-0.0029766366,-0.017572487,1.2217762,21.610617,-1.6112527,9.661864,10.460243,21.013788,0.038610246,0.90080076,-1.91108,15.345418,15.917743,341.98965,1287.7256,-0.61660767,1376.1893,821.0559,-10.78619,2305.4084,879.5308,-8.733411
1.5822426,-7.6321845,14.091796,-0.017492486,-0.01747345,1.0220002,20.345535,-0.2463096,13.994687,12.759435,20.992796,0.02554932,1.6380854,-2.1372697,18.226744,17.05753,353.62363,1260.5542,-1.2909636,1398.2323,766.7732,-11.441269,2338.8865,852.61017,-9.847401
1.5699143,-7.1813717,11.615941,-0.01620741,-0.018925987,1.0199152,18.045038,1.3613023,12.573967,15.008702,20.998537,0.012488395,2.37537,-1.4166183,17.688128,18.172913,333.77612,1347.7909,-1.723725,1391.9989,793.97266,-13.020831,2339.8516,875.38837,-10.852269
1.4566244,-9.063567,13.853948,-0.030753514,-0.020385897,1.1384052,18.86237,5.418058,10.9677305,19.300055,21.016264,0.0008930696,2.3210602,-0.42934576,16.434378,20.439432,366.2036,1312.7257,3.5595338,1410.5624,881.2016,-15.645978,2293.5266,972.62524,-13.515613
1.2650446,-10.853386,14.739276,-0.023540668,-0.018372932,1.2017068,20.017776,7.9820404,8.660346,23.73104,21.024002,0.0019378113,2.8524103,0.4251132,16.611988,23.698189,350.63562,1393.7496,3.1553524,1414.1768,1016.2956,-17.586796,2224.0066,1113.4865,-17.347008
1.0727179,-14.451706,18.902449,-0.030143654,-0.015353809,1.1375877,23.385757,11.863271,9.675905,27.31312,21.02772,0.0066138306,2.8681657,0.7674842,17.390604,26.085396,336.62552,1447.5287,-2.0605135,1390.3785,1156.2574,-17.445597,2146.4055,1064.8492,-19.826376
0.9201431,-16.529459,20.655413,-0.023460979,-0.01223063,0.9770541,25.491327,14.13974,7.355475,26.516882,21.02162,0.011338857,2.561694,1.096392,19.286413,26.547056,336.81113,1448.9946,-1.6072077,1350.3053,1197.7745,-15.911164,2148.9648,971.16754,-19.82029
0.8402312,-18.439817,24.25699,-0.03050077,-0.013770614,0.83556813,28.518517,14.61572,8.445424,20.481009,21.010656,0.014845885,1.2956231,1.4618248,21.416342,25.65171,314.56467,1555.6914,-8.05244,1276.2163,1266.5585,-14.61721,2186.417,903.71356,-18.595505
0.7946112,-18.551083,25.08962,-0.027265541,-0.015988933,0.7125647,30.54754,12.589934,9.069401,13.218593,21.009462,0.014808265,0.54514694,1.5556351,22.108576,25.02156,332.8617,1513.3374,-3.720023,1255.6437,1245.5294,-15.273267,2220.9062,898.574,-18.73832
0.7692321,-17.949247,25.909483,-0.009994318,-0.016941411,0.5371662,31.825132,9.055625,11.385658,8.051246,21.00657,0.0,0.8757424,1.6830536,20.902018,25.793734,315.50076,1580.1705,-4.921951,1225.871,1248.9476,-16.811796,2235.0247,903.5324,-20.658281
0.76254386,-18.146929,24.750847,-0.010048325,-0.016275663,0.4663212,32.164276,8.96741,12.0456915,8.9092865,21.00284,0.011135031,1.6383934,1.7782828,19.06703,27.000824,344.11484,1462.2572,0.7017072,1236.7484,1190.3033,-18.304052,2210.9927,803.2906,-22.880333
0.7495985,-17.97531,24.445608,-0.002007441,-0.013530719,0.4495945,32.626774,7.4416776,13.67144,9.300846,21.000574,0.0126378955,2.086839,2.2168665,18.449358,29.646673,573.2674,1501.5464,-3.8396442,1504.3676,1121.2231,-19.199684,2506.005,768.0991,-25.879715
0.73178786,-19.097061,24.742846,-0.026386335,-0.013029985,0.5100295,34.691833,6.8741736,17.770529,11.313302,21.006805,0.014236681,1.7241396,2.2360954,19.832552,29.245047,584.0333,1529.9327,-4.0078073,1546.6508,1239.0355,-19.56729,2469.6462,879.8361,-25.576904
0.70934373,-18.462845,25.261702,-0.025110984,-0.013951032,0.50383973,35.34513,4.506034,19.695034,8.818287,21.018053,0.014776137,1.3729001,2.3540103,21.681997,28.551119,763.8113,1517.5482,-8.122796,1757.582,1239.3701,-20.241232,2673.2249,931.1123,-24.751846
0.69585866,-19.350737,26.295183,-0.036966737,-0.013558657,0.58538264,36.333305,4.2266593,22.921923,9.547135,20.976816,0.012636733,0.9203064,1.6883116,20.95346,28.533186,784.8444,1503.4727,-7.65626,1762.0524,1221.2771,-22.773165,2721.1682,1000.9183,-23.890799
0.69758767,-18.404795,25.810522,-0.032320056,-0.012105069,0.61311924,33.9814,5.56851,19.184908,7.4707217,20.867636,0.009506367,0.6996582,0.08206105,17.795961,31.463564,1015.7658,1490.5416,-11.788243,2044.3456,1108.578,-23.866163,3067.86,1067.7911,-25.27443
0.7432361,-19.618654,26.8013,-0.03858394,-0.013288904,0.66065943,28.622704,14.9962225,14.39421,9.392631,20.666994,0.007801468,1.0052096,-3.1124306,77.04232,34.243225,1075.6857,1530.775,-12.215599,2173.5383,975.59174,-24.86799,3261.72,1060.1685,-26.348814
0.8927765,-16.741589,21.803282,-0.03366898,-0.016402049,0.65151983,18.551752,24.356207,5.691219,7.9801307,19.148361,0.007277982,1.7263206,-7.9744897,138.41109,35.34323,1099.6898,1534.5902,-11.779846,2213.0095,916.34674,-21.730581,3270.121,817.04346,-24.59732
1.2625852,-15.811432,22.468225,-0.028122045,-0.018339962,1.3855339,16.215965,27.588343,-0.714935,8.170672,18.120283,0.007654963,2.267786,-13.239766,137.74207,33.835194,850.2873,1555.8148,-13.530742,1891.6646,915.0662,-24.124655,2969.879,741.9258,-26.132631
1.4957471,-16.881762,26.249979,-0.02153982,-0.022836292,2.4379916,21.558197,24.416862,-1.3178147,7.8379426,17.163307,0.007654963,2.267786,-11.391312,73.86968,31.875673,590.8132,1636.231,-16.034037,1516.7264,1100.1455,-26.005875,2567.5708,802.0252,-29.634369
1.6578068,-19.511068,31.739012,-0.035905484,-0.024990492,3.4571316,25.86142,18.295427,3.911007,9.549076,18.04444,0.007654963,2.267786,-6.493365,8.589632,28.718597,312.23782,1612.1818,-18.898148,1248.984,1247.4926,-32.229763,2197.11,1018.45996,-35.92212
1.4288985,-22.966347,35.641224,-0.06726039,-0.028454289,3.7356308,27.817726,16.92327,13.101102,9.896199,18.996708,0.038249522,1.5256481,-0.32960066,3.9462845,25.854279,342.14743,1560.6891,-18.720505,1318.9296,1327.621,-33.778862,2218.2087,1063.9677,-39.455822
1.2303277,-24.887543,35.64047,-0.09208504,-0.022745157,3.1027262,27.8591,13.914825,20.172417,11.502978,20.26796,0.06884408,0.7835102,-0.96494776,1.7445701,23.441269,538.7361,1353.3431,-19.286577,1584.2247,1173.5239,-36.438423,2486.7163,978.6442,-39.58633
1.066804,-27.31064,38.460857,-0.08203557,-0.022320196,2.7484214,33.78557,15.53485,18.598948,7.403982,21.26121,0.09943864,0.04137219,-2.0422838,2.4572122,23.329132,732.6133,1368.2744,-19.588049,1852.0654,1136.3385,-34.825443,2949.423,920.7476,-38.342793
1.098052,-26.988863,38.03364,-0.06629213,-0.022304622,2.3462963,36.328526,15.782863,14.142185,5.250775,21.750887,0.11364154,0.030059418,-2.1833818,6.5329995,23.14902,684.90405,1489.7578,-15.5098295,1735.516,1067.9805,-27.384817,2953.3809,791.63745,-33.102818
1.2141082,-23.182104,34.481,-0.052856345,-0.026432315,2.4297495,35.3881,17.40341,7.249292,1.0879604,21.893686,0.12784445,0.01874664,-0.90153974,9.562776,23.848417,737.356,1625.1342,-10.829052,1916.3622,1088.685,-21.816236,3249.9246,1586.7504,-28.625427
1.283118,-18.690666,30.275316,-0.04123312,-0.025985114,2.2460015,31.631124,15.344738,3.262822,-2.2968273,19.453665,0.19756627,0.5425782,-1.1261476,4.7427464,19.632376,558.0761,1522.8094,-4.850525,1592.1864,1040.2386,-15.950774,2854.7285,1554.2885,-23.400358
1.3576432,-14.141845,25.62358,-0.027761327,-0.020591237,1.7275405,27.870695,12.89862,0.6908577,-2.1234806,16.946852,0.22532573,1.0777225,-2.7076461,-64.80495,-46.73653,597.538,1357.0244,-4.9966025,1637.1781,971.0467,-18.88011,2851.7214,1519.569,-22.098715
1.37406,-12.82193,22.181608,-0.019342693,-0.014829263,1.3308309,24.073267,11.891265,3.352616,-1.5154033,14.129684,0.0,1.2780046,-5.753002,-72.19263,-50.325806,378.7096,1259.8319,-4.0536723,1251.3102,1023.1682,-19.459501,2328.9844,667.23,-22.393707
1.3648424,-13.773515,21.632906,-0.042188648,-0.01094846,1.0663894,19.509209,16.721281,10.292188,2.4927263,16.252127,0.018656498,0.9431424,-6.9729066,-67.53178,-47.122803,350.68948,1392.7095,-5.394562,1306.3234,1220.7838,-20.726645,2291.952,601.337,-22.7068
1.4609586,-11.593604,15.821136,-0.053163458,-0.0105577065,1.2119452,9.577753,24.369972,14.843661,1.412186,18.462791,0.018656498,0.6082803,-7.520649,0.55644244,17.83727,343.30087,1396.3584,-4.5145664,1458.2203,1072.5529,-19.01225,2343.6897,380.36438,-20.808922
1.5912846,-7.833235,12.170766,-0.050868127,-0.013043662,1.1511105,0.73300123,31.220016,13.632664,-0.21464641,21.024492,0.018656498,0.6082803,-7.0993733,6.0916214,19.529114,337.78564,1367.7217,-3.787501,1575.0289,854.2676,-16.502504,2413.967,236.90297,-18.724566
1.6599283,-3.3415234,6.836182,-0.024060756,-0.014648574,0.9645433,-4.651505,33.20663,7.9270825,-1.976669,21.032734,0.018656498,0.6082803,-6.843653,6.7029138,14.664485,725.566,1355.8973,-7.2189517,1876.6791,423.87363,-16.703812,2660.8088,332.63596,-14.025456
1.5715946,-2.432281,6.9687195,-0.0029172718,-0.014871982,0.7484722,-4.869751,33.866924,6.9753838,-3.9232311,21.028234,0.018656498,0.6082803,-6.620357,8.612184,16.25469,733.66266,1291.6254,-7.694243,1867.7877,452.2679,-16.794031,2594.4495,393.53525,-15.126381
1.5232153,-0.9243968,4.926327,0.0024074048,-0.010891651,0.68830067,-5.829984,33.247845,7.74383,-5.779999,21.025217,0.018656498,0.6082803,-5.9583592,10.690616,13.776252,1092.6908,1456.5122,-12.026974,1982.7926,367.1741,-17.959671,2809.6826,592.09125,-11.811657
1.5625108,-0.29090843,4.306557,0.015632847,-0.011780899,0.6819957,-6.1668243,34.170498,8.679833,-6.52137,21.018015,0.018656498,0.6082803,-5.596639,11.815644,18.003666,715.4663,1342.9272,-8.280094,1748.3871,477.56384,-17.14624,2619.3357,463.68845,-15.391346
1.6072909,0.37121478,2.851117,0.017305976,-0.011938841,0.6938016,-6.8024464,35.20889,6.785932,-5.2435327,21.009844,0.018656498,0.6082803,-5.594351,11.190831,17.79516,717.0574,1340.1337,-8.864597,1748.3605,478.72507,-17.282385,2676.4436,395.1028,-15.216007
1.5551604,-1.6229137,5.8959002,0.022113478,-0.013762437,0.71107584,-4.619373,35.095974,4.961525,-3.2247093,21.020182,0.018656498,0.6082803,-5.1705127,9.488606,21.29502,343.34445,1206.8954,-5.546421,1569.5995,652.3803,-16.918518,2468.2107,173.05104,-19.34918
1.5024999,-2.9158566,7.6490884,-0.00415252,-0.010910634,0.6794143,-4.0205526,33.466076,5.0825233,-1.6925281,21.048367,0.018656498,0.6082803,-4.8279014,7.81556,19.96844,689.50214,1257.6046,-10.438412,1819.7793,550.1999,-18.084295,2690.6445,359.36044,-18.854284
1.4492759,-3.6535683,7.826727,-0.008090224,-0.012354876,0.61826164,-2.23782,31.111925,5.5521646,-3.8297033,21.06737,0.018656498,0.6082803,-3.3442442,6.9918694,20.887213,689.1384,1776.1671,-10.218635,1903.6859,577.2941,-19.29405,2819.5466,351.93033,-20.16448
1.3635368,-5.755314,9.956964,-0.019769333,-0.013015345,0.63318,-0.18876441,31.02575,6.194233,-3.6917238,21.059443,0.018656498,0.6082803,-2.039995,6.736696,21.182934,696.2642,1872.0444,-9.727981,1899.2036,839.2034,-19.708448,2755.8665,501.45346,-20.357
1.1475776,-8.445588,11.593536,-0.009408587,-0.015156965,0.6716717,5.086532,27.361315,8.585976,-1.1790886,21.03771,0.16227432,1.6486877,-0.45288262,6.6802087,23.252409,354.53342,1812.9371,-4.996399,1600.1097,993.8543,-19.355944,2529.8525,392.11417,-21.798552
0.9360787,-13.257953,18.538267,-0.018452695,-0.016987147,0.7106118,12.320488,22.74911,10.595781,5.733528,21.026434,0.1573433,1.8942453,0.22702438,7.2125115,23.034414,359.97192,1326.087,-4.648908,1454.5791,1050.8231,-18.887741,2442.3694,668.00073,-20.500433
0.80731964,-14.39289,18.612413,-0.012673098,-0.020631908,0.6354533,16.751131,18.006819,12.582107,5.820133,20.984056,0.15254174,2.2229242,-0.50909764,8.120236,23.632568,373.86072,1160.4948,-2.6534693,1454.806,809.68805,-18.968132,2480.8955,658.5654,-19.382288
0.7838185,-15.960254,22.094587,-0.018770227,-0.024008425,0.55809087,19.516068,17.427284,14.324986,4.7738304,20.872984,0.0040576356,1.5111957,-2.6553838,9.186652,24.151695,378.89926,1159.1055,-2.3907397,1457.9054,854.5449,-17.762228,2478.1465,713.54755,-17.635386
0.8648718,-13.189399,18.267763,-0.010290184,-0.023459068,0.5333251,15.2967415,18.151487,17.146626,-1.0397933,20.472641,0.0,1.6465749,-4.662117,9.198825,25.082214,370.85596,1117.0511,3.497228,1545.0898,642.53656,-14.574937,2445.1123,916.2002,-16.500818
0.97302055,-12.93087,20.162134,-0.0072146268,-0.020459695,0.6143307,13.135868,20.824308,14.770459,-0.48630825,25.229197,0.006045538,1.6988326,-3.097769,11.413402,24.979658,304.05188,1368.8314,4.753517,1478.0555,860.9881,-10.908088,2368.969,1019.36115,-16.024504
1.1770383,-13.65712,22.18878,0.014764883,-0.015666842,1.2343669,14.381238,21.624405,10.595649,-1.2049739,30.098557,0.0060455375,1.7510905,-2.2381241,11.582855,22.55517,308.06418,1338.6382,0.0,1439.6567,854.0725,-5.3545227,2365.239,1019.44464,-12.528886
1.3846264,-16.195953,27.475458,0.03876486,-0.011533718,1.5679623,16.086527,22.908747,3.425173,2.4354427,35.233444,0.006045538,1.7510905,-0.5028918,13.293888,20.557041,635.4521,1314.61,-94.334496,1629.1749,1158.629,-69.23218,2659.3984,636.63684,-74.0796
2.0994473,-11.772065,24.463118,0.054720048,-0.0038409077,2.2657588,14.87803,12.652776,-5.009529,-1.1487011,0.0,0.0,0.0,0.0,0.0,0.0,904.9785,984.32324,-129.88966,1889.5348,923.4886,-133.47925,3011.6543,421.97208,-135.77556
2.6864417,-5.4057155,16.302744,0.07763464,-0.001588331,2.0911763,8.8363495,3.6007452,-10.614238,-4.82271,0.0,0.0,0.0,0.0,0.0,0.0,1102.8169,884.462,-201.0,2099.8274,862.2996,-201.0,3244.9336,295.1227,-201.0
2.926054,0.5903267,10.739914,0.059877213,0.0014023073,2.2044804,6.6740003,-3.913943,-11.365406,-4.2810693,0.0,0.0,0.0,0.0,0.0,0.0,940.18115,856.6658,-201.0,2016.2845,696.4216,-201.0,3183.1904,343.43246,-201.0
2.8326519,0.7456688,8.661431,0.051147435,0.0017478642,1.960967,6.362322,-4.4607434,-7.06368,0.57601756,0.0,0.0,0.0,0.0,0.0,0.0,775.78125,897.25116,-201.0,1868.1779,809.7884,-201.0,2862.1355,890.7382,-201.0
2.7001333,0.43386188,9.025046,0.029538848,0.0015444973,1.9516102,9.254941,-4.2775564,-5.53787,3.6710918,0.0,0.0,0.0,0.0,0.0,0.0,747.27435,990.9409,-201.0,1887.3639,797.95074,-201.0,2895.1384,961.3842,-201.0
2.4928715,-1.5485893,8.586384,0.017625235,-0.001619283,1.9435085,12.200424,-4.983164,-3.4672873,0.53175586,0.0,0.0,0.0,0.0,0.0,0.0,667.178,1079.0638,-201.0,1617.6158,1506.8491,-201.0,2531.7744,1124.9998,-201.0
1.9536991,-4.6900096,11.877617,0.0068289326,-0.0067510046,1.5805229,15.870811,-1.8195215,1.9110028,-1.4682875,0.0,0.0,0.0,0.0,0.0,0.0,646.0851,1140.8622,-131.55551,1541.3763,1478.1136,-137.92111,2565.3674,722.56006,-141.91785
1.4856958,-7.080073,14.642342,-0.016733542,-0.0053587533,1.1086,17.446548,0.5613391,6.2918677,0.61056775,32.75028,0.0,0.0,3.3286023,16.287537,29.747242,499.29776,1194.0453,-62.3933,1302.0082,1633.0106,-75.62059,2257.9268,811.6912,-82.2248
1.3905773,-10.61119,17.990608,-0.002398368,-0.0116523765,0.98932916,20.36688,3.0916398,9.004041,-2.816082,32.541344,0.0,0.0,3.8681862,13.752648,27.608797,642.7505,1272.9156,-1.9149628,1622.1113,1017.3851,-16.674051,2606.9639,772.763,-21.826643
1.4294852,-14.034909,21.11759,0.025181092,-0.016054744,1.0678831,23.178858,5.64827,9.025867,-4.9301167,32.233494,0.0,0.0,4.608684,8.999792,24.962914,815.95905,1401.3624,-8.519338,1881.294,1012.3116,-22.006216,2815.37,822.1045,-21.022455
1.4537884,-16.400164,22.741129,0.042854074,-0.025247259,1.4870285,25.735651,8.207879,10.62165,-7.765347,31.982416,0.0,0.0,4.100267,4.1582985,23.699343,947.62164,1484.9115,-13.354279,2082.448,992.8858,-24.0959,3021.928,816.3962,-21.391996
1.4453827,-16.02828,22.894964,0.035747886,-0.028007314,1.4090973,26.466293,8.90743,6.1395106,-7.643074,31.84604,0.02650147,1.6356103,3.3016074,0.94028234,23.430643,719.6325,1547.5243,-5.8377633,1760.0591,1167.7385,-17.596285,2727.0984,978.35767,-21.3039
1.436622,-13.507478,21.643938,0.0025239978,-0.03029616,1.2941182,27.260965,9.342491,3.5029309,-6.9308777,31.677107,0.020575741,1.4627856,2.1617694,-0.7500736,23.280115,520.86554,1533.1797,0.28347984,1445.1439,1224.0409,-8.784301,2541.859,931.13336,-19.794807
1.4793515,-11.102023,21.758636,-0.005371163,-0.027496846,1.0788612,27.87011,8.16521,-2.9021502,-9.690768,31.478922,0.012362712,1.2321181,1.1036574,-1.448985,22.044334,600.97076,1431.4757,2.2205708,1650.6459,1130.3025,-7.3070703,2725.185,1392.6603,-17.430248
1.4489475,-9.522638,22.50415,-0.015050373,-0.022559144,1.0651665,27.922638,6.2164116,-5.3812356,-11.002652,31.22315,0.0039702724,1.0441393,0.60747975,-1.2216107,22.723495,606.2224,1280.6454,1.67799,1653.7758,929.417,-9.2172,2822.222,1141.2711,-18.651993
1.4486837,-8.190184,21.81859,-0.0010152297,-0.020266091,1.0556169,26.710463,2.2361343,-10.083589,-12.727867,30.957666,0.011952854,1.4402322,1.0961026,-0.26016155,25.056444,851.6016,1212.3181,-2.910941,2010.9711,959.89545,-14.914134,3055.4382,1226.768,-22.340612
1.4380533,-9.665516,21.570358,-0.0048490744,-0.021755679,1.086006,27.096033,1.908927,-8.594874,-10.950309,30.713892,0.024125895,1.5304712,1.8849497,0.6947692,24.25383,624.9955,1283.3916,-0.23816426,1588.9271,1137.2303,-9.8763485,2624.3562,835.08984,-21.258734
1.4736313,-10.715321,22.44052,-0.002061618,-0.021196598,0.9470794,28.221548,3.1366093,-6.504415,-6.1668396,30.5167,0.037628334,1.478155,2.380618,1.2970678,23.633162,853.9844,1478.3115,0.33759037,1818.1041,1239.004,-10.128742,2874.0774,859.1988,-18.674002
1.440574,-11.561829,22.726725,0.0022689372,-0.022167137,0.9570551,29.003952,5.247027,-4.793636,-5.517624,30.37449,0.03981891,0.80198795,2.4431293,1.4044356,21.873114,605.916,1516.8646,4.1008186,1479.6168,1178.1862,-3.7887917,2632.9338,875.1872,-16.383986
1.4539663,-9.708424,23.236017,0.009597011,-0.020706834,0.87452006,27.580666,4.932998,-7.879883,-3.9014604,30.252037,0.02846275,0.91989756,2.4032257,1.4283379,20.835772,530.8331,1608.4756,3.2455313,1452.722,1092.2365,-3.63445,2662.275,876.0457,-16.445507
1.488184,-8.118224,22.562025,0.030556351,-0.019985534,0.8791539,27.49972,4.5231566,-9.785464,-2.534298,30.145075,0.016332043,0.9268754,2.5886214,1.4961687,25.335602,565.55646,1376.4164,0.0,1552.5137,1042.0096,-3.7919846,2674.061,928.551,-21.701963
1.5234088,-7.2929482,24.681654,0.022475421,-0.017852241,0.89084464,28.695227,4.913715,-8.881272,0.37421545,30.04986,0.0038076406,0.90303236,2.9323304,1.5361024,27.81806,535.23004,1516.4132,4.873494,1533.1289,1087.5408,-2.327801,2630.8535,1013.03156,-22.62915
1.4934498,-7.4673862,25.722311,0.037739772,-0.018581053,1.0441397,30.61748,5.9643073,-9.15876,-1.7775115,29.93251,0.004255751,0.6397824,3.2291021,1.3342103,31.7676,845.0046,1379.6022,7.5148635,1802.5841,1227.7615,-5.244243,2927.6145,864.5166,-21.987465
1.4369265,-7.34141,24.918703,0.03283637,-0.019108003,0.9613164,31.262644,5.870664,-7.7129254,-6.002483,29.776724,0.0041877255,0.9494924,3.177375,1.084195,28.118723,845.24274,1392.6147,6.9953456,1802.6783,1377.1084,-8.401875,2862.5938,771.2989,-18.203905
1.4353946,-6.445423,22.298727,0.049416084,-0.01469034,0.8662216,30.447716,4.4030147,-8.166686,-9.408822,29.601965,0.0048944056,1.1294224,3.0530386,0.870145,25.972046,864.2617,1274.1051,5.268535,1802.8105,1303.8959,-11.136001,2927.3298,590.89825,-17.784037
1.425828,-7.301636,22.12586,0.03604353,-0.012637789,0.73747444,31.009085,5.639662,-6.2461143,-9.329189,29.465765,0.0073264693,1.0968555,2.9541504,0.5790806,27.92543,617.68896,1277.6353,1.3007045,1542.6909,1117.943,-9.559915,2668.5154,704.3542,-24.86888
1.3990902,-8.061509,23.830688,0.0376688,-0.009957283,0.79684854,29.901733,6.6096206,-7.887193,-10.135353,29.400955,0.009002193,0.67574185,3.1362982,0.19143741,30.141302,308.3216,1424.2051,1.8932319,1192.9136,941.7966,-3.7344863,2439.0469,831.1983,-28.403997
1.3586731,-9.953143,26.583511,0.019297648,-0.014700982,1.0586666,30.868576,8.776763,-6.317635,-8.776151,29.384356,0.009417816,1.1820632,3.5312064,-0.1147,32.486687,325.59927,1416.8353,0.0,1199.6766,982.79034,-3.3825328,2388.203,946.72687,-30.69404
1.3187886,-9.188231,25.800436,0.021409398,-0.0111885965,1.1604121,29.77172,8.509225,-7.137853,-9.091179,29.398962,0.005952928,1.0631915,4.087767,-0.5196357,33.286423,309.33167,1445.7954,0.0,1187.9957,975.1927,-2.1924067,2358.5706,925.3907,-30.566902
1.3519462,-9.539763,25.507635,0.01587494,-0.0126696015,1.1783892,31.20534,9.409824,-4.0218186,-7.527988,29.43075,0.0040714704,0.89810735,4.3215575,-1.4237785,34.400627,343.39087,1366.9257,4.0850315,1199.5979,952.7067,-0.66588086,2369.438,921.3724,-30.657814
1.3670846,-9.07461,24.877813,0.02583158,-0.007024622,0.9153461,31.242523,8.721019,-3.618716,-6.704642,29.462091,0.008487669,0.60445017,4.0832286,-2.5369635,33.02849,312.0565,1408.1294,4.3659654,1189.0024,928.91864,0.33163705,2364.118,908.8836,-28.662523
1.3796906,-8.960065,25.613922,0.026851946,-0.011530444,0.7927382,31.151102,7.9460297,-3.188445,-7.211859,29.473406,0.014222205,0.53574985,3.7154906,-3.1053746,30.212072,308.7002,1408.8805,4.3402143,1196.6647,916.6849,-0.14715512,2458.7185,881.6768,-25.871859
1.3979181,-8.853596,25.61689,0.025975486,-0.010501359,0.6821346,26.55438,12.010108,-7.206759,-6.334105,29.468567,0.015475151,1.1654164,3.5217514,-3.1024685,27.073618,571.1097,1275.8224,1.2378436,1607.6016,859.44965,-9.7651415,2738.506,851.04083,-23.609056
1.4858732,-9.446168,22.081078,0.035256293,-0.017008608,0.7972601,21.152563,18.353292,-11.56812,-8.164354,29.450544,0.010405269,1.2694498,3.5511167,-3.2249467,25.755585,587.7808,1204.9781,-0.5356987,1611.5645,829.221,-12.337329,2798.7063,657.7741,-24.064566
1.5595881,-10.816781,20.559862,0.0329802,-0.016152328,0.7892396,17.16395,24.226622,-12.71749,-4.4535327,29.423218,0.00799795,1.3743372,3.6927917,-3.7465737,24.137758,574.79803,1247.999,-2.1859066,1598.8253,873.3296,-14.26738,2693.0369,644.6472,-24.096949
1.558021,-11.71095,20.258453,0.050834525,-0.018907005,0.8608338,17.211554,23.791138,-10.498479,-4.152581,29.366386,0.007161128,0.8104785,3.8844585,-4.256845,21.722052,295.82016,1388.5397,-0.7380994,1180.0205,928.6587,-7.5344205,2384.7246,550.0976,-22.46015
1.4767607,-12.285029,23.15782,0.0490512,-0.017030345,0.8019391,19.127928,21.547928,-5.6373596,-1.4558682,29.284456,0.006392441,0.78524417,3.9228067,-4.3360157,19.500328,302.56912,1414.0463,-0.5017416,1189.6471,971.549,-7.819732,2377.4734,611.49585,-20.00207
1.40954,-11.939221,22.409485,0.061387945,-0.014936432,0.8818419,21.498602,16.199902,-0.831894,-5.5410438,29.206331,0.0034143466,0.9774053,3.5930173,-4.3887386,17.360989,253.7234,1438.912,-0.07604241,1186.6378,931.67285,-7.372797,2462.6501,473.15897,-17.354599
1.3774022,-12.404256,20.895107,0.04989062,-0.0182988,0.9212151,24.629972,12.471196,4.4127736,-6.446607,29.172735,0.005048238,0.93598455,2.8864126,-4.659452,16.31533,246.43701,1514.8644,0.0,1185.9279,1023.68896,-6.5383506,2409.302,564.6025,-16.01903
1.364294,-12.254929,18.647104,0.043372575,-0.0218963,0.8300128,26.521235,9.043036,6.8022895,-8.391771,29.193237,0.012876723,0.40675125,2.3181818,-4.87059,16.39313,472.25595,1471.206,-2.2508383,1501.0371,943.84515,-9.433258,2646.7715,600.02936,-15.851949
1.3070931,-12.291344,19.507853,0.0315261,-0.023198932,0.80992955,26.451189,7.3689423,5.566486,-7.417708,29.251465,0.020060433,0.21067232,2.0472548,-4.537073,17.285925,787.551,1287.2704,-3.3091488,1846.9614,894.70197,-13.818748,2940.963,671.15265,-16.279997
1.279588,-11.98965,19.595354,0.025695408,-0.02106188,0.87346464,26.56156,6.394935,4.701733,-6.1578727,29.315428,0.026239851,0.6700334,2.0987842,-3.7103748,19.88481,799.5607,1288.8076,-3.0480983,1864.7095,914.6365,-14.439443,2966.9211,712.478,-18.617828
1.2424502,-12.00343,19.628431,0.022845535,-0.02172109,0.8660553,26.971947,5.8774376,4.8064322,-7.6953125,29.372152,0.022938011,1.247158,2.21256,-2.865797,21.71837,564.1236,1324.2654,-1.545426,1542.4014,974.98553,-11.979652,2698.5273,637.7342,-20.933374
1.261268,-12.503125,20.823778,0.021333994,-0.024916233,0.77526164,28.407524,5.528147,7.23457,-8.64141,29.40972,0.022209287,1.6107937,2.4921262,-2.1277666,23.298212,308.77502,1466.8223,-0.050264996,1241.0985,1073.8002,-8.755194,2392.195,810.68066,-23.348478
1.2556838,-12.998611,21.841446,0.0209302,-0.02262018,0.7630579,29.317968,6.071399,8.503386,-8.397576,29.417624,0.025494168,1.7735276,2.9709206,-1.4462272,22.844803,329.00525,1362.1218,-0.5339559,1252.4401,989.4079,-9.912389,2415.4705,792.73065,-23.37876
1.2544194,-13.209641,22.378752,0.023327032,-0.018803572,0.73269653,29.223688,5.444945,10.106829,-5.8515906,29.402512,0.0244013,1.4675093,3.3499434,-0.84536314,21.890116,337.64966,1366.4814,-0.16388734,1293.247,1016.4761,-10.367999,2415.3372,940.10834,-22.054003
1.2316804,-13.690522,21.487967,0.027709922,-0.017249262,0.6718903,28.861536,8.274642,11.443866,-3.0968678,29.386938,0.019200707,1.0763047,3.344164,-0.53907555,21.220026,349.63025,1361.3358,0.8582266,1276.1941,1024.5238,-10.137352,2411.374,818.14453,-20.3618
1.1952891,-13.695243,19.791245,0.019502318,-0.018781813,0.5537723,27.526548,8.961296,14.853958,-2.3903124,29.404633,0.008317056,1.1250182,2.940747,-0.25976896,22.817316,585.9457,1395.1217,-2.1670153,1582.5643,995.2928,-14.977582,2664.8682,858.56354,-20.770021
1.1832552,-13.905839,19.939985,0.039453495,-0.019576613,0.65896755,27.980337,10.552863,13.508237,-3.5389326,29.414454,0.00664356,0.85193163,2.7097397,0.49639544,25.77756,545.6715,1477.1328,-3.6081066,1520.3359,1021.3887,-15.20844,2598.296,784.6507,-22.757193
1.1627817,-13.35307,21.23389,0.045121375,-0.014908925,0.7005601,27.869593,9.879585,12.1156,-5.1578503,29.367714,0.011474549,1.5966486,2.6100578,1.9752344,27.83429,539.9721,1422.4813,0.0,1512.3784,942.6956,-16.896917,2616.7822,716.6408,-24.393652
1.1508791,-13.901984,23.383728,0.06394795,-0.015291214,0.72134,28.584381,10.171856,8.590931,-7.64543,29.140366,0.01339208,1.7644824,2.4588244,3.5581446,27.716604,294.97052,1431.3175,2.4053633,1198.2231,1011.1811,-15.05249,2358.8362,679.2546,-24.901566
1.1338984,-13.847608,25.007372,0.037500177,-0.012288392,0.7086551,28.949953,8.001632,8.862163,-3.2765636,28.6934,0.019683966,1.8052931,1.7183136,5.8971925,25.41359,324.33875,1373.9012,0.43084702,1254.7229,973.59894,-17.640182,2381.6853,768.8518,-24.982742
1.1151854,-14.48896,25.370285,0.032883283,-0.01445491,0.6900137,29.331995,6.751514,10.024869,0.22810626,28.413157,0.019164566,1.4468136,1.2657552,6.8844786,24.443085,330.52512,1397.6002,-67.69811,1306.1864,999.8587,-79.789375,2384.4119,927.58966,-83.9935
1.0432543,-14.566007,26.269674,0.0091024265,-0.01230511,0.7855573,28.072548,7.0238647,10.6220665,3.7401228,0.0,0.0,0.0,0.0,0.0,0.0,349.49588,1359.527,-65.53818,1350.5717,979.77686,-76.12417,2446.1477,894.7456,-82.04713
0.9741871,-13.529641,22.945198,0.007231183,-0.01600744,0.79686326,24.88819,8.267876,9.30656,2.3306503,18.727074,0.0,0.0,-2.1496677,13.061802,26.526596,371.66544,1313.2935,-60.326862,1373.3809,982.2038,-72.693245,2492.3923,832.71576,-78.453094
1.0169786,-14.680531,21.878382,-0.0030284412,-0.019179812,1.0993189,23.095953,12.909485,11.427521,2.6040964,18.716139,0.0,0.0,-1.2317791,12.73245,25.985067,378.17636,1262.7235,11.010678,1353.6549,994.00323,-8.98069,2427.9016,677.5892,-16.207392
1.1441981,-15.032059,22.148064,0.0022259718,-0.01975237,1.2848473,20.338995,16.455574,10.028527,4.369903,22.564386,0.0,0.0,0.79812974,14.949292,23.504938,352.285,1225.1427,8.413445,1344.3623,893.96436,-13.846927,2379.9424,611.58563,-16.505257
1.3057628,-15.646771,23.258835,0.013590623,-0.016202664,1.2592374,17.084164,19.445932,11.091685,5.964018,25.855799,0.0,3.0519755,1.6116096,14.710838,22.806173,293.35886,1244.0082,6.562293,1329.6022,787.07806,-20.36305,2364.1868,486.51855,-20.31398
1.3417565,-14.97237,22.614944,0.011499967,-0.016577346,1.0940181,14.929722,19.465227,13.161945,6.9375854,29.004906,0.0,3.0519755,1.9326473,15.600062,21.692642,275.56638,1294.9833,0.0,1391.8281,795.4732,-23.14274,2363.076,585.76373,-24.173258
1.288414,-14.926429,21.41304,0.0074372445,-0.020225978,0.93727654,14.230129,20.346184,18.00871,7.4551644,28.302704,0.0,2.0874667,1.0751909,14.960349,20.481861,290.2985,1259.7164,-4.279301,1456.3666,779.5515,-20.438587,2375.3616,578.356,-25.040583
1.1397988,-15.022392,22.637701,-0.0007445176,-0.028603429,1.0505413,17.659796,18.246256,20.183968,4.957079,28.116257,0.033333473,1.6052125,0.7926662,14.766445,18.995903,353.5139,1145.4226,0.0,1484.2798,794.4148,-78.06786,2386.3992,663.11444,-83.13116
1.0807953,-13.340938,21.801374,-0.01730506,-0.034306213,0.8742335,17.396738,14.738748,16.983877,4.846408,0.0,0.0,0.0,0.0,0.0,0.0,385.65598,1095.8883,-201.0,1461.6989,741.0864,-139.00073,2477.8447,750.9913,-141.51758
1.1809416,-9.741647,17.63495,-0.018909018,-0.0332163,0.67363167,12.449574,14.159592,11.448978,3.5265434,0.0,0.0,0.0,0.0,0.0,0.0,396.14005,1124.8475,-130.30031,1446.6437,756.71747,-134.71788,2469.6865,760.1175,-136.88715
1.2803854,-7.836435,14.288272,-0.039160896,-0.027709842,0.4792147,5.7885585,18.123205,7.306934,6.498055,14.678238,0.0,0.0,-14.486279,2.2778625,29.692198,406.99658,1131.609,-58.619488,1469.9486,709.0615,-67.96324,2498.448,708.5088,-72.45513
1.5796384,-9.217319,16.278893,1.3232231e-05,-0.02213536,1.3600092,6.950266,20.797897,1.7815455,5.5395856,15.267053,0.0,1.059952,-13.028782,5.3360558,29.429861,369.74146,1245.2322,3.163801,1415.8336,805.7173,-10.685802,2418.5833,669.91693,-14.407855
1.7292618,-14.207298,22.597227,0.008917908,-0.025365809,2.6335788,14.474549,22.072687,4.9198136,1.3766432,16.292494,0.0,1.059952,-10.367099,9.842796,29.149977,355.06064,1331.8091,-7.823897,1336.7809,965.91864,-22.589853,2493.494,706.2933,-21.068857
1.8777875,-16.757536,26.36648,0.027811365,-0.022154955,3.6640313,15.465733,25.703857,15.752571,-1.1174623,16.36921,0.0,1.059952,-4.8153543,10.671224,26.196379,791.75244,1515.8275,-25.80116,1514.0936,824.1951,-34.529278,2736.973,862.9505,-28.690125
1.7538724,-17.180532,25.639318,-0.036899477,-0.021914339,3.8445866,10.150289,30.555365,25.506144,-0.35456038,16.043615,0.0,1.059952,-2.222453,10.116134,25.803293,758.47095,1532.8042,-25.691566,1723.9281,468.55087,-35.89342,2624.9353,1330.9547,-30.824106
1.5551857,-17.63288,25.543167,-0.073204525,-0.015768403,3.516196,5.881167,30.908808,30.791666,8.092704,15.585776,0.0,1.059952,-5.9063015,7.92346,27.47021,1024.7291,1509.5688,-28.938118,1973.4584,187.42085,-34.403683,2820.6667,1291.0421,-32.530533
1.3959831,-20.286577,27.279654,-0.11201506,-0.015746724,3.258235,9.492211,27.255426,27.952356,13.601308,15.115341,0.0,1.059952,-13.210091,6.0936866,29.63452,535.20917,1854.5262,-17.514673,1902.2408,351.48502,-28.246347,2732.7317,1223.7965,-28.802221
1.2651466,-23.264685,30.550577,-0.09096704,-0.011758608,3.2303193,17.322435,23.720545,28.568762,17.549803,15.029666,0.0,1.059952,-14.300153,0.85847396,26.55603,572.7105,1885.559,-14.850643,1724.9476,863.9826,-25.555298,2816.161,768.4488,-26.491783
1.2437502,-23.020704,31.081049,-0.06876162,-0.011264939,2.779188,23.58344,19.53169,25.549042,17.67184,15.112141,0.0,1.059952,-9.833888,-3.075508,19.701311,318.4241,1860.6647,-4.9683247,1564.6754,1096.2793,-22.841665,2501.3887,1080.5267,-22.088053
1.2452977,-21.473854,30.147024,-0.03369716,-0.010976106,2.4556694,27.830935,16.71306,21.609312,17.336233,15.290942,0.0,1.059952,-2.046355,-7.167143,12.890334,354.91153,1387.8828,-3.3904011,1447.2933,1167.24,-23.885061,2347.8,1131.4957,-22.579355
1.2511153,-19.316095,26.551132,-0.03231209,-0.014030573,1.8090852,28.199072,13.767647,16.929466,17.411783,15.289677,0.0,1.0473094,-0.05063361,-7.8037543,9.959384,396.32724,1287.6539,-0.11132717,1515.9418,1024.497,-21.9271,2428.9998,1204.3805,-19.11618
1.2814487,-17.41964,22.018465,-0.028241498,-0.01714206,1.5755078,28.115046,11.215474,13.181457,16.919378,15.197047,0.012792754,1.1380388,0.16177253,-7.418325,10.406714,401.3868,1277.3121,3.8887374,1501.6171,1049.3574,-17.9726,2393.0908,1061.2135,-14.784813
1.3112069,-16.603539,19.096636,-0.020474473,-0.024756277,1.3582706,28.5263,8.661899,14.069552,13.145328,15.074239,0.012792754,1.2287683,-0.022383938,-7.0564895,9.601068,404.71524,1310.9515,6.729072,1544.9623,1108.2386,-14.808021,2323.918,1255.5635,-10.187137
1.3110868,-15.519511,18.647715,-0.000120148994,-0.023694748,1.1946405,29.023918,6.4399304,15.691986,10.7919235,14.948482,0.0,1.0280943,-0.88802165,-6.7341666,8.656002,367.10806,1392.5804,7.907658,1477.9066,1188.2139,-11.493617,2201.0447,1215.5839,-7.6705956
1.3296837,-13.987597,17.055277,0.016503239,-0.022440085,1.1940899,27.667976,4.5174403,17.076998,6.855162,14.82371,0.0097239325,0.6373518,-2.6238387,-6.2354393,7.8484483,323.72,1474.8701,-0.5548744,1417.876,1182.3534,-10.414746,2183.7888,1140.538,-8.933114
1.3297075,-12.549533,15.8962555,0.018367821,-0.015993789,0.98363656,27.192678,2.7916238,17.076805,8.398961,16.180502,0.008256529,0.24660926,-4.494168,0.44904327,10.237583,305.01392,1483.7623,-2.0553904,1369.0599,1137.4635,-9.868394,2162.3416,960.1005,-11.214531
1.3227003,-12.163156,14.209001,0.015004966,-0.016866481,0.8613179,25.989792,3.0897415,20.008284,8.409756,17.578257,0.005321725,0.15991278,-4.1858683,6.050436,14.347035,322.8689,1367.725,-3.1061852,1422.6051,1002.9236,-13.421974,2184.7493,1021.61676,-15.129791
1.130783,-10.969868,12.753452,0.0055549205,-0.018091707,0.9888222,25.623117,0.94077,19.87852,7.5320973,19.039885,0.005321725,0.15991278,-2.011924,10.360681,19.349762,571.3994,1348.5963,-1.4594492,1645.7487,940.865,-16.68944,2577.1433,1033.1394,-20.1576
0.94498914,-12.368947,15.73772,-0.012930316,-0.01891434,1.0849911,26.504984,1.6911907,20.547447,7.1223283,19.043947,0.09060329,0.2487462,0.20768563,8.718494,19.598454,517.76715,1507.6439,-3.4819965,1565.1976,1046.6034,-16.718973,2558.967,999.3106,-21.690638
0.79399824,-11.835079,18.246885,-0.0056408904,-0.013411109,1.0549512,27.299622,-1.0721134,18.425615,4.321564,19.05004,0.089385964,0.54539853,0.85067964,7.9038157,19.464563,730.5329,1405.3964,-7.3153663,1765.2959,971.85626,-16.044237,2908.6887,938.4297,-22.12911
0.79592896,-13.509026,22.913263,-0.013139819,-0.009718812,0.66967916,30.011297,0.45126748,21.340467,5.617616,19.048601,0.09007769,1.032456,0.5533289,7.990154,16.940842,735.6074,1270.7327,-6.43626,1829.6147,892.21857,-14.171936,2874.1575,893.5562,-19.643353
0.7953077,-12.881004,23.303297,-0.015027326,-0.0074269655,0.5467554,29.354643,-0.7077205,20.77079,4.1172957,19.05807,0.0048845657,1.6378666,-0.20144601,8.581477,15.58699,1047.4362,1087.514,-8.364045,2235.2585,899.4012,-15.375641,3056.4167,1214.9537,-18.06749
0.7914795,-12.82754,23.106623,-0.010031582,-0.0102947345,0.44009915,28.975245,0.032017376,18.325819,5.050184,19.07125,0.0064919647,2.035458,-0.7791639,9.617789,14.984942,1103.1666,1078.3893,-8.732568,2295.498,886.53,-14.093002,3067.8652,1179.4746,-16.431522
0.9039734,-11.952792,21.268627,-0.008617922,-0.009227113,0.49801412,22.700201,3.387348,19.114588,5.371081,19.131788,0.0,2.7060804,-1.8720237,11.06717,17.171705,1130.9374,1067.5009,-10.049998,2279.778,867.9956,-14.551354,3088.5596,1129.7728,-16.551376
1.031192,-9.222637,18.260399,0.011187058,-0.007836745,0.5831086,16.371767,3.8636692,18.360231,6.319116,19.308022,0.004229836,2.7178059,-2.142265,12.919689,22.794195,1165.2065,931.0264,-12.7786255,2187.5134,759.7072,-16.497276,3271.745,748.3418,-19.185675
1.1057554,-10.186177,18.118042,-0.0033256623,-0.0063185985,0.788379,13.078311,10.058349,18.614496,11.108715,23.397684,0.33615324,2.5277226,-1.009427,15.078861,25.665382,847.25903,1123.1454,-14.310764,1840.5468,830.44696,-17.838137,2931.325,670.09796,-21.221754
1.1216797,-12.792615,21.104807,0.0044658626,-0.0044540605,1.0540916,14.193859,13.445557,13.253154,16.562576,27.324797,0.66817874,1.8742036,0.6205491,16.307375,27.644508,583.4077,1193.2505,0.0,1594.2008,889.90063,-18.043854,2622.3323,663.8449,-23.310461
1.1326107,-16.241592,24.181503,-0.0041479585,-0.012436395,1.190447,17.279276,19.917765,9.290031,21.576273,30.902473,1.0,1.6723951,1.2391316,17.053408,26.652643,295.00034,1291.1449,3.781321,1339.5111,824.1064,-18.767084,2295.0774,672.1844,-23.149984
1.165078,-15.343429,23.837692,0.0010658596,-0.012320242,1.1813904,16.275263,19.154253,6.4133987,20.844807,26.689749,0.8314851,1.9373926,-1.3763909,17.978472,21.85823,631.2317,1079.4371,-1.1762654,1639.5157,744.9268,-18.797585,2678.4417,481.24646,-17.913404
1.2060078,-11.96894,19.126303,0.010954864,-0.013204404,0.95104575,11.657929,21.586164,7.5665016,14.055297,22.676542,0.5193878,1.5112284,-3.7129128,18.523178,19.256166,990.69525,973.674,-6.352255,1979.4766,721.5051,-20.024117,2928.666,422.40048,-15.842977
1.3211489,-9.310933,15.718697,0.0009821592,-0.003388102,0.8946573,4.4368978,28.408255,10.625385,9.549218,18.89443,0.20729049,1.0850643,-5.4790893,17.448408,16.01034,1337.2147,931.3958,-12.096978,2327.014,587.56323,-19.759542,3257.888,448.08887,-13.828446
1.4436263,-6.602266,11.3372345,-0.01348447,-0.00091482163,0.9045312,-2.7602208,35.357086,8.995986,8.5983515,18.987623,0.063708134,0.39390287,-5.624151,14.97974,17.538012,1326.1401,1022.1657,-12.820485,2279.6733,535.44196,-22.183023,3162.3691,450.29587,-16.96103
1.4391819,-6.358305,10.175609,-0.029827183,-0.000825172,0.801096,-4.792944,39.197525,4.205319,14.061684,18.98681,0.063708134,0.39390287,-5.651663,12.573346,15.540405,1206.7588,1008.00275,-12.889954,2193.4768,428.1193,-21.750237,3192.5752,312.5255,-15.757232
1.3411899,-7.2067504,10.6484,-0.031916574,-0.005558574,0.62642556,-4.5573735,39.696102,0.14149992,16.504602,19.00472,0.063708134,0.39390287,-5.7606215,12.163483,15.336085,1113.8075,1202.4713,-12.562473,2081.4585,508.38797,-21.56721,3177.541,84.59469,-15.597852
1.336852,-7.295362,11.410472,-0.014601231,-0.011314674,0.4913658,-4.3848834,37.593212,1.3523397,12.989082,19.040398,0.063708134,0.39390287,-5.231365,14.133289,17.38547,1108.0919,1115.5026,-12.258114,2126.9512,424.42056,-20.498251,3162.8484,244.74693,-16.933699
1.3398975,-7.644024,12.259543,-0.024081277,-0.0086279595,0.6285177,-4.4950767,37.712513,4.2957397,12.119189,19.048841,0.063708134,0.39390287,-4.5482907,14.709359,20.820414,1170.0366,1172.6681,-13.017001,2196.638,361.71475,-22.611483,3180.7454,363.68942,-19.527628
1.2848468,-6.210655,10.512337,-0.015758561,-0.006729424,0.7359276,-4.82715,34.691685,2.980777,10.704548,19.030619,0.063708134,0.39390287,-3.1449766,14.244943,25.65091,1178.6465,916.136,-14.983335,2302.7786,252.12431,-24.403559,3202.2102,455.67383,-24.087965
1.1260123,-9.231971,13.084946,-0.025295375,-0.0053782747,0.734654,-0.4662992,37.021496,0.7093075,14.659059,19.01185,0.063708134,0.39390287,-1.7107954,12.180285,27.16973,857.25885,1111.9447,-14.848231,2004.733,466.02084,-23.27944,2997.821,397.20102,-26.063917
0.96278906,-11.25235,15.61599,-0.02701615,-0.008891198,0.5831601,4.6441736,34.06222,-1.5816054,12.540511,19.027412,0.063708134,0.39390287,-0.95079756,12.06868,26.268568,546.06854,1207.2664,-9.640178,1639.1454,649.3635,-21.245203,2746.8994,377.6918,-26.261465
0.82810646,-13.30186,19.945776,-0.029911341,-0.0074206702,0.46835825,10.526722,29.268106,0.6662333,12.0337715,19.048004,0.06071194,1.6516267,-0.38491014,11.222173,23.09349,243.28606,1423.111,-7.714588,1241.2994,851.41376,-18.719938,2431.914,397.75436,-24.435537
0.7201135,-14.998372,22.748732,-0.03551803,-0.0055696187,0.5002114,15.365405,23.166708,5.591372,15.877467,19.02926,0.0404486,2.1819859,-0.6947391,9.583205,19.667788,281.66772,1408.1088,-2.854021,1294.937,891.3577,-18.195534,2361.0222,643.62195,-21.838465
0.6335407,-14.682811,23.501745,-0.02941609,-0.0039968,0.6232447,19.052948,15.966026,6.5727134,19.474073,19.028587,0.020477587,3.2743454,-2.2531667,7.332578,19.630758,600.3316,1313.9686,-8.418767,1619.9395,945.77716,-18.036833,2678.0833,813.81525,-21.45857
0.620691,-16.287285,23.388931,-0.028446823,-0.0072520287,0.6417926,21.768526,15.158441,10.221653,20.264242,17.960741,0.00350277,3.1089811,-4.1876535,2.5317442,17.921091,644.3131,1225.8104,-1.7208365,1670.3099,961.0794,-16.498741,2667.9226,889.49536,-18.702961
0.68664426,-13.316074,19.89838,-0.025713885,-0.008429152,0.54475284,17.564362,13.1861315,8.748937,16.344484,19.189249,0.0037951053,3.6709816,-3.9859552,4.77788,19.680456,625.6565,1220.9674,-4.6126556,1680.2845,847.2059,-12.608783,2733.3235,850.6536,-17.05778
0.84163666,-15.21725,21.220833,0.0010309443,-0.015497525,0.79837656,17.837572,17.07229,10.627706,12.662599,24.354034,0.0037951053,3.6709816,-0.82485247,4.937706,19.391968,336.60263,1205.8994,1.7908387,1409.3109,764.2216,-11.781629,2395.0977,795.36865,-15.486557
1.0823188,-13.530777,22.198105,0.032654606,-0.017375674,0.9889498,18.748123,14.230596,7.265692,13.13121,30.55013,0.33586338,3.5117626,2.3008602,7.6955857,20.958115,341.6815,1146.3851,0.6586604,1416.1017,686.7168,-13.4713745,2393.2825,807.6595,-15.635655
1.2414196,-14.781636,24.025122,0.057523865,-0.02444691,1.1055545,24.032143,12.510966,6.5544567,11.186871,34.421394,0.3546169,3.1157653,3.6659453,3.6286576,17.578293,379.3135,993.1955,4.387165,1405.08,660.0372,-17.942587,2354.8103,657.92834,-13.191127
1.3638453,-11.44666,21.020584,0.051319633,-0.021722307,0.87157303,24.028809,7.3450694,8.176581,12.28638,34.252613,0.35987446,2.3713796,3.4122505,2.12358,12.755668,383.132,969.4593,4.3739142,1414.9238,607.05536,-20.171736,2344.8828,694.2158,-8.381753
1.387067,-10.366619,17.160501,0.03800822,-0.027789595,0.7793512,22.385696,5.3598704,12.803162,9.714598,34.040897,0.0331731,1.5426272,2.458412,1.7958776,8.250338,387.55225,933.6511,3.679744,1439.3823,560.4599,-22.606987,2346.6184,701.14526,-4.570593
1.4294605,-7.661348,13.331746,0.02914536,-0.027219499,0.79987687,20.008547,3.1056473,19.290295,8.868175,33.69969,0.017577281,1.1215333,1.2977505,2.628125,7.7814612,388.23022,880.5522,2.885329,1453.4132,452.31454,-23.555151,2357.6248,689.83105,-4.896132
1.4406847,-5.8276424,9.539716,0.014794777,-0.031189388,0.76532817,17.404467,1.8780899,24.796148,6.361181,33.360706,0.012814944,0.7418719,0.9273111,4.483885,8.224984,381.03635,849.9951,3.0301094,1458.0731,336.8111,-23.076982,2363.236,623.0783,-5.1948743
1.3863727,-4.3793025,7.188057,0.012152307,-0.02608498,0.78574514,14.58393,2.516936,27.00038,7.4130683,33.023968,0.009584774,0.7995699,1.5264893,7.00197,8.450915,365.17908,860.187,3.1424649,1465.2311,237.41173,-22.703821,2373.0166,626.6674,-5.3084493
1.3500563,-3.7789814,5.375912,0.0011540944,-0.01938119,0.7300524,13.039227,3.528181,30.05725,11.021152,32.822327,0.009677551,0.8282892,2.2475827,10.338182,7.5690894,347.48038,915.0014,3.4050186,1461.6996,190.33958,-24.31704,2366.6267,646.98846,-4.1640706
1.27639,-3.493407,4.3282795,0.009359905,-0.018318167,0.6795053,11.346321,5.9531975,31.632431,13.768912,32.651627,0.01032639,1.0529245,2.5813835,14.3746,8.146712,334.83826,964.9863,4.2954125,1471.4603,155.05006,-24.973783,2373.4382,717.7818,-3.8512995
1.2677279,-4.3214774,4.228333,-0.0011105606,-0.020119106,0.6430809,11.718208,8.968167,35.645054,13.798886,32.543854,0.0085774185,0.98545104,2.9196653,18.44592,9.305671,338.1401,949.6355,6.236654,1495.901,98.59589,-23.039093,2410.3896,744.74054,-3.0690167
1.2022902,-5.18432,5.63327,7.156314e-05,-0.020168744,0.6317677,11.496864,10.319474,35.99329,12.208959,32.491283,0.005221516,1.1645149,3.365487,21.191011,10.47372,331.43213,960.78986,7.869306,1516.0426,71.48828,-20.252998,2446.7734,783.09595,-2.6044128
1.1427807,-6.4942994,8.046212,0.0034945414,-0.014493291,0.58048904,12.137138,10.7471,35.294956,11.107814,32.497593,0.0045801033,1.3306276,3.7454512,22.42378,11.190244,313.3075,1004.4632,8.527582,1527.1823,92.68808,-19.549673,2437.9634,820.06714,-3.6518657
1.0589651,-5.95865,8.410398,0.008352592,-0.0070718727,0.4619913,12.467063,8.68287,32.09773,14.3398695,32.152824,0.0037803475,1.5466741,2.9426386,23.324343,12.700854,295.37207,1128.3258,0.0,1532.2494,261.08725,-21.53595,2378.1355,926.44293,-7.5612564
0.9570038,-7.442478,10.02964,0.02136678,-0.003849266,0.40922523,14.063342,9.724567,28.390612,17.679575,27.747637,0.1680647,1.1711146,1.8657912,23.341097,16.02329,293.4054,1227.965,0.0,1549.1456,481.6774,-22.457178,2331.301,1064.4559,-12.235283
0.8894977,-10.06413,12.474937,0.008345456,-0.0055247894,0.47409686,16.56291,12.81989,25.218782,23.247475,23.23781,0.17538643,1.0818633,1.1351379,22.729757,20.762136,323.80887,1269.816,-0.5835277,1594.4906,700.69855,-22.210958,2333.1367,1167.311,-17.214193
0.7634945,-13.345562,16.633436,-0.008815875,-0.0093859695,0.60956633,18.39597,15.940304,20.840624,25.522066,19.044046,0.18416615,1.7515569,0.8924375,22.287971,25.221283,309.3867,1375.5372,-6.3381786,1532.7261,878.2785,-19.437614,2303.993,1095.1447,-20.311628
0.6376858,-15.153628,20.725304,-0.029581852,-0.01632159,0.5687588,20.514666,15.769535,18.63951,23.726013,18.90199,0.029450161,2.0052073,0.89970636,22.21218,27.216593,592.9522,1282.9276,-10.868202,1743.791,861.1924,-19.35266,2658.9705,886.4243,-22.312899
0.5178518,-16.957037,24.47348,-0.042155683,-0.015213047,0.47868404,21.969957,14.733452,16.278913,22.483816,18.85679,0.030541124,2.4061458,0.51523393,22.84751,27.452446,855.5627,1241.6089,-77.07758,1914.3192,847.02515,-79.56319,2946.0325,712.36945,-82.0112
0.47005334,-16.91495,25.670275,-0.031882066,-0.012579569,0.36964157,23.28511,13.3372345,16.4345,18.430876,0.0,0.0,0.0,0.0,0.0,0.0,1101.1765,1046.0183,-138.12843,2155.5579,785.34344,-140.98967,3218.0134,714.3743,-141.46327
0.47339866,-16.87168,24.773611,-0.032007623,-0.009189535,0.3191246,22.6175,14.602597,14.319482,18.14341,0.0,0.0,0.0,0.0,0.0,0.0,1074.194,1092.1422,-201.0,2128.076,821.50635,-201.0,3187.0203,717.2757,-201.0
0.97749525,-8.76008,18.902733,-0.010079906,-0.0010180995,0.71981543,16.03914,7.0027523,3.390524,7.505839,0.0,0.0,0.0,0.0,0.0,0.0,743.9631,1358.0966,-201.0,1749.1283,1010.139,-201.0,2861.1355,821.27155,-201.0
1.6523561,-3.2231095,14.096471,0.00267592,0.002342134,0.9663523,9.581681,2.5403204,-5.4313016,1.5937387,0.0,0.0,0.0,0.0,0.0,0.0,743.99146,1458.1927,-201.0,1752.1283,1015.0944,-201.0,2937.2703,630.43634,-201.0
2.3152657,2.7325048,9.0258255,0.014047188,0.005527022,1.3658236,2.8950346,-3.9641874,-14.015538,-5.136457,0.0,0.0,0.0,0.0,0.0,0.0,544.2214,1313.9418,-201.0,1593.1007,1007.4223,-201.0,2741.877,1247.7946,-201.0
2.3984625,2.744151,8.126511,0.022154888,0.004984356,1.1892916,0.29252043,-2.4201136,-11.760654,-3.9006197,0.0,0.0,0.0,0.0,0.0,0.0,654.8676,886.541,-201.0,1800.3271,850.24286,-201.0,2967.3083,1111.0756,-201.0
2.1551464,3.1031945,6.2865024,0.0074621667,0.004474298,1.1478481,-2.6046622,1.1491791,-6.4187245,-5.6553893,0.0,0.0,0.0,0.0,0.0,0.0,515.9204,630.2996,-201.0,1751.6276,841.764,-201.0,2655.9138,1311.8334,-201.0
1.7709843,3.6566648,3.7040951,-0.0058272,0.003847207,0.915503,-5.1117787,5.8522778,3.1149719,-5.66408,0.0,0.0,0.0,0.0,0.0,0.0,547.3113,608.4982,-201.0,1726.19,741.0027,-201.0,2583.1506,802.562,-201.0
1.4091434,2.0949314,3.597435,-0.03468043,0.0065104696,0.7241631,-5.616469,10.105855,13.452048,-1.5945143,0.0,0.0,0.0,0.0,0.0,0.0,588.23346,667.5833,-138.47878,1742.0721,716.9632,-141.47714,2390.2952,1028.6326,-141.41728
1.1250632,0.77047586,5.7256684,-0.04282555,0.0113349175,0.53545856,-4.1847477,8.309208,16.581503,2.6908486,34.209263,0.0,0.0,0.88591295,17.26268,21.946106,597.1257,728.517,-79.72198,1629.159,717.1379,-81.13064,2416.4358,1033.1093,-82.84426
0.9444658,-4.7599735,12.691775,-0.025897706,0.009120958,0.51448494,2.833615,11.275703,17.1166,5.695309,34.370075,0.0,0.0,1.9519905,18.012283,26.133665,841.0783,914.2293,-21.529505,1835.7158,828.53107,-22.689453,2683.977,865.99725,-26.897797
0.83366036,-10.297682,19.31101,0.0012851022,-0.0017427834,0.5104965,11.695952,13.587781,14.310483,7.975496,34.68327,0.0,0.0,3.6292448,19.449522,26.620981,750.4787,1040.5559,-16.308619,1735.1005,823.86835,-23.506754,2691.51,733.5026,-25.671858
0.84436923,-14.489129,23.22508,0.030889159,-0.009859469,0.5696663,19.989517,14.350525,12.311344,10.21712,34.878315,0.0,1.5689545,4.577435,14.854611,24.319925,659.15063,1241.5199,-12.098118,1655.7767,824.4041,-25.19724,2678.9187,784.99976,-22.574625
0.8822333,-16.150047,23.49468,0.043533366,-0.013652109,0.5126513,24.405487,12.148891,12.756951,12.02064,34.895626,0.04948929,1.1225296,4.697552,10.376983,18.08843,350.95224,1185.8629,0.0,1399.457,829.8816,-25.245249,2330.2883,908.6157,-16.57454
0.89359385,-14.405109,18.61293,0.038446482,-0.016627818,0.60601723,26.011614,6.948931,15.199077,9.622264,34.68926,0.034433898,1.8775381,4.3623595,7.1612034,16.580456,361.38614,1169.2499,0.8835101,1422.5897,859.9086,-26.21816,2280.4998,947.97003,-15.437655
0.85360736,-13.4880705,16.327883,0.03381658,-0.016928753,0.47182128,26.996328,4.7263093,17.899738,8.834387,34.36836,0.0159123,1.2415007,3.9762037,6.058759,16.025742,384.1984,1073.5472,1.3456877,1441.7709,803.0796,-25.64808,2267.275,852.12616,-14.680054
0.85082465,-11.447934,13.851181,0.02543079,-0.023487164,0.4343721,26.421387,2.2430522,20.673805,7.223137,34.01933,0.0073109865,2.0502977,3.6333065,7.1827826,17.691303,390.79135,1045.2731,2.1324747,1465.0885,747.4739,-26.998978,2300.0017,869.26044,-15.558827
0.8672213,-11.306987,14.682683,0.033730004,-0.027404457,0.3238932,25.155306,3.0773067,23.914299,4.1352954,33.66104,0.010338939,1.441774,3.612384,9.29557,18.880978,388.66788,1002.1109,2.594393,1482.7518,627.4131,-27.506876,2369.3342,842.4981,-16.286585
0.8750346,-11.695432,16.013483,0.026984314,-0.03305419,0.37659016,23.377022,6.087904,30.896881,0.7679882,33.313786,0.0095279375,1.5992361,3.1612122,11.402992,20.365152,385.3479,973.103,1.837612,1520.6569,541.19385,-29.693731,2401.1116,863.6302,-18.527542
0.8699185,-12.28884,17.045029,0.02459223,-0.027516944,0.41782877,21.461329,8.130472,32.401478,-1.6440166,28.48345,0.0111003695,1.0365235,1.2632687,14.836105,20.639315,375.0349,1004.8325,0.6624885,1556.2225,494.91025,-27.577322,2464.7292,927.46796,-18.072746
0.7932925,-13.821916,18.597717,0.017104128,-0.020584412,0.45009974,20.448484,12.612362,33.292526,0.12958343,23.609941,0.009947068,0.9679327,0.24452572,16.735155,22.825409,372.57852,1061.5377,-0.6686072,1595.1049,623.861,-25.061823,2374.1377,1024.8949,-19.788635
0.6432586,-14.32521,19.396235,-0.0025891091,-0.013903696,0.5460785,19.804941,12.262115,30.238335,3.5105474,18.878325,0.20332186,1.8157854,-0.7035327,15.730544,24.878626,680.8191,1255.7572,-6.33292,1766.9004,915.2349,-22.73758,2576.1536,1066.5198,-20.926048
0.48386827,-14.642699,20.524515,-0.02143797,-0.009695192,0.4472463,20.748554,10.84045,28.091797,8.607308,18.78569,0.30000925,2.663638,0.07522509,10.397048,26.985962,895.79364,1256.3007,-12.053866,1903.08,991.1956,-23.464195,2748.8708,1175.1284,-24.15116
0.38581637,-14.609563,21.902575,-0.028290221,-0.0074914102,0.34202564,22.007294,8.423732,24.861992,13.494336,18.887424,0.0,2.7561595,-0.01694568,4.339725,26.305178,1157.3647,1239.1327,-17.718285,2069.113,959.0474,-24.25837,3094.8933,936.88995,-24.841293
0.3694152,-15.33817,22.46331,-0.026190223,-0.009041485,0.17339669,23.836435,8.462688,21.528776,13.389717,18.983778,0.012504177,1.9751692,-0.009815574,-0.02277573,22.519823,1119.87,1157.2417,-18.596518,2107.5125,933.86206,-25.10351,3192.5735,919.709,-22.463724
0.3714668,-16.135862,24.360954,-0.015939685,-0.0107652405,0.16563962,25.663134,9.330261,18.956797,11.182239,18.978586,0.013783574,1.2212237,-0.78084517,-2.0375805,16.024431,896.59326,1247.5514,-15.411087,1881.2823,997.1165,-21.728888,2993.6501,737.313,-16.638588
0.37702954,-15.933175,24.510712,-0.026209796,-0.011411179,0.16903456,26.892923,7.6048684,16.033934,9.0950165,18.89956,0.017588139,1.041309,-2.12936,-2.2212489,9.36506,966.5405,1292.855,-14.095805,2044.3473,995.2712,-14.808095,3029.123,2821.7695,-9.583483
0.40021932,-14.781154,23.124708,-0.015214066,-0.012251906,0.17058241,25.25281,7.0843053,16.34173,9.017854,18.799921,0.015093613,0.8870532,-3.1811392,-1.2290355,6.32289,996.087,1200.9213,-12.167003,2128.7139,906.7498,-7.9453273,3060.6765,3047.362,-5.629416
0.5889643,-9.07011,14.6657915,-0.013352305,-0.01458316,0.27367625,16.679281,7.449047,24.393494,3.6728694,18.838621,0.0,0.7057527,-4.7182813,1.9563786,7.4125314,1370.6104,797.8213,-14.826724,2472.5068,877.61774,-5.4306736,3383.9832,3003.804,-5.4306736
0.71335405,-6.601091,10.847323,0.008974516,-0.01761628,0.36995193,10.845284,8.698285,24.560026,-1.9007436,18.922659,0.0,0.7057527,-5.5124774,5.88097,13.777642,999.1098,805.0926,-11.758716,2070.3962,824.6579,-9.442466,3054.038,935.7724,-10.478499
0.7879546,-6.584187,9.830448,0.018016985,-0.020923689,0.39691862,9.085736,12.222222,24.748209,-5.645457,18.798658,0.0,0.7057527,-5.393849,8.671113,18.224861,693.98395,807.572,-4.9103622,1764.4921,703.22235,-13.705905,2719.6472,560.6703,-13.646016
0.68428564,-11.064799,15.385941,0.015869891,-0.023992682,0.37768134,13.40676,14.794567,14.785756,-1.449622,18.21691,0.0,0.7057527,-4.1009073,8.999355,21.248678,331.79343,1177.859,0.9557326,1458.5702,786.3885,-16.830858,2338.1506,536.00397,-15.6974745
0.6680351,-13.665684,17.38267,0.03158199,-0.027434612,0.4139948,16.422243,17.713474,14.481068,4.3133283,21.503073,0.0,0.8712988,-2.0766742,6.8806434,21.556234,361.12915,1179.8707,3.1277435,1483.6567,906.6828,-21.295786,2310.6436,631.7504,-17.257544
0.696685,-14.723451,19.238043,0.034038004,-0.026813298,0.44144455,17.521172,18.592337,11.765487,11.045209,24.979464,0.253262,0.93251854,-1.0234464,5.1196065,23.864965,368.6334,1267.6981,-0.1009802,1503.108,1056.3202,-24.801254,2290.2185,825.49774,-21.194906
0.7693241,-15.122905,19.781387,0.048221156,-0.028132552,0.46648547,16.229334,22.667643,10.311016,10.070666,28.740026,0.17347564,1.0749043,-0.9786243,3.4000177,23.366966,364.82712,1229.5044,-2.020396,1526.1124,1013.9047,-25.933199,2287.7454,856.3785,-23.29316
0.8315034,-15.005905,18.852945,0.042780142,-0.028074285,0.3858393,14.806138,25.71595,8.200635,6.7510686,27.836924,0.053049248,0.95547915,-1.7467614,2.3551805,20.835997,376.4943,1200.02,-3.8127587,1513.1808,1078.7577,-21.919756,2279.9954,772.56866,-22.293573
0.87277883,-14.888225,19.321787,0.041572418,-0.029003419,0.43000486,13.984403,26.558325,7.4838867,3.1189556,26.96343,0.08561292,0.9403804,-2.0639362,-0.9211871,15.303113,359.66174,1219.9487,-4.7132072,1471.4696,1069.5123,-18.003967,2269.6658,783.40497,-20.937506
0.8376294,-14.332778,18.84259,0.04792102,-0.027407711,0.42487124,15.846438,21.971018,6.3895736,3.441219,26.823626,0.08845798,1.0855051,-1.3414389,-0.44206667,13.885531,345.16348,1356.193,-5.5340047,1402.0621,1195.3695,-17.04946,2248.4119,822.9366,-21.369827
0.77342105,-13.995578,20.517138,0.029615605,-0.026572486,0.43653443,19.569536,16.004595,7.1119347,4.408123,26.802162,0.09276857,1.3053446,-1.5606154,-2.994757,11.7747345,340.01846,1474.9653,-6.010264,1322.4619,1222.2946,-17.362322,2260.3735,897.8094,-22.28798
0.714094,-13.787998,20.207863,0.029112615,-0.029929737,0.385723,23.678823,10.503444,7.8386154,4.425325,26.769423,0.07692336,1.3764638,-2.8652456,-2.3120327,12.421558,357.5294,1504.7773,-4.964995,1264.7485,1294.2755,-16.420116,2237.8308,822.3348,-21.20681
0.67198706,-14.828631,22.689627,0.022662336,-0.029888852,0.30672416,28.970694,6.2203026,11.680035,5.3638725,26.063711,0.088740595,1.6826166,-4.340515,-4.9673285,11.862674,378.927,1489.6401,-2.1635427,1243.3816,1300.6584,-13.475957,2212.035,857.3763,-18.993544
0.62706524,-14.80352,23.415556,0.033198662,-0.032840837,0.36774206,30.209024,3.6026688,10.629722,1.3969669,26.034693,0.04520848,1.7151877,-4.6190166,-3.4937885,14.588725,577.1705,1443.838,-1.4502176,1491.9401,1223.2716,-11.388036,2498.9578,862.48126,-16.528631
0.59277457,-13.858106,22.799347,0.035500433,-0.03253378,0.33272395,30.803444,1.507464,10.880085,-1.7063571,26.023607,0.021832159,1.8964788,-3.563487,-2.802594,15.568721,554.07587,1577.1112,1.7883466,1469.3187,1338.6794,-8.558235,2454.6135,959.40607,-13.578869
0.5486792,-12.757355,20.109133,0.024385424,-0.034584627,0.3332912,29.699911,-0.21538942,9.946828,-6.1006303,26.014715,0.0038033307,1.6013469,-2.782087,-2.4987354,16.044836,558.17365,1503.2601,3.270923,1499.5494,1277.901,-7.722595,2478.3027,934.7171,-12.268551
0.5326088,-12.317136,18.334373,0.025943637,-0.03609183,0.21239455,29.814932,-1.1831163,13.063102,-8.140195,26.004786,0.0038033307,1.6013469,-2.7392128,-2.6972916,15.592298,542.32196,1559.8722,5.899425,1510.381,1284.0773,-7.7315354,2417.9355,962.0757,-11.750801
0.5186477,-12.678696,16.992022,0.026210435,-0.035726845,0.20175539,28.59494,0.17801826,12.111253,-8.408752,23.641226,0.0038033307,1.6013469,-3.290947,-1.9149529,15.076312,572.52484,1373.851,4.961685,1557.5098,1156.3551,-11.049642,2451.3816,884.5339,-12.760308
0.54046303,-12.551849,17.218828,0.057712723,-0.03654464,0.19617951,26.72735,1.0807997,10.685192,-11.109371,21.29428,0.0038033307,1.6013469,-3.6716168,-1.2759657,14.64153,549.24084,1498.0673,3.1275587,1545.7626,1287.732,-12.324466,2456.2402,974.25165,-13.703828
0.5513821,-12.648227,16.667305,0.05073008,-0.035753895,0.19251466,24.646872,3.6382396,10.181976,-9.285811,18.959196,0.0038033307,1.6013469,-4.0139904,-0.5188038,13.304463,383.81992,1321.4596,2.693053,1360.0167,1240.0695,-12.789926,2249.1917,952.92755,-13.614205
0.5618071,-12.23439,17.23105,0.04543911,-0.035022203,0.17931275,23.970068,2.5696404,10.141636,-10.638564,17.285582,0.17149074,1.2936047,-3.7601507,-1.1308817,12.848424,384.64795,1268.3484,2.0769937,1385.351,1166.3485,-11.499843,2278.9521,933.02423,-14.01543
0.55856925,-12.056001,16.439463,0.018362625,-0.031607818,0.18344064,24.150675,3.024639,10.920017,-7.999954,15.647445,0.33917817,0.9858625,-3.4946785,-1.3091191,14.782525,427.7169,1185.1266,7.5959296,1431.3447,1288.3466,-6.6161766,2225.6326,918.4082,-9.868576
0.55570394,-11.056951,16.344778,0.015837202,-0.026970392,0.19424985,24.601004,0.47948363,9.313606,-5.642729,13.970233,0.50686556,0.6781203,-4.4084644,-0.9190759,17.983624,431.5437,1272.6068,9.585667,1414.3193,1403.6727,-3.6189897,2202.6628,1015.6237,-7.2845635
0.5605728,-11.121048,15.958463,0.02801018,-0.026685694,0.21185452,23.333206,2.7075272,6.5139866,-4.101625,13.973061,0.33927822,1.0664545,-8.487442,-0.37798214,21.100592,409.6161,1370.4025,-58.249706,1357.5731,1477.2885,-66.89097,2155.1326,970.7085,-69.53706
0.5940152,-10.901425,16.182291,0.040772595,-0.021766424,0.22252755,21.328524,5.296114,6.2877526,-3.018422,13.319116,0.17169093,1.4547888,-11.073997,0.0,0.0,384.3507,1482.7886,-59.836414,1265.9961,1357.4011,-68.09787,2224.1072,833.1342,-69.51075
0.68782586,-13.734395,20.411783,0.020603498,-0.018729834,0.56717664,19.824331,10.544853,10.366463,-0.24988858,13.317402,0.0041035847,1.8431231,-13.875454,-2.1410947,24.563274,610.7673,1449.5201,-68.89222,1521.1234,1140.6664,-74.25623,2584.4216,664.8371,-75.335266
0.7188515,-14.590457,22.734564,0.00395148,-0.013977592,0.7963476,20.750954,9.919777,15.174151,2.992197,13.446261,0.0041035847,1.8431231,-12.652008,-0.16967265,24.04898,624.20966,1427.3568,-6.069481,1551.8911,1103.6881,-15.4501505,2608.5317,714.6204,-18.812382
0.6444234,-15.106815,24.117208,-0.018424464,-0.015646538,0.89347506,23.16287,7.760651,15.784329,3.6314545,14.172442,0.0041035847,1.8431231,-10.612744,6.03914,24.482132,638.6729,1259.9423,-15.729164,1586.1344,968.26904,-24.64183,2599.1638,714.2671,-29.998652
0.51642376,-15.928901,24.932411,-0.019413091,-0.02001357,0.66991097,27.432997,6.196172,13.748721,1.9585223,14.221539,0.0041035847,1.8431231,-7.2511153,68.25053,24.075567,420.95312,1359.2502,-15.23099,1385.1315,1226.6229,-25.432669,2365.9592,882.26935,-34.833797
0.43887618,-19.867117,29.679565,-0.052378636,-0.025374087,0.63468266,30.511587,7.937832,15.004138,1.2774838,13.961492,0.022752242,1.6594175,-5.3333774,70.00484,25.520536,579.345,1365.8187,-15.838796,1571.043,1257.8054,-28.47542,2566.9375,882.6377,-35.428066
0.43425038,-24.21055,35.2235,-0.075496115,-0.024333453,0.5538595,32.643246,11.204753,17.532982,4.886812,13.809253,0.03207657,1.4757118,-5.576918,2.3296661,-40.39506,726.4089,1405.8345,-13.476688,1784.6577,1266.9188,-29.297768,2793.1848,937.1187,-32.743786
0.41696152,-22.55548,33.432644,-0.0781343,-0.023129327,0.627192,30.335928,9.928615,14.6856985,5.3297253,13.770794,0.0,1.2920061,-5.918279,-62.38672,-46.164658,733.5503,1386.4271,-10.520001,1678.6841,1282.9604,-24.047646,2674.4119,845.69073,-27.363604
0.42264804,-18.926317,30.189522,-0.06047314,-0.018338747,0.44750547,27.323702,10.168255,7.4387817,4.143313,15.357114,0.0,1.2920061,-5.844724,-63.26843,-50.12625,602.37384,1420.9346,-5.2131157,1448.188,1352.4464,-14.323219,2529.5676,862.8295,-21.318003
0.5207712,-13.942115,24.588615,-0.041513875,-0.02381593,0.49920455,24.602913,10.725858,-1.5177264,-3.128599,16.776545,0.0,1.2920061,-5.8290615,2.2605689,13.714374,440.9349,1394.3925,2.2460597,1197.3137,1283.4508,-4.775006,2315.2637,768.68335,-15.332898
0.6365945,-12.149396,22.622232,-0.016693803,-0.032062523,0.37401628,24.371841,12.040639,-6.4971046,-13.168668,16.854248,0.0,1.2920061,-7.696926,5.393902,18.919516,396.91846,1383.943,9.332826,1155.3734,1149.1713,-1.9126005,2333.214,650.0078,-11.633324
0.71972173,-12.175751,21.515676,0.021826891,-0.04141143,0.40323782,25.766068,13.387112,-8.748506,-18.24431,15.389252,0.0,1.2920061,-9.353613,2.869871,24.361237,319.35452,1552.7587,12.334132,1101.5381,1147.7316,-2.2508643,2317.5474,608.1691,-12.273788
0.644674,-14.438296,22.55902,0.040217567,-0.043544073,0.4195988,24.728622,15.532993,-5.801742,-15.654872,14.339364,0.0,1.2920061,-12.557027,67.17068,30.735498,332.0833,1502.2168,11.186038,1204.1495,1213.2933,-3.3330452,2366.4507,706.7502,-14.835388
0.6050901,-15.21692,21.022024,0.036750287,-0.034499813,0.38252333,19.86496,21.924742,-5.171557,-6.4793954,15.031659,0.0,1.2920061,-12.253941,99.90945,34.734344,346.03726,1485.7291,-60.32095,1343.1312,1234.548,-70.1978,2491.6707,1214.7227,-78.25218
0.64819485,-17.054518,25.370346,0.02343291,-0.030218156,0.73987275,21.48059,25.887632,-5.4365106,0.5647728,15.753488,0.0,1.2920061,-11.115714,0.0,0.0,382.0189,1365.0837,-70.51535,1388.7086,1183.5316,-80.32687,2427.283,1343.0682,-86.47411
0.64429593,-21.717535,31.888742,0.0013806373,-0.025312759,0.9948438,23.708101,30.658438,-2.5972025,8.160476,16.356459,0.0,1.2920061,-6.0860696,12.467015,39.541058,529.7546,1421.2096,-83.78289,1593.248,1084.9989,-92.614296,2786.3066,1315.9053,-96.59162
0.56176597,-27.90125,41.089184,-0.030467257,-0.026131853,1.2078856,27.714796,31.709867,3.974512,16.283163,16.590395,0.0,1.2920061,-1.7443663,9.784196,36.147045,703.1804,1399.6436,-27.078032,1740.705,996.32465,-40.846066,2926.0457,900.56366,-44.820374
0.4134896,-31.106018,43.45091,-0.06333375,-0.020383412,0.85433143,26.824066,30.4689,13.74469,21.435173,16.984995,0.0,0.9372895,0.047479153,7.3065014,33.1807,691.48566,1413.1758,-27.244818,1843.8658,955.39795,-41.26088,3147.4773,824.9798,-46.104294
0.36231196,-31.221045,44.11377,-0.08355519,-0.015615593,0.52149075,29.118372,25.238623,17.085318,23.531553,16.110836,0.13196643,0.5825728,-2.931781,6.3901634,31.611109,489.88245,1574.0787,-22.035995,1603.3105,1073.2289,-37.830082,2867.4912,898.58057,-41.642776
0.35326406,-31.195976,43.83849,-0.08476481,-0.015952278,0.3248557,32.881405,21.605028,18.852844,19.945097,15.127177,0.13196643,0.22785611,-6.05148,7.5124745,32.181793,479.98206,1572.4554,-18.18339,1616.6593,1133.3907,-34.102467,2837.4792,944.3398,-37.54295
0.33256269,-30.840113,40.923275,-0.09311303,-0.01962848,0.351804,32.841045,21.034285,18.078497,20.365755,15.137913,0.13196643,0.22785611,-8.531822,7.821277,30.600555,653.585,1441.1074,-16.87044,1747.607,1017.94604,-33.10293,2871.9597,901.89996,-32.7037
0.35418615,-28.387583,36.382122,-0.083642416,-0.02232928,0.48351058,28.85335,22.007933,16.793,16.204752,15.967511,0.13196643,0.22785611,-8.195336,3.811987,25.959768,845.9821,1389.5416,-16.633095,2033.2269,987.29224,-32.065166,2951.1914,1013.6829,-30.380623
0.38695738,-25.083708,31.498857,-0.07744231,-0.021872384,0.478662,22.403028,24.556746,15.55518,11.334323,16.601603,0.13196643,0.22785611,-7.2818055,-1.8281482,21.887014,668.14764,1482.5967,-14.396099,1774.9746,1123.7079,-26.834223,2732.8057,806.77094,-27.429016
0.422098,-20.246176,26.872446,-0.050045565,-0.02009409,0.5698616,17.784456,24.36509,12.23018,3.5393813,16.077251,0.13196643,0.22785611,-5.3572884,-7.707294,18.722761,701.9317,1481.829,-10.677869,1907.433,1121.3715,-21.949865,2773.368,811.0691,-23.606659
0.47542024,-19.100431,25.090185,-0.036729243,-0.026985696,0.51612514,17.765388,26.373209,9.579643,-0.26308063,22.068367,0.13196643,0.22785611,-1.302123,-7.4042916,21.733282,700.44366,1291.6151,-9.136728,1912.6083,854.8198,-21.339064,2862.5957,572.7317,-24.771843
0.5124385,-17.957304,24.704933,-0.017111387,-0.029951846,0.5241649,20.67996,24.597815,3.8651702,-3.470041,28.209753,0.34670475,0.64824003,1.8523515,-5.747179,25.961859,861.58014,1157.88,-7.4691277,2242.049,653.1167,-23.948128,3149.348,913.1494,-26.377562
0.55822664,-18.721102,26.821722,0.013546976,-0.03649387,0.42758837,24.662909,22.03525,-2.7771218,-9.691472,34.387173,0.33366606,0.8349635,4.3124886,-3.8488796,28.408773,616.7968,1358.4716,-8.493373,1835.7031,814.9318,-16.813868,2918.4336,907.8433,-26.989716
0.542731,-17.521233,27.735868,0.03192466,-0.03721732,0.33437788,27.299576,16.22787,-8.135608,-14.185855,34.20102,0.29967764,1.1868155,4.2593484,-4.228766,27.018503,472.3138,1464.207,0.0,1492.8672,1098.8815,-7.1607842,2634.8455,973.69257,-24.227592
0.5120254,-15.738114,28.399519,0.050428677,-0.04024339,0.28192613,28.218859,12.638225,-14.943901,-18.146027,33.932934,0.04788057,1.2942696,4.3719845,-2.7475846,24.05876,320.18448,1490.5189,5.058091,1133.6642,1134.4183,2.5010388,2330.059,717.20703,-19.942871
0.4990721,-14.40314,26.12507,0.04136836,-0.037929658,0.21328175,27.797287,12.74336,-16.785086,-18.434343,33.63734,0.02257561,1.4305444,4.514663,-0.5475406,24.829071,372.06384,1306.5459,5.669903,1146.048,1024.9479,2.7571404,2307.5432,584.6287,-19.15917
0.5029765,-14.094899,22.938179,0.044710595,-0.035669457,0.1950913,26.506126,11.525253,-19.61615,-20.377237,33.352154,0.016079811,1.4420118,4.1094766,1.1392922,24.707497,322.73434,1393.4825,6.528941,1110.1849,978.6828,2.546974,2296.7585,511.28012,-17.940886
0.50728005,-15.954814,22.233114,0.044249427,-0.035985753,0.18282126,28.111826,11.626053,-16.254145,-18.132746,33.153774,0.013255969,0.9531973,2.351986,2.2231786,25.530828,298.06375,1491.6364,0.0,1088.621,1016.37305,2.044453,2266.7292,545.00586,-18.375416
0.48629832,-17.570185,23.97674,0.04896264,-0.038240362,0.16804099,28.788795,10.776427,-14.919086,-17.740969,30.708923,0.011717076,0.66922235,-0.59488773,0.49226227,22.6677,508.58975,1426.4332,0.0,1448.6215,943.5096,-4.256853,2592.6375,610.70325,-16.735903
0.41937456,-16.72455,24.89834,0.07491747,-0.037397843,0.20882483,27.862518,10.027005,-11.222134,-16.937471,28.336859,0.012318701,0.34492627,-2.4657552,-1.2219974,19.190966,736.06805,1281.597,-6.9560523,1802.3213,837.73956,-10.643205,2896.472,670.6506,-14.920501
0.3519547,-16.033897,23.10531,0.0683495,-0.03344466,0.19963789,25.383585,11.5536995,-3.9807575,-15.88398,23.703577,0.012318701,0.34492627,-5.67191,-4.608509,13.71621,700.42413,1389.9948,-6.579742,1795.8008,944.2715,-14.284831,2921.917,644.6844,-13.83171
0.28780475,-13.818961,18.976997,0.05816597,-0.029364789,0.17972928,21.848616,11.440188,1.7066393,-11.547859,21.376612,0.012318701,0.34492627,-6.3254547,-4.201275,11.8040695,476.9004,1548.5707,-3.8242664,1498.0679,1142.1842,-13.213557,2633.4026,669.3316,-14.509093
0.28098935,-12.72388,15.093774,0.03365551,-0.0277644,0.09662471,19.082115,13.93427,5.4253693,-8.376571,19.017878,0.012318701,0.34492627,-6.9264207,-3.5321379,11.8120165,290.98398,1582.9918,-0.7144516,1243.7369,1283.3961,-12.489879,2347.443,686.8074,-16.789696
0.29122436,-11.8351145,14.0597315,0.037012566,-0.025962861,0.08278065,17.016228,13.084027,4.773144,-7.1873245,18.99797,0.012318701,0.34492627,-5.6394134,-1.7019076,14.696736,619.0482,1538.1852,-2.7161891,1587.3295,1179.286,-15.592082,2626.758,670.187,-19.21165
0.2850074,-11.789424,14.09467,0.0331978,-0.025313018,0.082812995,16.640604,13.358434,5.4767127,-5.943208,19.00546,0.012318701,0.34492627,-6.508234,-1.1085527,15.609942,657.383,1411.1459,-4.108154,1618.5308,1136.8988,-14.439822,2632.1738,652.79364,-19.84583
0.2770454,-13.250051,18.132856,0.032432348,-0.02403698,0.09736057,17.733635,14.1856165,4.416715,-4.9504724,19.042816,0.012318701,0.34492627,-8.135265,-1.3243295,15.567162,646.33344,1478.4176,-6.3325734,1574.3428,1188.7365,-12.786504,2610.9036,645.84393,-19.583391
0.26158,-11.509923,16.610271,0.033061784,-0.025948182,0.09856304,15.705869,13.699124,1.5100765,-4.7301326,19.049522,0.012318701,0.34492627,-8.896957,-1.9430348,14.2174425,402.99826,1257.4254,-3.415075,1346.5205,1197.3483,-9.742988,2328.4734,736.1883,-17.796064
0.28568566,-11.360797,17.848251,0.038551282,-0.025256855,0.093454026,13.013196,17.612265,-0.94930047,-4.6068125,18.41477,0.012318701,0.34492627,-8.471456,-2.5012093,14.006172,388.70804,1254.0409,-0.72926027,1332.0519,1157.5914,-10.58585,2307.366,662.0264,-16.309841
0.33330408,-8.23582,13.416278,0.03065177,-0.026335701,0.096639685,7.031866,20.136742,-1.572484,-2.8523102,16.926353,0.012318701,0.34492627,-7.263447,-5.77314,13.5779915,406.2915,1071.5829,4.6722374,1419.8278,894.3211,-9.1162,2370.7327,552.62726,-15.025884
0.37037215,-7.2791176,11.970904,0.027904011,-0.018628946,0.0916563,4.912311,20.910023,1.9130291,-1.5709146,15.398467,0.012318701,0.34492627,-5.7192693,-8.024469,15.787303,643.1783,1106.5277,4.7154098,1658.0576,706.1592,-9.345866,2676.1257,424.57202,-15.405126
0.38937005,-8.652195,13.562444,0.03109236,-0.016312672,0.13221355,9.319124,18.387661,4.529019,-1.5459956,15.467921,0.012318701,0.34492627,-5.192386,-6.533132,20.306337,622.7204,1151.337,7.133358,1635.5892,655.0679,-7.06648,2715.8203,478.96164,-15.751416
0.41235813,-11.553933,19.930069,0.044902686,-0.012338042,0.1819941,18.807028,13.606365,3.8503673,-3.074324,16.316341,0.012318701,0.34492627,-5.3321304,-3.9684448,23.592709,615.9676,1227.5029,-63.681553,1572.0406,760.008,-72.41434,2721.393,631.7267,-77.72898
0.46305898,-14.324149,25.151009,0.05683517,-0.016272804,0.19553274,24.512709,12.392943,0.5025492,-1.3766981,17.050169,0.012318701,0.34492627,-6.3661175,0.0,0.0,350.94705,1198.2079,-56.193817,1302.1393,833.5493,-67.185265,2416.5781,704.8631,-73.307495
0.561173,-14.70631,26.707006,0.056817472,-0.019869385,0.32643837,27.859709,10.891644,-1.4211808,0.9185908,17.867104,0.012318701,0.34492627,-7.6702523,9.30858,33.739616,364.8501,1177.0486,-64.26329,1295.9745,852.8769,-73.90112,2343.848,754.85986,-79.05536
0.5535423,-18.64898,30.144142,0.043150175,-0.02340906,0.5129435,29.388895,15.183187,2.567736,6.410213,18.738031,0.012318701,0.34492627,-7.1914043,10.528545,34.356304,568.4921,1300.4883,-8.018031,1554.4496,879.11914,-19.34892,2648.3506,648.3617,-25.790054
0.5192587,-21.047445,31.98002,0.012177839,-0.024674952,0.65118146,31.851824,16.987448,5.457451,9.408015,18.02048,0.012318701,0.34492627,-6.283812,8.799373,34.16517,523.9683,1570.9979,-17.528585,1464.597,1092.8497,-33.599606,2577.575,700.16046,-38.17101
0.39481997,-23.742157,33.597744,-0.011450689,-0.021154314,0.55412394,30.95606,20.658783,11.042779,9.937812,16.403978,0.012318701,0.34492627,-4.195679,5.740585,33.74442,530.82996,1597.3629,-20.401999,1468.0073,1212.916,-38.187023,2548.4153,716.10126,-40.36318
0.32646605,-25.74414,36.043182,-0.05863561,-0.021084135,0.5018925,30.345938,20.140305,15.979825,10.658137,14.673938,0.012318701,0.34492627,-5.433226,2.1471834,31.287436,520.07477,1665.2977,-20.31987,1482.9725,1432.1719,-35.530155,2390.9072,967.79193,-36.931484
0.2684072,-29.686386,40.191837,-0.08023643,-0.019552192,0.48772836,31.232986,21.472712,22.176971,11.405076,14.608094,0.012318701,0.34492627,-6.9412003,1.3604841,26.605825,566.1709,1523.5153,-18.464672,1628.9857,1413.2964,-30.594496,2543.765,1024.4655,-30.39747
0.27875888,-28.701181,39.619934,-0.08613605,-0.02292274,0.6084716,31.87091,18.844734,24.857058,15.0765915,14.411449,0.012318701,0.34492627,-7.1610265,-0.521441,20.115276,561.1384,1439.9369,-11.8117285,1688.1031,1191.3854,-25.478012,2656.6597,1036.296,-22.644197
0.32642332,-23.925064,32.068127,-0.05672652,-0.022019252,0.473305,30.917135,15.330884,25.05181,16.881071,14.3339,0.012318701,0.34492627,-4.6487756,-3.3275566,11.676391,370.36728,1262.1198,0.042608578,1482.1437,940.648,-23.48588,2504.2202,933.11395,-14.901605
0.37142286,-17.406096,24.58548,-0.03214438,-0.028124055,0.38941804,27.977777,11.29179,24.814219,16.300295,16.663866,0.012318701,0.34492627,-0.8958488,2.2262905,6.896618,379.7512,1074.5681,5.160871,1492.82,650.3293,-21.576668,2453.0024,878.29834,-6.6838603
0.39754,-13.302783,18.236486,-0.024306372,-0.028094113,0.21320821,25.363642,8.243862,26.286104,16.854864,22.99736,0.009773935,0.8315618,2.6060677,8.493214,6.1786823,380.33218,1023.56915,6.5300193,1504.3965,570.2184,-22.595922,2406.1594,851.5992,-3.4584892
0.39802346,-9.870696,13.147461,-0.008014157,-0.030098908,0.16411942,21.99969,7.7255707,26.60203,16.810602,29.340912,0.006983059,1.2796396,4.846972,17.03232,9.475604,373.8153,924.33014,7.1746197,1498.8898,394.63742,-23.575632,2383.7139,774.5556,-3.3360214
0.39565203,-7.6750035,8.871333,0.0094939545,-0.026369398,0.10676236,20.08224,6.3629174,26.62884,17.983232,33.38002,0.0037221927,1.4611918,5.9638753,19.167002,12.63322,362.09555,943.534,5.4635143,1497.0221,347.96887,-26.38199,2392.0125,810.40454,-7.169705
0.38153228,-8.956109,9.696307,0.029893966,-0.029117286,0.11340889,20.33938,6.814153,26.25634,13.876159,33.42279,0.0033975074,1.2222997,5.6980653,22.30549,14.052691,356.4193,951.8216,6.7747035,1499.7643,353.6122,-25.7023,2371.3933,833.0191,-7.2779884
0.35930696,-9.446776,10.960687,0.05004643,-0.02652815,0.13013531,19.856977,6.0872,25.36989,11.778237,33.363804,0.0049643083,1.581047,5.278873,24.400202,16.502739,349.089,985.61084,7.98039,1503.8701,382.06238,-23.5151,2352.527,865.7238,-8.522347
0.34938774,-11.040104,13.047799,0.05746754,-0.024657393,0.13312952,21.161146,6.8067093,23.481056,10.689918,33.259304,0.00777405,2.2459376,4.00122,26.158554,17.072348,346.83435,1038.4731,9.131598,1519.1963,514.7581,-20.922739,2280.3162,913.57855,-7.940748
0.32595986,-10.229459,12.765812,0.07560783,-0.019437345,0.1125969,19.498552,6.5186906,20.724257,10.947871,33.141697,0.009805901,2.8248281,3.240109,26.798023,18.659,307.54254,1228.7383,-60.560684,1570.775,645.47925,-79.63502,2279.5823,1189.8712,-73.00002
0.29907414,-10.471522,13.371823,0.073293984,-0.018373454,0.093463786,20.011633,5.782768,18.412603,9.1751795,0.0,0.0,0.0,0.0,0.0,0.0,527.8403,1671.9072,-130.5927,1646.2936,783.1172,-140.0437,2463.75,1365.2007,-136.3177
0.26215324,-10.3594475,13.091366,0.06986951,-0.02115447,0.086821444,20.360104,5.3171144,18.895533,6.5126266,0.0,0.0,0.0,0.0,0.0,0.0,526.89435,1716.6874,-201.0,1684.9056,887.0717,-201.0,2398.2861,1405.4576,-201.0
0.25278217,-7.784779,11.825387,0.031694945,-0.025418049,0.0943392,13.775131,9.20066,18.686953,3.5626905,0.0,0.0,0.0,0.0,0.0,0.0,584.03485,1565.4532,-201.0,1651.8578,728.0074,-201.0,2489.3088,1238.7899,-201.0
0.2415694,-7.7433877,13.047874,0.01344084,-0.022349343,0.079106286,11.563258,11.559299,16.069025,0.59547216,0.0,0.0,0.0,0.0,0.0,0.0,349.44662,1276.2201,-201.0,1518.9664,818.38055,-201.0,2279.289,1015.0312,-201.0
0.21514602,-7.771745,13.891965,0.013486377,-0.019394828,0.07132877,11.385125,10.62835,9.498992,-2.4896095,0.0,0.0,0.0,0.0,0.0,0.0,382.11548,1218.5791,-201.0,1449.526,822.5662,-201.0,2422.5,1027.5444,-201.0
0.17341733,-10.963021,17.319193,0.015538382,-0.015067021,0.04166235,18.800835,6.24617,6.6526794,-2.3062665,0.0,0.0,0.0,0.0,0.0,0.0,393.99722,1218.4852,-201.0,1399.7701,1060.5511,-201.0,2314.5635,919.7752,-201.0
0.14844616,-12.3440485,18.489847,0.02504401,-0.015801454,0.04222655,23.003977,5.396595,5.917356,-2.2584755,0.0,0.0,0.0,0.0,0.0,0.0,617.82837,1101.1212,-136.65399,1646.942,918.3234,-138.91214,2656.7302,816.8288,-141.23204
0.14297237,-12.5682745,19.78051,0.020721635,-0.018179184,0.03896576,23.359625,6.3219714,7.97257,-1.4182844,19.030624,0.0,0.0,-6.40765,-5.6792107,14.36611,618.1508,1157.778,-136.65399,1637.6573,1011.48145,-138.91214,2603.7021,777.17426,-141.23204
0.14721774,-12.400284,18.605925,0.02282803,-0.013761503,0.037427615,23.000381,7.5896034,5.0750647,2.6209047,0.0,0.0,0.0,0.0,0.0,0.0,565.81525,1453.3461,-104.48098,1557.4899,1219.604,-73.946236,2534.297,844.4393,-76.20521
0.17029138,-9.960326,15.777664,0.02015916,-0.014526598,0.03653815,21.140184,5.2365937,-0.98819065,6.3255754,35.11544,0.0,0.0,1.9679793,-4.6512365,7.279712,376.2781,1517.8834,0.0,1283.9985,1394.9922,-69.76121,2142.298,971.6375,-71.0982
0.26489964,-8.513192,14.244695,0.03356426,-0.009835566,0.09507954,22.585243,0.9777527,-7.8135123,6.797939,35.05781,0.0,0.0,3.3168495,-4.5758867,8.013282,324.38663,1646.5942,1.0209486,1212.6642,1419.2643,-3.2372882,2057.1887,970.17206,-6.817318
0.35964897,-6.330814,15.511813,0.060597423,-0.009976487,0.14141612,24.10816,-4.1094317,-14.163105,4.445499,34.924786,0.0,0.0,5.2394843,-4.6210117,8.620713,339.34045,1478.5732,0.0,1248.1517,1256.4069,-1.4076241,2054.0857,952.8089,-7.3064694
0.421509,-5.8450503,19.010763,0.069011085,-0.00696801,0.15611602,26.57547,-6.952458,-16.313194,3.0470922,34.81454,0.032605,1.0941842,4.97784,-5.067433,8.13413,316.90097,1497.2349,0.0,1245.2391,1232.2933,-0.2328225,2032.7697,985.70215,-6.6834583
0.40991902,-5.521585,22.69729,0.06494682,-0.0052862014,0.10927116,26.910116,-4.3466744,-20.69574,5.218229,34.755234,0.024794802,0.8441818,2.5213017,-6.2637963,5.86199,341.27438,1423.016,0.0,1262.9259,1174.5492,1.1432565,2027.6005,1001.2488,-4.9531245
0.42185196,-5.524456,21.532675,0.054698497,-0.004364764,0.07503602,21.504541,1.3409771,-22.739012,4.1847034,34.765842,0.011192982,0.5259605,-0.24959128,-8.416597,5.1065063,645.7277,1321.6178,1.6438084,1526.1478,1285.7705,0.02284185,2426.983,823.5251,-6.104244
0.47324148,-3.9869547,18.539816,0.05887283,-0.0005167515,0.08329538,14.191569,3.6560595,-23.019915,0.9073861,34.764317,0.0060385563,0.33198193,-2.0440557,-10.117995,6.157688,893.3823,1175.2623,-1.0282596,1801.8529,1312.6621,-2.9355392,2796.2688,660.63153,-9.087386
0.6060483,-1.6001214,13.977489,0.06684465,0.0009496413,0.14051507,6.348205,-0.54578143,-19.503479,-4.191688,34.745583,0.0033972587,0.5453225,-2.7847538,-9.13453,10.097774,1130.9401,1041.2848,-1.528751,2070.161,1240.6454,-6.3193297,3187.3875,438.05103,-12.17035
0.64051527,0.77139705,11.982845,0.056879163,0.0056481496,0.18535624,5.3048744,-5.222715,-14.769562,-6.021618,34.59096,0.007537885,0.55588394,-3.8725846,-6.3157783,14.006538,1061.478,979.0764,-1.1332989,2130.2634,1018.0393,-5.1620708,3173.6086,442.37793,-12.026936
0.6324764,0.30109546,12.185258,0.05901887,0.004391333,0.18979345,6.534584,-5.684507,-11.957625,-6.5814233,34.43698,0.012875952,0.47461116,-4.3264337,-4.591594,17.109636,1080.4923,991.7498,1.0123836,2196.3518,927.07056,-3.5706737,3222.4412,517.91705,-11.681361
0.59974724,0.047547396,11.944221,0.052759036,0.004986411,0.19397211,7.65408,-6.154042,-13.879636,-7.031256,34.23794,0.015997963,0.3691543,-2.7459633,-5.279339,18.998032,1033.9209,1077.5505,-1.0688229,2150.5237,892.87787,-3.3055103,3248.8625,603.87836,-13.4407835
0.5658208,-1.9364446,13.319707,0.068160504,0.002104475,0.19295193,11.620415,-7.0707755,-16.055841,-7.553158,34.129166,0.013307256,0.5184913,0.7513544,-6.322357,21.079998,1027.5496,1121.9457,-5.588667,2103.5144,917.1323,-5.9540305,3213.0667,774.26874,-17.412828
0.50905365,-3.7661493,15.914383,0.054306924,-0.0009892436,0.19812053,14.435843,-7.415128,-16.262241,-5.6020164,34.00707,0.010616547,0.6678284,4.25899,-6.4642677,22.057053,740.17145,1264.3516,-8.415326,1790.8373,929.8167,-5.1047664,2922.4062,904.54376,-19.760149
0.38675773,-5.6828976,19.197304,0.057649076,0.000844247,0.13786532,18.118555,-2.5785553,-12.156512,-2.3686292,33.901917,0.014455407,1.0026331,6.609335,-6.185087,22.52157,517.513,1309.8267,0.0,1561.1764,936.4865,-3.2056255,2626.069,978.96344,-20.681326
0.33162063,-6.8057632,21.82738,0.06080718,-0.0025207496,0.089934796,19.16062,-1.5634989,-12.071368,-2.8103044,33.78921,0.0118660405,1.3569349,7.831674,-6.215946,22.24132,267.5444,1394.4585,0.0,1282.0947,925.70636,-0.95531154,2363.5227,943.4614,-20.772282
0.3134811,-6.905082,22.886896,0.06708129,-0.004741253,0.0571525,21.702234,-0.53113896,-11.939467,-0.84494954,33.64283,0.009262717,1.3792802,8.335933,-6.099771,23.147333,299.71213,1326.9635,0.0,1268.5126,914.4844,-1.6490469,2292.633,911.01855,-21.74849
0.30262467,-7.4936423,24.93299,0.052166495,-0.008118165,0.044957895,24.47158,-0.4696904,-13.592842,2.772845,33.475437,0.002522747,1.1600665,8.410042,-5.8427024,24.62171,336.56824,1269.7345,1.7502699,1284.7157,931.13605,-2.3212435,2250.1504,933.74774,-23.037666
0.28742996,-7.9107003,28.30578,0.047276553,-0.008304982,0.044474006,27.220762,1.4821043,-13.87536,5.8636093,33.2936,0.0031945657,0.8173048,8.42108,-5.573217,25.575256,350.03506,1330.9132,1.7502699,1303.7179,999.02295,-3.5919876,2240.489,1097.6069,-24.225798
0.27362654,-8.4552145,29.844162,0.05781497,-0.006902674,0.04395753,29.210007,1.9103311,-15.5289,3.299957,33.112556,0.0061207004,0.68206316,8.383916,-5.412023,25.118805,351.28833,1341.9985,0.0,1296.7898,1015.15814,-5.0522265,2223.202,1108.2537,-24.283987
0.2631041,-9.017239,29.904634,0.08570687,-0.0066124066,0.047626648,30.697046,1.948013,-14.925044,0.9249527,32.931263,0.006766869,0.51347464,8.345563,-5.606774,23.138113,355.73428,1293.7341,0.19792691,1285.3892,985.3715,-6.417524,2194.23,1031.1459,-22.823547
0.25789705,-9.66783,27.563034,0.08581444,-0.0077465842,0.0432794,32.205746,1.2518768,-13.478516,-0.40761033,32.727394,0.007089196,0.3728703,8.123393,-6.073672,20.518969,380.38736,1162.32,0.31373653,1269.5217,918.5664,-7.5519676,2160.8584,844.90356,-20.205233
0.25269893,-10.374785,26.92333,0.07087245,-0.008284532,0.038674902,33.109676,0.99582386,-10.890541,-0.20803082,32.482044,0.005671146,0.46883953,8.081058,-6.5887547,17.987509,384.58,1121.306,0.5485791,1267.1349,887.3515,-8.174354,2168.081,771.5389,-17.438929
0.24414949,-11.376076,28.626266,0.05679323,-0.011474229,0.037508577,33.30934,1.551284,-12.892655,-1.235318,32.22804,0.00808992,0.46864513,8.167422,-6.7117825,16.242826,371.39807,1244.1338,0.7120666,1281.0948,1006.75586,-7.929707,2131.6985,922.51056,-15.530759
0.23512284,-11.690227,31.292364,0.07232826,-0.011187431,0.037598196,33.542347,1.9228554,-13.181648,0.7112705,31.991325,0.010124317,0.5934191,8.14566,-6.485165,15.365634,367.2495,1359.1066,0.6818741,1321.5415,1120.0133,-6.992109,2100.2705,1164.2167,-14.683759
0.23356368,-11.224315,32.21877,0.08221333,-0.008923359,0.037484583,32.845055,2.408412,-14.482661,-0.5291901,31.752357,0.012021071,0.77122265,7.6182365,-6.024755,17.752481,319.43484,1648.127,0.61302215,1379.5928,1223.467,-6.0973907,2001.0802,2307.8655,-17.203413
0.2332639,-10.942688,31.213812,0.08485981,-0.0065029836,0.03320839,32.589,2.0872672,-10.942277,-0.50102484,31.463278,0.0104473205,0.7892278,6.7844863,-5.306993,19.825268,328.58762,1585.2129,0.0,1387.7769,1141.2474,-6.3176455,2074.516,2354.4397,-19.349556
0.2310548,-10.430041,29.446478,0.0661793,-0.006787639,0.035084616,33.189556,2.0406556,-9.747972,-0.6907646,31.11094,0.009492777,0.637855,6.0922904,-4.2543664,20.878414,331.24313,1461.2412,0.944417,1346.8466,1009.8284,-6.965504,2103.6865,2087.6687,-20.108414
0.2223115,-10.012906,27.735533,0.065416634,-0.005953687,0.04084107,34.552883,1.6731757,-7.7752037,2.5472898,30.729582,0.005212523,0.27890572,5.3205395,-2.7821167,21.39753,372.23193,1197.6327,1.163356,1279.3446,906.45306,-8.159854,2199.8743,941.2509,-20.23417
0.20859814,-10.09653,27.961542,0.06292371,-0.007178987,0.04452492,35.57851,2.8296125,-7.369146,3.6222203,30.319036,0.008868475,0.31248477,3.875657,-1.0727407,20.763597,701.28595,1301.5829,-2.6157813,1371.4884,1257.4769,-13.784232,2441.0173,722.77216,-19.971676
0.19457138,-11.275739,27.23587,0.07576593,-0.006010449,0.045283187,34.660984,4.48998,-4.0367284,0.3826197,30.108189,0.008767491,0.3683078,2.9760485,-0.17163414,21.45451,670.0434,1474.8177,-70.06166,1376.2736,1355.4473,-78.103,2545.4219,1020.61066,-80.95697
0.1678403,-13.067215,25.329971,0.07177008,-0.009612414,0.05222441,32.273182,6.5186615,2.7545269,-0.87573814,0.0,0.0,0.0,0.0,0.0,0.0,907.916,1487.6367,-137.59541,1710.7106,1453.932,-141.95697,2837.5476,1096.2928,-140.55656
0.14063084,-12.467626,21.1825,0.05310282,-0.010527921,0.05214013,28.384638,4.5346713,9.11362,-1.9375747,0.0,0.0,0.0,0.0,0.0,0.0,571.1055,1600.9838,-201.0,1639.9912,1284.9874,-201.0,2665.1482,1736.0231,-201.0
0.120290734,-9.909537,16.70792,0.04442839,-0.009385116,0.042979155,25.012571,-1.0230045,13.907993,-1.6174089,0.0,0.0,0.0,0.0,0.0,0.0,590.2166,1560.7313,-201.0,1637.6617,1277.4497,-201.0,2585.9373,1515.7408,-201.0
0.11963874,-7.9629707,15.330663,0.032898583,-0.00912757,0.026789956,24.326975,-6.045275,15.020287,-2.4883935,0.0,0.0,0.0,0.0,0.0,0.0,358.36856,1623.4384,-201.0,1327.2378,1237.3075,-201.0,2331.8464,1536.1943,-201.0
0.121680714,-7.224764,13.8532,0.047362864,-0.010244925,0.017878689,24.700716,-8.899265,15.825684,-3.3945496,0.0,0.0,0.0,0.0,0.0,0.0,380.1383,1387.6449,-201.0,1332.2797,1051.7831,-201.0,2292.9128,1035.0983,-201.0
0.12191963,-8.124358,13.575081,0.04635361,-0.014458221,0.01843001,25.385141,-7.676687,14.809285,-4.716648,0.0,0.0,0.0,0.0,0.0,0.0,391.6135,1303.8855,-201.0,1380.6437,1000.92755,-201.0,2321.6758,1088.8086,-201.0
0.117847055,-8.107757,12.341224,0.066402644,-0.018127367,0.017971104,24.284966,-7.924892,12.644864,-9.485522,0.0,0.0,0.0,0.0,0.0,0.0,387.02502,1273.6857,-201.0,1439.486,1017.2819,-201.0,2298.178,1214.4371,-201.0
0.11862116,-9.236892,15.365379,0.06640018,-0.023383155,0.021045951,23.703268,-7.8901343,7.3734803,-15.192497,0.0,0.0,0.0,0.0,0.0,0.0,362.0989,1308.9995,-201.0,1470.8888,1046.0494,-201.0,2292.5828,1484.0514,-201.0
0.12033393,-10.30567,18.307713,0.061968263,-0.026925564,0.01850316,22.296494,-6.511438,2.5531604,-17.33579,0.0,0.0,0.0,0.0,0.0,0.0,364.06516,1236.96,-201.0,1462.5677,1009.40234,-201.0,2295.3665,1380.9305,-201.0
0.13065368,-10.778556,19.552217,0.051236104,-0.028273031,0.016343126,15.126437,2.0722482,-5.1459174,-15.568322,0.0,0.0,0.0,0.0,0.0,0.0,361.42703,1128.7197,-201.0,1463.6514,904.8836,-201.0,2367.7014,1129.0835,-201.0
0.1412525,-9.847493,16.669748,0.04412176,-0.028206954,0.0123666795,9.060984,9.311526,-8.224064,-10.286914,0.0,0.0,0.0,0.0,0.0,0.0,378.0703,970.99384,-201.0,1459.246,732.2532,-201.0,2409.055,715.9489,-201.0
0.14918666,-8.900326,15.804528,0.04874735,-0.0274185,0.013470399,4.9200606,12.625286,-12.673206,-8.19654,0.0,0.0,0.0,0.0,0.0,0.0,369.62057,974.1167,-201.0,1469.3698,728.06055,-201.0,2394.716,712.66724,-201.0
0.14255254,-9.021989,17.481491,0.04501598,-0.026179189,0.014764261,8.164222,9.2343855,-13.115028,-7.2923512,0.0,0.0,0.0,0.0,0.0,0.0,381.27917,955.43146,-132.26772,1443.5094,709.9912,-133.14537,2406.4424,700.7175,-133.91972
0.14250423,-8.565778,18.090721,0.055940527,-0.024944248,0.014965929,11.199742,2.9984028,-12.970371,-6.9051857,30.388138,0.0,0.94833434,-1.7534926,2.9831507,10.815405,327.36664,1142.5367,-97.90159,1413.5951,872.258,-69.51439,2362.0618,865.63654,-70.46046
0.15858684,-8.233487,15.318172,0.06751877,-0.027211286,0.022646943,11.973877,0.26348925,-13.174474,-6.6034913,31.95017,0.7394248,0.71801573,-1.769729,2.1088958,11.1176,346.8601,1144.7883,0.0,1415.8629,933.7165,-6.482222,2363.37,869.9067,-8.128428
0.1947002,-7.5606346,11.83086,0.09507227,-0.029389909,0.035904292,14.731889,-3.2929745,-9.9595585,-4.634792,34.14047,0.7394249,0.25737852,-1.069399,0.83579296,8.939254,362.1843,1177.2887,-1.4081713,1427.3193,994.04785,-11.911854,2341.09,934.03485,-9.783163
0.23320968,-6.910372,8.673026,0.11639693,-0.02795093,0.04655601,15.563144,-4.528345,-8.279523,-4.9397583,33.282642,0.7394249,0.25737852,-1.3832173,1.8505483,8.118877,423.82956,1060.4696,-0.6472151,1445.1576,918.9438,-13.730418,2380.9246,803.8647,-8.766092
0.25473797,-5.249712,6.503526,0.102289565,-0.026774675,0.045953635,17.595442,-7.7648997,0.2588307,-4.320732,32.26898,0.7394249,0.25737852,0.1879278,3.0648968,8.178252,424.85574,1031.437,0.40699974,1447.8916,801.7083,-15.577629,2418.55,759.5539,-7.7712517
0.25670126,-4.081859,5.0834603,0.082245916,-0.026793921,0.03911534,17.375196,-9.913175,5.7103233,-6.2721915,32.1458,0.52238244,0.3888348,2.08665,4.1389813,11.029979,418.35178,1032.0806,1.0980955,1446.9503,759.18506,-17.005127,2416.6658,738.4614,-9.931882
0.24357127,-4.49803,6.151685,0.06552461,-0.02906868,0.033459824,17.943872,-8.097318,10.687871,-6.332605,32.11278,0.30534002,0.5202911,3.5332565,5.1009216,12.070241,419.0824,1011.88934,1.5496815,1452.3799,732.8972,-14.317134,2403.786,727.429,-10.520558
0.22897471,-6.1960626,8.782611,0.06457404,-0.029509729,0.030033538,18.832495,-4.6602407,11.142863,-5.4180665,32.184692,0.06513717,0.6589537,3.5742261,6.096373,11.769562,420.7427,1060.9554,1.8463727,1469.8485,794.6927,-10.965705,2407.1624,767.4304,-9.923189
0.2174742,-7.199167,10.278309,0.06669029,-0.031102814,0.028786687,19.331293,-2.6280663,10.32632,-4.678846,32.229424,0.053556956,0.66255695,3.4293246,6.559098,11.282283,425.40762,1063.1036,-65.66657,1491.5358,798.9368,-71.963196,2424.375,783.8498,-73.1881
0.20860136,-7.4929967,10.605404,0.068597205,-0.031161135,0.027062451,20.609098,-3.1557148,10.458159,-4.9153023,0.0,0.0,0.0,0.0,0.0,0.0,425.47464,1085.8251,-133.40973,1484.5565,825.638,-136.46362,2421.2568,781.3474,-137.07576
0.18544142,-8.390926,11.010796,0.083861984,-0.032284986,0.029533723,22.646355,-2.8175957,11.174457,-4.477167,0.0,0.0,0.0,0.0,0.0,0.0,416.657,1088.0826,-201.0,1454.334,825.5224,-201.0,2395.0833,756.4941,-201.0
0.15529002,-12.605099,15.209061,0.08210354,-0.033617977,0.029969623,25.775719,2.9019396,10.595649,-3.614277,0.0,0.0,0.0,0.0,0.0,0.0,568.2536,1116.2059,-201.0,1657.5801,774.2558,-201.0,2651.676,743.94696,-201.0
0.12687159,-16.283854,19.45054,0.0657325,-0.033010405,0.025775893,29.203674,6.7482047,9.091149,-1.129888,0.0,0.0,0.0,0.0,0.0,0.0,515.0284,1371.0079,-201.0,1522.9087,948.3537,-201.0,2563.634,747.17474,-201.0
0.11352744,-19.273252,21.66915,0.05187775,-0.034695294,0.018842196,30.812887,11.167996,9.384288,-1.9156967,0.0,0.0,0.0,0.0,0.0,0.0,668.55426,1344.7804,-201.0,1767.9214,827.4524,-201.0,2841.887,745.8057,-201.0
0.109384544,-18.910814,20.665644,0.05020222,-0.031026458,0.010869407,32.02365,9.127284,10.008824,0.35739002,0.0,0.0,0.0,0.0,0.0,0.0,649.46173,1336.2822,-201.0,1732.9694,883.9766,-201.0,2691.0635,880.79425,-201.0
0.10622859,-19.421707,20.196188,0.05450718,-0.030963533,0.009481132,31.906096,10.092145,13.431084,-1.1833832,0.0,0.0,0.0,0.0,0.0,0.0,836.39056,1057.9935,-201.0,2060.1804,627.46027,-201.0,2974.7646,945.65704,-201.0
0.103122115,-18.982924,20.269709,0.06554927,-0.027126411,0.008815292,31.871428,8.894851,15.878589,-0.7094292,0.0,0.0,0.0,0.0,0.0,0.0,830.18384,1080.9111,-201.0,2041.4772,638.95215,-201.0,2935.9368,1024.8436,-201.0
0.100216806,-18.927893,20.196144,0.06432994,-0.026761701,0.009545761,31.259155,10.534402,17.674929,-3.1953857,0.0,0.0,0.0,0.0,0.0,0.0,851.16626,1083.1332,-201.0,2089.4084,561.5478,-201.0,3077.4053,997.86395,-201.0
0.097293615,-18.306723,19.666338,0.067321636,-0.024316365,0.010721963,30.500273,10.840362,16.555468,-1.6705356,0.0,0.0,0.0,0.0,0.0,0.0,687.28876,1261.2856,-201.0,1805.6284,780.39166,-201.0,2828.0684,878.53766,-201.0
0.10314984,-16.525717,18.167276,0.05693403,-0.022442527,0.013772078,30.85591,7.2820516,15.359408,-0.2817656,0.0,0.0,0.0,0.0,0.0,0.0,532.5456,1370.4061,-201.0,1531.4974,1007.3952,-201.0,2563.0132,786.0522,-201.0
0.11554388,-13.081403,13.659714,0.060828928,-0.024227925,0.01956209,28.802568,2.176375,13.562484,0.13770573,0.0,0.0,0.0,0.0,0.0,0.0,370.02856,1365.2993,-201.0,1278.6392,1102.9277,-201.0,2281.3176,610.324,-201.0
0.13432671,-9.428677,9.867104,0.06224842,-0.024239948,0.02186588,26.329065,-3.4595032,10.875564,-2.283388,0.0,0.0,0.0,0.0,0.0,0.0,403.5453,1180.8452,-201.0,1349.3309,976.80786,-201.0,2315.8643,619.3395,-201.0
0.1411259,-7.3853984,8.17193,0.07456603,-0.021880664,0.02098152,22.504187,-5.348788,6.3878083,-5.5684204,0.0,0.0,0.0,0.0,0.0,0.0,409.28247,1031.3844,-201.0,1372.1069,816.53436,-201.0,2329.9238,553.9319,-201.0
0.13922255,-6.9962163,9.862205,0.072924025,-0.015044808,0.01680796,21.302977,-6.2132707,2.973649,-7.9361362,0.0,0.0,0.0,0.0,0.0,0.0,413.677,1003.9927,-201.0,1335.055,829.01685,-201.0,2308.7107,537.26483,-201.0
0.12782848,-6.2860146,10.621871,0.077890925,-0.0072138794,0.014626384,21.477533,-5.936516,-1.6105927,-6.7714276,0.0,0.0,0.0,0.0,0.0,0.0,409.72842,1019.416,-201.0,1286.5226,840.61664,-201.0,2271.879,505.3378,-201.0
0.123942435,-5.244905,11.410979,0.06770563,-0.0024476885,0.012707953,22.071442,-5.7217193,-4.7602696,-3.385455,0.0,0.0,0.0,0.0,0.0,0.0,410.50366,1066.9266,-201.0,1251.7223,888.2972,-201.0,2247.1543,522.7258,-201.0
0.11731622,-3.912017,12.877014,0.07478877,0.0011525557,0.011644925,22.415728,-4.738877,-7.5166917,0.3442886,0.0,0.0,0.0,0.0,0.0,0.0,369.56335,1191.5533,-138.07921,1207.764,877.64105,-139.84248,2225.9705,534.34735,-144.48962
0.11687819,-3.9456704,15.09982,0.08006119,-0.0023274797,0.011932268,22.27357,-2.092883,-10.482649,2.597,22.448147,0.0,0.4728182,-7.8548574,4.4493914,19.231213,348.01895,1288.7555,-138.07921,1194.7009,906.81915,-139.84248,2236.6628,595.2216,-144.48962
0.12478536,-8.697942,21.795563,0.06926418,-0.00951869,0.035390172,23.518112,8.182684,-12.903915,5.5888805,19.667343,0.0,0.47281823,-9.642788,0.0,0.0,315.811,1518.8925,-76.768364,1194.5609,1080.2079,-79.46661,2245.9712,883.17377,-89.90847
0.12335835,-15.383399,29.743025,0.048098966,-0.016197665,0.056754883,25.662207,17.37033,-9.257358,8.738918,14.343503,0.0,0.47281823,-9.140316,5.9231853,35.358143,329.73325,1552.0497,-79.95383,1233.6592,1172.0273,-80.97706,2261.3079,1126.6993,-92.8287
0.11270546,-19.990648,36.46317,-0.008182309,-0.012465366,0.074122965,25.730314,23.919653,-5.1218204,14.6168375,15.350449,0.0,0.47281823,-4.3291826,8.885835,33.981274,245.57973,1676.5009,-19.430737,1208.4077,1152.8375,-20.815695,2263.4822,1145.9028,-39.071648
0.09220632,-19.999727,38.24533,-0.0454765,-0.0026241976,0.062187046,24.852005,22.947882,-1.8566128,17.98075,16.288511,0.0,0.44886494,-0.018009285,8.980537,31.365126,520.1007,1354.2853,0.0,1600.7222,888.9878,-26.413351,2728.5286,841.4052,-41.172203
0.08332479,-18.428286,38.012554,-0.08165091,0.007817847,0.046901822,24.602219,17.504879,-1.8806705,20.982704,16.807682,0.5344359,0.43688828,0.48915645,10.070241,29.960833,769.87866,1196.4867,-108.62094,1961.3794,823.1797,-86.060425,3090.5293,793.1301,-94.76235
0.08013385,-17.005579,36.910202,-0.078708164,0.011046213,0.03578842,27.301283,11.605827,1.4801445,20.729975,0.0,0.0,0.0,0.0,0.0,0.0,1079.428,916.7881,-139.41396,2328.8994,773.0594,-146.22179,3456.6355,798.10944,-148.5194
0.07983739,-15.815629,36.16867,-0.075410955,0.009309036,0.029221019,31.136728,6.43675,2.5761254,17.70962,0.0,0.0,0.0,0.0,0.0,0.0,811.29376,1137.7594,-201.0,1922.9772,885.7207,-201.0,3039.3523,866.97296,-201.0
0.08144625,-12.547272,30.67616,-0.064343505,0.0100300275,0.03085988,31.446486,5.557112,1.842364,14.846772,0.0,0.0,0.0,0.0,0.0,0.0,558.9636,1283.7878,-201.0,1518.4556,862.3278,-201.0,2709.4783,646.43414,-201.0
0.08139487,-10.8220215,26.923185,-0.06853434,0.008799981,0.025978424,30.041037,5.402845,0.18410808,14.72383,0.0,0.0,0.0,0.0,0.0,0.0,568.9594,1298.3995,-201.0,1546.66,810.5723,-201.0,2704.0881,761.89594,-201.0
0.07912985,-6.91888,21.041945,-0.044671517,0.007346358,0.02784411,26.579584,3.636315,-3.5975745,12.134683,0.0,0.0,0.0,0.0,0.0,0.0,600.9836,1170.7395,-201.0,1554.9706,796.897,-201.0,2672.6182,722.7598,-201.0
0.07660528,-4.875957,19.292938,-0.023427723,0.0017283168,0.017566083,25.815704,2.3513556,-6.024675,9.014638,0.0,0.0,0.0,0.0,0.0,0.0,619.56537,1102.5834,-201.0,1563.4072,802.31903,-201.0,2658.3848,740.13947,-201.0
0.07386274,-3.0122201,16.908186,-0.0012419876,-0.0016590756,0.014923397,25.513475,2.6077278,-9.0082655,4.6764793,0.0,0.0,0.0,0.0,0.0,0.0,393.07547,1246.0801,-201.0,1177.0735,915.2493,-201.0,2311.2773,551.5809,-201.0
0.07184564,-3.0402877,17.045885,0.004771354,-0.004659168,0.006985823,26.55362,2.6057727,-9.455082,2.4605567,0.0,0.0,0.0,0.0,0.0,0.0,388.55362,1240.9628,-201.0,1177.3344,903.5569,-201.0,2312.9387,535.15594,-201.0
0.068863325,-3.7940636,18.243584,0.018078027,-0.0068564746,0.0070313127,26.291811,2.8616168,-10.778371,1.2824613,0.0,0.0,0.0,0.0,0.0,0.0,382.98306,1227.0402,-201.0,1177.9291,897.4749,-201.0,2301.9246,522.5596,-201.0
0.06313149,-6.022623,19.939432,0.054693747,-0.007282102,0.0071478807,27.291504,3.251566,-7.0575786,-1.1572487,0.0,0.0,0.0,0.0,0.0,0.0,340.65793,1277.3436,-201.0,1167.2981,890.41016,-201.0,2279.095,510.0992,-201.0
0.055908266,-10.489396,21.109015,0.079651244,-0.0113600595,0.0069547296,28.218096,5.358625,0.033596676,-0.405269,0.0,0.0,0.0,0.0,0.0,0.0,505.99707,1272.7573,-201.0,1448.192,824.7078,-201.0,2603.0215,613.6383,-201.0
0.04964276,-14.104924,21.793488,0.09468921,-0.011365446,0.00623575,29.697412,6.064049,6.6545854,2.4315693,0.0,0.0,0.0,0.0,0.0,0.0,479.78024,1401.2543,-201.0,1469.423,935.7172,-201.0,2577.0193,744.23456,-201.0
0.04809272,-16.18757,24.459152,0.0925701,-0.0136804255,0.004644576,30.885912,6.3669605,7.4192367,4.1318994,0.0,0.0,0.0,0.0,0.0,0.0,739.5705,1352.5443,-201.0,1792.4873,994.64844,-201.0,2857.9258,918.51807,-201.0
0.0462433,-16.679956,26.5628,0.0995542,-0.011456396,0.0027810012,30.517912,6.497364,8.175368,5.2127967,0.0,0.0,0.0,0.0,0.0,0.0,814.40204,1454.4912,-201.0,1810.8486,1081.7777,-201.0,2830.422,866.9832,-201.0
0.04479326,-17.895592,28.130783,0.103329115,-0.0135086775,0.0024673094,30.21662,8.920838,9.264545,2.6709502,0.0,0.0,0.0,0.0,0.0,0.0,1078.75,1381.7528,-201.0,2129.5378,969.5732,-201.0,3192.1536,820.84204,-201.0
0.04231159,-19.105139,26.953466,0.104679294,-0.017910989,0.0026241448,28.694525,12.57417,11.692946,0.6092968,0.0,0.0,0.0,0.0,0.0,0.0,818.44476,1500.609,-201.0,1796.8955,1023.6306,-201.0,2901.9778,649.0274,-201.0
0.04032697,-19.831799,26.805725,0.09730921,-0.020798549,0.0028193947,27.53251,15.791919,12.520557,-0.02458644,0.0,0.0,0.0,0.0,0.0,0.0,770.1225,1604.2119,-201.0,1781.8822,1160.9481,-201.0,2875.6106,775.076,-201.0
0.03796537,-19.012217,26.481081,0.0996415,-0.019721575,0.0041723265,24.154467,16.761587,15.058528,1.5413013,0.0,0.0,0.0,0.0,0.0,0.0,463.8951,1750.2631,-201.0,1468.5947,1343.8793,-201.0,2521.6506,781.851,-201.0
0.041138414,-13.1889715,21.066889,0.07347258,-0.018179843,0.005324496,14.829974,18.156813,17.136251,-1.8777715,0.0,0.0,0.0,0.0,0.0,0.0,537.95795,1590.0635,-201.0,1684.1844,1482.9834,-201.0,2483.43,632.5417,-201.0
0.048560824,-4.3155713,12.217631,0.06668729,-0.013734304,0.006287229,2.3750546,19.866997,14.119862,-7.313543,0.0,0.0,0.0,0.0,0.0,0.0,388.92294,1247.0695,-201.0,1616.6416,1294.1422,-201.0,2120.7866,327.4619,-201.0
0.05539301,3.8367584,1.4998788,0.055013683,-0.013556198,0.0054356433,-8.862984,23.020788,6.3947806,-12.541814,0.0,0.0,0.0,0.0,0.0,0.0,488.7548,879.7224,-201.0,1730.4215,902.7214,-201.0,2173.1387,138.41725,-201.0
0.05520289,6.730784,-2.4026337,0.086679645,-0.010695856,0.004247955,-13.863545,23.548729,-5.645925,-14.443166,0.0,0.0,0.0,0.0,0.0,0.0,444.72794,766.95807,-201.0,1676.8286,553.2657,-201.0,2270.9744,183.78442,-201.0
0.05018952,6.1960583,-3.1064005,0.07900227,-0.010486074,0.0033264828,-15.097331,22.070856,-11.590634,-15.189801,0.0,0.0,0.0,0.0,0.0,0.0,777.57294,1437.0526,-201.0,1695.358,394.9829,-201.0,2596.0098,302.4004,-201.0
0.046152335,5.740145,-2.4279284,0.06493981,-0.009773597,0.0028145686,-15.686386,21.368078,-17.564468,-18.439283,0.0,0.0,0.0,0.0,0.0,0.0,750.70624,1449.3467,-201.0,1645.8324,534.9156,-201.0,2596.6477,476.48032,-201.0
0.04449491,5.667568,-2.1904862,0.057465743,-0.010042522,0.0023983186,-15.763779,21.091913,-16.248672,-17.862188,0.0,0.0,0.0,0.0,0.0,0.0,749.7684,1414.7677,-201.0,1624.7188,425.56143,-201.0,2627.5293,451.97794,-201.0
0.04276745,6.4178905,-2.9225597,0.06854295,-0.0072931913,0.0022831645,-16.390642,19.4815,-17.351336,-18.701952,0.0,0.0,0.0,0.0,0.0,0.0,721.9245,689.45166,-201.0,1771.3452,324.08264,-201.0,2752.2415,565.0822,-201.0
0.03808252,5.7642574,-1.1700854,0.08252489,-0.0068732332,0.0021009492,-14.064754,16.180944,-13.971566,-16.801352,0.0,0.0,0.0,0.0,0.0,0.0,625.6476,854.60547,-201.0,1759.4795,349.75302,-201.0,2793.7332,346.36435,-201.0
0.032529097,4.372213,0.6772642,0.08740335,-0.0034936937,0.0018619878,-11.909463,11.295365,-15.057926,-17.805758,0.0,0.0,0.0,0.0,0.0,0.0,612.8029,950.1663,-201.0,1737.5361,483.57602,-201.0,2795.7737,430.2821,-201.0
0.028523102,1.1288792,3.9094849,0.088665284,-0.0048202123,0.0017422916,-6.589012,12.408664,-7.8354626,-12.222571,0.0,0.0,0.0,0.0,0.0,0.0,271.44492,1077.5028,-201.0,1461.0428,623.4283,-201.0,2525.2039,229.78767,-201.0
0.025636122,-2.6648536,7.768479,0.11741465,-0.0068080514,0.0014960081,-2.7155094,14.244191,-5.513933,-7.7911067,0.0,0.0,0.0,0.0,0.0,0.0,374.00342,1078.7753,-201.0,1474.4808,766.701,-201.0,2449.0696,450.60767,-201.0
0.022893975,-5.6835485,10.284927,0.11246705,-0.011824961,0.001239781,3.1631658,16.555593,-0.9282148,-3.5675995,0.0,0.0,0.0,0.0,0.0,0.0,422.6355,1141.5736,-201.0,1468.1881,1016.1225,-201.0,2371.2263,573.75696,-201.0
0.019287445,-6.3333898,11.589986,0.11435472,-0.016190318,0.0009054062,4.9903636,13.740407,-3.4664547,-6.373574,0.0,0.0,0.0,0.0,0.0,0.0,427.44888,1095.8892,-201.0,1464.942,1055.7133,-201.0,2366.6594,641.4648,-201.0
0.019012613,-4.668671,8.77332,0.09743414,-0.014815934,0.00069413165,3.9178305,11.751183,-5.2157497,-7.7549,0.0,0.0,0.0,0.0,0.0,0.0,413.8086,1071.0614,-201.0,1466.5381,943.4792,-201.0,2429.7288,707.75415,-201.0
0.021131724,-1.0501316,5.371364,0.09795672,-0.015024665,0.0007736197,-2.2326908,11.474071,-9.205703,-10.978141,0.0,0.0,0.0,0.0,0.0,0.0,393.47,1008.1473,-201.0,1560.3461,672.26025,-201.0,2502.6008,1037.667,-201.0
0.023141941,1.1070052,2.5775843,0.11255529,-0.009814751,0.00080912485,-6.6198254,15.615246,-13.101555,-11.42673,0.0,0.0,0.0,0.0,0.0,0.0,634.15356,1294.1084,-201.0,1783.7032,634.0091,-201.0,2702.591,947.1967,-201.0
0.024273412,-2.043021,5.7179337,0.11919063,-0.008872082,0.0016547038,-3.7329922,20.811167,-9.238121,-11.994441,0.0,0.0,0.0,0.0,0.0,0.0,852.5136,1546.2319,-201.0,1975.7814,549.37823,-201.0,2969.0725,681.0054,-201.0
0.025553994,-8.323818,11.446343,0.13827612,-0.0046001463,0.0027704553,6.397039,19.373354,-0.19045322,-6.9374256,0.0,0.0,0.0,0.0,0.0,0.0,845.22,1520.6459,-201.0,1867.0942,559.909,-201.0,2885.408,287.1279,-201.0
0.025505668,-15.049144,17.818129,0.1553664,-0.006609652,0.0031015996,16.443155,14.499684,6.7336965,-4.5275116,0.0,0.0,0.0,0.0,0.0,0.0,571.931,1374.121,-201.0,1619.0641,738.29474,-201.0,2552.7654,486.12015,-201.0
0.024192983,-16.048033,18.45954,0.17052484,-0.011588838,0.0030074362,20.172651,7.6453815,5.6899223,-3.9560878,0.0,0.0,0.0,0.0,0.0,0.0,346.96317,1123.9481,-201.0,1389.8451,871.4292,-201.0,2170.4846,645.5991,-201.0
0.02226223,-13.956017,15.359349,0.19357002,-0.01491879,0.0020393413,21.223572,3.7293587,1.5029411,-5.4739947,0.0,0.0,0.0,0.0,0.0,0.0,307.33365,1299.8082,-201.0,1327.6841,1014.0452,-201.0,2141.719,657.51373,-201.0
0.021437189,-12.046898,13.270233,0.18166995,-0.015161268,0.0017509162,22.368273,2.3873346,-2.5328214,-6.8866324,0.0,0.0,0.0,0.0,0.0,0.0,313.49133,1308.0856,-201.0,1254.7335,1011.5781,-201.0,2152.261,579.1383,-201.0
0.02170881,-10.869979,12.438374,0.17607558,-0.0105260955,0.0009560219,23.213541,0.9120455,-3.8343823,-8.833598,0.0,0.0,0.0,0.0,0.0,0.0,303.36057,1365.1149,-201.0,1200.962,1017.95874,-201.0,2177.386,546.4572,-201.0
0.020637004,-11.291222,15.460135,0.14632173,-0.010112372,0.0008162971,22.68654,4.50782,-5.838739,-12.941216,0.0,0.0,0.0,0.0,0.0,0.0,335.9155,1259.5398,-201.0,1194.6334,933.6745,-201.0,2227.5732,480.67587,-201.0
0.018680163,-11.886477,18.842844,0.15599269,-0.0070925695,0.0010344762,20.17343,8.307885,-3.485217,-12.513955,0.0,0.0,0.0,0.0,0.0,0.0,579.79425,1167.7704,-201.0,1551.0312,774.39264,-201.0,2623.3125,421.54623,-201.0
0.016249692,-13.363988,23.96121,0.15003867,-0.0047820928,0.0010985757,18.303429,12.194331,-2.0475547,-8.929471,0.0,0.0,0.0,0.0,0.0,0.0,492.27463,1256.9575,-201.0,1557.1523,764.6126,-201.0,2683.1357,449.00024,-201.0
0.014201388,-15.376445,27.133484,0.1448708,-0.0044541373,0.0009019523,16.655922,15.739754,0.89484876,-5.5601006,0.0,0.0,0.0,0.0,0.0,0.0,470.44632,1329.2089,-201.0,1585.1235,835.6009,-201.0,2711.159,493.37802,-201.0
0.013382281,-15.623811,27.48951,0.12548822,-0.0052438625,0.00045653107,16.485039,15.770305,2.4471047,-3.7194567,0.0,0.0,0.0,0.0,0.0,0.0,207.75989,1435.9575,-201.0,1260.9062,950.64453,-201.0,2397.694,551.2513,-201.0
0.013064851,-14.51278,25.205153,0.12278718,0.00056492444,0.00040592285,15.376212,16.107763,5.846147,-4.5447383,0.0,0.0,0.0,0.0,0.0,0.0,545.4715,1215.392,-201.0,1613.1068,847.9338,-201.0,2665.8962,523.2713,-201.0
0.013529967,-12.861911,23.556982,0.1316794,0.0050232816,0.00049736566,15.602229,13.022527,5.5528316,-5.0304837,0.0,0.0,0.0,0.0,0.0,0.0,828.2128,1029.7792,-201.0,1957.37,669.8571,-201.0,3006.4736,479.99252,-201.0
0.013939274,-11.320946,21.047148,0.1393672,0.007450109,0.0006619858,15.828013,11.879926,3.1615293,-7.702276,0.0,0.0,0.0,0.0,0.0,0.0,840.83936,974.0418,-201.0,1933.3656,630.10565,-201.0,2984.8958,413.92612,-201.0
0.014056955,-10.688992,18.812555,0.14258885,-0.00047515333,0.0006197937,16.72924,9.715645,1.3028221,-10.987282,0.0,0.0,0.0,0.0,0.0,0.0,593.8948,1021.9507,-201.0,1600.1094,630.9248,-201.0,2704.7756,338.5851,-201.0
0.013080083,-10.71033,16.717775,0.14130588,-0.002472053,0.0005318872,15.27654,10.3747225,4.201372,-9.116672,0.0,0.0,0.0,0.0,0.0,0.0,316.74545,1131.546,-201.0,1277.7572,681.13947,-201.0,2348.098,347.7289,-201.0
0.011850953,-11.375148,16.270903,0.1189863,-0.00454434,0.00036900488,15.180789,10.234645,5.818381,-5.828748,0.0,0.0,0.0,0.0,0.0,0.0,307.7156,1189.7103,-201.0,1301.8552,728.1377,-201.0,2332.3262,410.84988,-201.0
0.010492885,-12.145302,17.78045,0.10060177,-0.0026689712,0.00032082212,15.324147,10.630501,8.318476,1.4744692,0.0,0.0,0.0,0.0,0.0,0.0,280.28433,1297.2169,-201.0,1336.0913,789.10767,-201.0,2310.2195,579.0512,-201.0
0.009451862,-12.818008,19.01866,0.083450966,0.002233517,0.00027037016,16.371288,9.85091,9.739467,5.456852,0.0,0.0,0.0,0.0,0.0,0.0,255.60692,1409.4288,-201.0,1321.8776,892.8299,-201.0,2287.4978,652.11127,-201.0
0.008578033,-13.447139,20.996073,0.08856064,0.0035919708,0.00025085956,17.04361,9.5026245,12.192975,8.846841,0.0,0.0,0.0,0.0,0.0,0.0,521.1153,1429.9536,-201.0,1595.901,1008.93146,-201.0,2527.9363,919.6154,-201.0
0.008184885,-13.265205,22.165281,0.0845953,-0.0012289708,0.00025168018,17.060194,10.377738,10.422008,7.040699,0.0,0.0,0.0,0.0,0.0,0.0,556.0754,1399.2843,-201.0,1579.9756,1045.6362,-201.0,2539.9915,874.4195,-201.0
0.0077507985,-12.889436,22.745062,0.074763454,-0.011170867,0.00027454473,17.68701,11.094079,7.624723,4.225614,0.0,0.0,0.0,0.0,0.0,0.0,622.78033,1274.0702,-201.0,1629.8063,1058.4928,-201.0,2569.92,936.3924,-201.0
0.0068663354,-9.303856,19.129295,0.061520845,-0.00763539,0.0003368764,13.973872,9.718661,5.3710837,0.715579,0.0,0.0,0.0,0.0,0.0,0.0,396.6715,1255.8641,-201.0,1352.1879,972.6138,-201.0,2366.1172,647.23206,-201.0
0.008672313,-4.025043,13.168546,0.06860589,0.0029336335,0.00045783547,9.672295,1.9309931,-1.524181,-2.4185283,0.0,0.0,0.0,0.0,0.0,0.0,627.9012,1196.8153,-201.0,1611.7772,955.06494,-201.0,2678.7073,535.69464,-201.0
0.010423156,1.6375126,7.6925697,0.080448695,0.017065471,0.00047653264,3.119465,-3.020422,-6.561699,-2.6048105,0.0,0.0,0.0,0.0,0.0,0.0,689.1259,1118.4388,-201.0,1634.4025,1545.3971,-201.0,2567.908,615.07745,-201.0
0.012618504,3.5483234,4.963165,0.0958151,0.018049354,0.0004561297,-0.37969398,-6.3910623,-11.773936,-3.9677174,0.0,0.0,0.0,0.0,0.0,0.0,688.8772,1075.1746,-201.0,1687.5479,1768.0641,-201.0,2448.4329,802.17487,-201.0
0.011338961,2.7181885,6.289927,0.10108719,0.019001221,0.00034200054,-1.4200453,-4.7144604,-10.424984,-4.5491495,0.0,0.0,0.0,0.0,0.0,0.0,499.3915,1018.66864,-201.0,1524.1024,2099.448,-201.0,2051.235,1026.3198,-201.0
0.008592359,2.2699509,6.9601727,0.107941926,0.01531548,0.00033987986,-1.2037361,-4.4860835,-8.187663,-5.223576,0.0,0.0,0.0,0.0,0.0,0.0,465.57974,929.697,-201.0,1522.4086,1451.4796,-201.0,2178.6243,859.61127,-201.0
0.0049583013,3.454767,5.631262,0.10887603,0.016628848,0.0002584269,-0.29961696,-2.7436085,-4.3119526,-3.0701077,0.0,0.0,0.0,0.0,0.0,0.0,490.92603,806.4089,-201.0,1517.2441,1183.2675,-201.0,2284.1458,773.3804,-201.0
0.0020589745,3.032236,2.3739026,0.11702695,0.017630838,0.00016051506,-0.40654254,-0.7786946,-0.77701265,-0.29996583,0.0,0.0,0.0,0.0,0.0,0.0,500.3139,717.0809,-201.0,1474.2047,821.6859,-201.0,2395.5151,663.1332,-201.0
0.0010339657,1.9609057,0.0,0.12347887,0.02064441,3.6976697e-05,0.0,0.0,0.0,0.0,0.0,0.0,0.0,0.0,0.0,0.0,0.0,0.0,-201.0,0.0,0.0,-201.0,0.0,0.0,-201.0
0.0010339657,0.0,0.0,0.13269739,0.022185652,9.588568e-07,0.0,0.0,0.0,0.0,0.0,0.0,0.0,0.0,0.0,0.0,0.0,0.0,-201.0,0.0,0.0,-201.0,0.0,0.0,-201.0
0.0010339657,0.0,0.0,0.13269739,0.022185652,0.0,0.0,0.0,0.0,0.0,0.0,0.0,0.0,0.0,0.0,0.0,0.0,0.0,-201.0,0.0,0.0,-201.0,0.0,0.0,-201.0
0.0010339657,0.0,0.0,0.13269739,0.022185652,0.0,0.0,0.0,0.0,0.0,0.0,0.0,0.0,0.0,0.0,0.0,0.0,0.0,-201.0,0.0,0.0,-201.0,0.0,0.0,-201.0
0.0010339657,0.0,0.0,0.13269739,0.022185652,0.0,0.0,0.0,0.0,0.0,0.0,0.0,0.0,0.0,0.0,0.0,0.0,0.0,-201.0,0.0,0.0,-201.0,0.0,0.0,-201.0
0.0010339657,0.0,0.0,0.13269739,0.022185652,0.0,0.0,0.0,0.0,0.0,0.0,0.0,0.0,0.0,0.0,0.0,0.0,0.0,-201.0,0.0,0.0,-201.0,0.0,0.0,-201.0
0.0010339657,0.0,0.0,0.13269739,0.022185652,0.0,0.0,0.0,0.0,0.0,0.0,0.0,0.0,0.0,0.0,0.0,0.0,0.0,-201.0,0.0,0.0,-201.0,0.0,0.0,-201.0
0.0010339657,0.0,0.0,0.13269739,0.022185652,0.0,0.0,0.0,0.0,0.0,0.0,0.0,0.0,0.0,0.0,0.0,0.0,0.0,-201.0,0.0,0.0,-201.0,0.0,0.0,-201.0
0.0010339657,0.0,0.0,0.13269739,0.022185652,0.0,0.0,0.0,0.0,0.0,0.0,0.0,0.0,0.0,0.0,0.0,0.0,0.0,-201.0,0.0,0.0,-201.0,0.0,0.0,-201.0
0.0010339657,0.0,0.0,0.13269739,0.022185652,0.0,0.0,0.0,0.0,0.0,0.0,0.0,0.0,0.0,0.0,0.0,0.0,0.0,-201.0,0.0,0.0,-201.0,0.0,0.0,-201.0
